,2021-10-01,2021-10-08
0013ea8d-f647-4664-b40f-57bb96f800e5,0.7360512018203735,1.0153483152389526
001476f9-a9d5-4128-8210-e2c4879ce505,0.8889573216438293,1.3168548345565796
00325ba7-fcbe-4bab-8c4f-f70cfe80ea46,0.0,0.0
003ca3a3-c298-4253-9f1b-7f6a1a097ca6,0.0,0.8310753703117371
00505b61-f978-44ee-92e8-c082c4482ac0,0.0,0.0
0050f3a5-e24d-45d7-9ce1-f046a54adb96,0.0,0.0
0051069d-cdc3-467b-9034-31f5e0eeb005,0.5606208443641663,0.957434356212616
0057c657-ac2f-4141-881c-3593859ef092,0.0,0.5287659764289856
0057dca9-9c70-4708-9697-909e5711a7f0,0.0,0.0
007153b7-e0b9-41dd-a0a8-30901524ad20,0.0,0.8542131781578064
0072f5ac-ec83-4183-8757-47a7e26a8d86,0.0,0.0
00778d9b-f669-4f39-b4d4-493ab085a536,0.5839430093765259,0.8883968591690063
007ecee3-1492-4cb9-9a53-82d951ea2f01,0.0,0.0
008971aa-a279-40eb-998d-a2ca2a26e7a4,0.6666833162307739,0.8785865902900696
009983f0-6187-4b99-9240-2299566529e2,0.6147428154945374,1.0001728534698486
00a9de30-4258-4863-a7f9-e9788bc29b8f,0.5396422743797302,0.6663267612457275
00c4db22-a423-41a4-ada6-a8b1b04153a4,0.0,0.625802755355835
00cbc9d7-ce7c-46e8-87fd-774fcd1ad03e,0.5841289758682251,0.7789781093597412
00e18892-bbf4-4dfb-b231-9d76b7299bee,0.0,0.6119182705879211
00ec51da-dae3-4624-960b-e0cc9a911718,0.5053295493125916,0.565119743347168
00f1ff7a-6c24-44ae-9d47-d78533773a93,0.0,0.0
00f4f052-a244-429e-b091-08f88d1f4d09,0.0,0.0
00f7e783-ebd4-46d2-8bd1-c4ab87199426,0.5187680721282959,0.0
01011989-1913-405b-a52f-80220df7876d,0.0,0.0
011df06d-650c-40e7-bd56-d2f305c1bff9,0.6810665726661682,0.9167400002479553
011e46e4-00bc-4fb3-be3b-d31e22e880f2,0.6041535139083862,0.7074049711227417
0125850a-5d2f-46d2-9873-0066edcfe334,0.5368910431861877,0.5910670757293701
01337282-fb38-45ea-a4ba-d046fa7f79f3,0.0,0.5627092123031616
01609391-dfb8-42e7-9806-6b2fb7a23e07,0.0,0.0
016144d3-14da-4f27-a62a-03f7c2b0a9df,0.6631354689598083,1.0870248079299927
016837dd-3b5f-4fed-a555-a05da5efbe1f,0.0,0.0
01705743-de45-4cef-893f-3856b5cbb662,0.5327911376953125,0.8277926445007324
018cf1a1-f945-4097-9c47-0c4690538bb5,0.0,0.0
018d455b-a485-499f-858d-b2f09c0dc75f,0.0,0.0
0193ab07-d62b-4660-9f26-5e890dbe7c46,0.6697986721992493,1.0479531288146973
019470f5-b5ac-4f0f-9a88-dc0e2b0af7a3,0.5585423111915588,0.6892399787902832
0195f974-1f43-41a6-9acc-42896477ab61,0.5448197722434998,0.7264086604118347
01a73b68-64ab-486e-a9a5-a9c9a6f3f6fb,0.0,0.0
01ad3790-e684-4829-950f-01368856c94e,0.5183616876602173,0.7143950462341309
01b35227-af96-4f9b-894b-391bd1ad1e4b,0.0,0.0
01b7bb5e-0c0f-4263-943c-ff9a249847ee,0.0,0.0
01c8c6e4-9db3-4085-a4f6-f191bb014e70,0.0,0.0
01c95d67-a86e-4784-8473-45162188f46c,0.5039711594581604,0.0
01e9eea8-0e61-4aeb-ad57-e89135510ead,0.0,0.5175052881240845
01f0f6e2-574e-424f-98a1-6b823752932a,0.0,0.0
01f39cb1-66c7-41c9-96c4-0fa4baa98851,0.0,0.5211414694786072
01f53e53-8ffc-4b74-a6d4-808e242b44b7,0.8122700452804565,1.2052077054977417
01faba06-9dba-49f7-92cb-ceaa16bdab2c,0.0,0.0
01ff2bb4-67b6-43ae-8506-53282bf27a6a,0.6254922747612,0.6842628121376038
0209240a-0dba-494d-a0b5-bff00c00d0ef,0.0,0.0
0219357c-527c-4a54-a00c-9573d9ddaf47,0.5886247754096985,0.8833907246589661
022780fb-57e6-4ffe-9212-0c7daeb13bed,0.0,0.0
02486797-e82a-4007-ac80-410c03a31c6e,0.0,0.0
024d24a6-fa03-4953-b50d-b0ef42d222c2,0.0,0.7688076496124268
02546ef5-0e70-4c45-9582-8463dafcec86,0.0,0.5154507160186768
0268c537-5cf9-4c2b-a1fe-ff64944b1796,0.5101505517959595,0.5926830172538757
0274c1a7-8069-41bd-88f8-5e8d9e12be31,0.0,0.0
02835e9e-2bf7-400b-9a33-779563f1e930,0.0,0.0
0295665e-82a7-464a-a496-0124625392d6,0.6242239475250244,0.7726346850395203
029b869c-e14d-4951-8962-c06e9e60aa89,0.0,0.0
029e2603-322a-4f62-bc1c-f3da75cd2265,0.0,0.7042710185050964
02c52c70-df0c-4349-984a-8caca4cd8eb8,0.5656861066818237,0.7459110021591187
02c81990-3038-437a-be9f-bb76d3e7693f,0.0,0.5562692880630493
02cbb2df-9830-4fe2-b7f5-03ba8a4e34b2,0.0,0.579598605632782
02d04a43-bde7-4952-938b-37a5562d69a4,0.0,0.5470736026763916
02ed331c-90ba-49dd-8b51-39a5fe448578,0.0,0.8048883676528931
03058382-7125-4e15-b58a-76fb220f158b,0.0,0.8150267601013184
032f5da3-da09-4e3b-8ec0-68bcc4f3f9f6,0.0,0.568881630897522
0340b93d-ab1c-44b8-9ccb-8341bbf8022f,0.0,0.0
035c0ae3-5c88-4498-a7fe-d095f7d83de3,0.0,0.5753156542778015
035c3ff5-ccde-4434-94f7-9d4b64b19617,0.0,0.7637237906455994
0366ca92-01fc-42e7-b680-03d9d1374491,0.0,0.0
0366e6a7-fefa-4187-a556-cc26609d9c92,0.8066726922988892,1.2318593263626099
0369f043-8568-4f29-9800-d9b0f667f33d,0.5055138468742371,0.5579726099967957
03776833-19ad-4c2c-8b0b-75bfb49a183f,0.0,0.0
037e8c82-798e-4785-8c9e-a98a38bd76be,0.0,0.0
038264ee-7ca0-41b4-8f27-55a53896ee87,0.0,0.0
038a7de7-7704-4266-b562-5e6d6928de7d,0.0,0.0
039dca15-5d29-4cef-aad4-79d5b2de066a,0.6011136770248413,0.7668076753616333
03a89ff8-7f5a-4b04-b143-771deee60255,0.6512578725814819,0.7827210426330566
03bfd3cb-c0d4-481c-986c-b89ce1656732,0.0,0.0
03e20c1b-af33-40ed-aa44-6ba7264f412b,0.0,0.0
04072ca9-0a7a-43a5-a57b-829e3525c001,0.530531108379364,0.5995681285858154
04235ebf-f64c-44cf-b604-1868b798b27c,0.0,0.0
0426e0b0-389f-421f-a115-90f6eba81276,0.0,0.5462088584899902
0443995b-f761-4514-a461-350f401715a1,0.0,0.6526508927345276
044ae40a-ebf2-46bc-9b51-66d1454887b8,0.0,0.77971351146698
044f2583-60dc-4d38-94eb-d2c77d52b845,0.0,0.5116022825241089
04549cd3-b094-4c3d-af14-310178872bec,0.0,0.758857786655426
046a2746-ef98-4576-9ff2-511a052c1aca,0.0,0.6021926403045654
0487436d-1d79-4471-8207-7efce42489c7,0.0,0.0
04910e5c-e613-4843-b19d-6a676e46ea90,0.0,0.0
04915a27-bedd-4ecb-ad0b-b7a38c90fb0a,0.6020185351371765,0.666611909866333
04945d00-aa04-4176-b40e-5022a83e1579,0.0,0.0
049a46cd-15c2-45b8-8f73-25221c9acebe,0.0,0.5095973014831543
04ac59fc-2d32-461a-9882-7e6616900aea,0.6213589906692505,0.9042344689369202
04ae08e6-0a38-43ae-902a-34acc8b8f98d,0.0,0.0
04afdc09-9f4f-4401-9351-25f6fce7a1b5,0.5179063081741333,0.8265825510025024
04afec81-b376-44cd-9d4f-70060ab6b2c6,0.5120970010757446,1.0699769258499146
04b1b98a-d151-41cc-b5f2-0050139d5ae9,0.5841763615608215,0.6310364603996277
04b21d75-e0a7-4089-88c0-7b6b1771d6c3,0.0,0.63420569896698
04b95d6b-852d-428b-ac37-c83d0f3399f6,0.0,0.5119289755821228
04e1cf76-ea0d-49a3-95e5-e52e46135176,0.7466305494308472,0.8342930674552917
04ea7ec1-d270-4d01-a8de-6a3b6ddf2892,0.5438359379768372,0.7604203820228577
04ee8779-7ccd-4bc6-b4e3-38e519e5bb6b,0.0,0.0
04f277f7-3d65-43ca-b172-e3fd701418cc,0.0,0.6415680050849915
04f4634a-3367-4645-b2af-9719b5679f8b,0.5369301438331604,0.5997335910797119
04fa0c5a-7cc7-45af-882d-0329fe7045e0,0.0,0.593899130821228
050f7a2d-5feb-492a-a549-47db328ca3ea,0.5316091775894165,0.6477094292640686
0513d54e-45c5-48fd-9365-ea93037142f2,0.8605479001998901,1.225324034690857
052b8ca3-3f5a-4d57-8fe6-ee55275baa48,0.5087834596633911,0.6069380044937134
053d9118-b5ed-47a3-8319-0f145f244a4c,0.6733128428459167,1.138182520866394
05575c51-5215-4fc3-b455-9ad4b56d4f86,0.0,0.0
056b3777-54bc-4be1-81e6-ccaead6cf064,0.6350606083869934,0.7736877202987671
05749ae4-bdea-4cd1-b40f-af7643fcc157,0.5280970931053162,0.647005558013916
0578e1ff-45d7-4fe9-a28a-f4b669c123ef,0.0,0.0
05791146-2450-43bf-9ed7-db6fb507142a,0.0,0.0
058bacc8-5d39-43b8-91d7-c9b8a8bf5d0a,0.0,0.790640652179718
0598145c-77b0-462c-b9c6-7bb3eabf26cf,0.5110286474227905,0.7806475162506104
059cfcba-89cc-4f3a-8665-3831ab242fab,0.755895733833313,1.0470136404037476
05a391c8-b0d1-4a80-af4c-85b1a63785ec,0.0,0.0
05a68ca6-986e-400b-acf3-ef06f59ab86b,0.6755960583686829,0.7825949192047119
05ab3786-2df1-45eb-981a-a9ad882442c5,0.6419464349746704,0.7057183384895325
05ad05ff-a1f6-40e0-a441-d9a7ed8268ca,0.0,0.5750184059143066
05b16864-bfd7-410e-a82f-c726609d0976,0.6043402552604675,0.7108721733093262
05c08a4a-e688-4b49-97e7-6194f7e0a68a,0.5959112644195557,1.1355905532836914
0606d5db-153d-4fc5-bb55-a3fe512fa8d4,0.0,0.5696690082550049
06121571-8dbd-4fac-a0d6-aa5d3ad12359,0.0,0.0
0624ef1b-5ebe-47c3-ac83-9fc757f6d5e9,0.9311792850494384,1.2446787357330322
062844c5-d8c4-49c5-a714-d8ec4b512154,0.6435016989707947,0.7713794708251953
06292529-e9de-4238-87b5-2c65163a7d5b,0.0,0.5861515998840332
06531465-cca6-4076-99ee-96bb48b0a577,0.0,0.0
0659fd60-d26f-4a69-8ab6-c04b6f03dc35,0.6522238850593567,0.7126932144165039
06783937-fe9c-4a22-97da-3790805f44d0,0.0,0.5610677003860474
06856366-6527-4209-935e-0a62ec66609a,0.5193158388137817,0.6517317295074463
068d151f-2874-4fee-8a27-9abfe76aaff7,0.0,0.5634486079216003
06a556ab-afde-4404-95a4-cbdb0aceaf14,0.6616787314414978,0.8405083417892456
06b50e90-1529-40ce-9355-d78d05c729c8,0.0,0.0
06db6a18-15e1-474f-b6c8-d2d35d843ae2,0.0,0.0
06e0e263-8f5c-4a66-8d49-70e62e235c5f,0.5682897567749023,0.6414132118225098
06e3a3f8-77e4-4518-af3b-e9e0083eafc8,0.0,0.5104292631149292
0703c155-be7f-46b5-89e8-25d65f8deff8,0.0,0.0
07170ea4-3087-430f-ac31-40335767b6a9,0.0,0.0
071dc22a-2346-43af-8ab5-db3a5bb105e0,0.0,0.7403077483177185
07226700-537c-430e-adfb-85a9b8dbfb6d,0.0,0.0
072699ac-c568-411f-a6af-ab964803ab31,0.5689546465873718,0.7987014651298523
072e2b2d-04c1-4259-b876-295575726506,0.0,0.5664092302322388
073bc20c-6948-4d07-b53f-734b071e27f8,0.0,0.5364713668823242
073f7631-d19b-40ed-8be9-4efdc7aa5adf,0.5718703269958496,0.6470808386802673
0749e15a-30e0-4469-bd4b-67eb1062a572,0.663650631904602,0.8055911064147949
074de542-e0d6-4f29-a6f2-6ee8ae487c97,0.0,0.5530261993408203
07509d76-428e-4dc1-84b2-3299c7bf7540,0.0,0.7031665444374084
075da5e8-3295-4ec9-8932-0a4e46b1babf,0.0,0.5143476128578186
076369ea-11b8-468f-ade6-9d57ea3f3bae,0.5150699019432068,0.7989185452461243
07722c60-7f43-4ac7-a9d8-df09d1dc5c69,0.0,0.6038942933082581
078a1635-2a9d-47c0-a5d4-1b902e96c268,0.6361506581306458,1.0416399240493774
079ac67e-70ab-4b0c-b16f-d5ed823189e8,0.0,0.0
079c5b54-4b19-4ab2-bbd3-695eb64e4ebf,0.0,0.0
07aac397-831e-4f2f-93f6-8db3b7908c05,0.0,0.5072547197341919
07c7c366-cffb-4093-b100-42c18a4d3702,0.0,0.0
07fa7b95-9669-46b5-881f-1a93a57903db,0.0,0.7950130701065063
0819f584-b809-421c-a925-81422b5e9a4d,0.5220487713813782,0.6933586001396179
082403cb-a0d6-488a-bfaa-d4a4a8687c96,0.6923372745513916,0.8617346286773682
082e3de7-e434-44db-b2d4-05512fb9dec0,0.7738942503929138,1.1483620405197144
082f3b2c-c325-4f5a-ae7e-11e45044c8d7,0.5544143915176392,1.0397343635559082
083b3001-2b7d-42e6-acf7-5183fb1b6f7c,0.5122226476669312,0.0
083df5f7-5363-40da-82da-3f5c88b867e4,0.6635255217552185,1.0019185543060303
084108ae-f947-45d7-8010-fce9dc20a051,0.5987303853034973,0.9830477237701416
0880513a-fd6d-4da0-bb30-df7dfeb6aaf2,0.5514663457870483,0.8347131609916687
088aa34a-51c9-4aee-abf8-f52f11dbc1f3,0.0,0.0
088d2941-d99f-430f-9024-f6dfc63f7024,0.0,0.0
089383d4-c9ac-45fd-bb48-4b1a78cf5fe0,0.6780140399932861,0.9466533660888672
0894f954-9a39-452b-8612-80c5b0567b4a,0.0,0.0
089a2c59-c054-4a31-a65c-375eabea6f29,0.5497758984565735,0.55348801612854
089bdc1b-06cc-40da-bcbc-b9563eaae8d1,0.0,0.0
08ac353d-7352-4ec7-9d1f-11e34acc6842,0.5382659435272217,0.8484674096107483
08b0596a-93db-40bc-a6c2-9e7b51b5e527,0.5616532564163208,0.6516107320785522
08d6915b-b7a7-4dd0-bbd6-ed7855f24a52,0.0,0.0
08e24232-8ea1-46a4-8f0d-1ecc2a35c02a,0.5401045083999634,0.5453628301620483
08ea38e3-0a75-401a-9dd1-9277631f54f1,0.5314931273460388,0.7715798616409302
08fcd0b7-cb9f-45cc-b9a7-2a51dd938622,0.0,0.0
090395c5-ebbf-45c6-935c-f1de235268c5,0.0,0.5249694585800171
09403287-5645-4770-9805-7411e23512f0,0.7587430477142334,1.0842397212982178
0945c272-5cbf-4cf1-b425-0f990a791d1f,0.0,0.0
09519964-8bba-40f9-9607-5d0964c13907,0.0,0.599982500076294
095c7b2a-f9c8-46dc-9566-5e393c5f7381,0.0,0.6341109275817871
096a9be7-7935-4ee8-b1c6-7ed07a8eabd8,0.0,0.5244231224060059
0971ec17-f13d-4ff9-832d-cc757912ef05,0.7053147554397583,0.9650765657424927
09855ad7-42b0-47d0-8faf-28a6871fddfb,0.6032912135124207,0.7041342258453369
09867bd8-938d-48d8-a76b-c3c3158de00c,0.6763259172439575,0.9270654916763306
0995cde5-b037-4990-88fc-a9fd7571ac70,0.5841265916824341,0.8486939072608948
09ad5195-d6a8-4fde-b335-bff329a40bac,0.5335757732391357,0.8083717226982117
09be9d4a-85c4-4f1f-b886-c0ca8b9f586f,0.0,0.6791400909423828
09c80421-94b1-449b-87c0-4945ad3d6949,0.0,0.5744746923446655
09ca3a44-df5d-4dd7-a166-ce7c208401ea,0.6063233017921448,0.9804283380508423
09d5ce40-915e-45c0-ac16-36ff85d36d66,0.5194375514984131,0.5701375007629395
09dca6c3-9802-46e1-9a85-0ea7c9477724,0.0,0.5062647461891174
09f6e4cc-ca73-4485-bfff-395c0196bbb4,0.0,0.7025752067565918
0a072567-e7b8-47ba-bca9-724432135e06,0.0,0.7035654187202454
0a094e90-f55c-4c19-afdd-1cb5b0fc4af6,0.6171348690986633,0.6462367177009583
0a10216c-bd42-43b1-982d-0b33163e7249,0.5168595314025879,0.636351466178894
0a18246d-5b64-4e0e-9ff7-d98634342a50,0.0,0.0
0a33f0e6-5172-4907-bca8-cbb36caf8605,0.0,0.5756277441978455
0a3d6e45-0e43-4419-89d3-39eb44e194d4,0.0,0.0
0a5484c8-fa95-4d26-8fa9-1f7783f4cb7f,0.5373523235321045,0.6122138500213623
0a573dc7-b2b5-4bdd-ac1f-22b8827ad338,0.0,0.0
0a5d9163-a21b-406f-84e7-5d2e4ecc7752,0.0,0.6172123551368713
0a64800e-fbe2-44f7-87cf-c141ede2433a,0.0,0.648254930973053
0a699920-31bf-4800-9e29-614bb5239349,0.5535330772399902,1.0201483964920044
0a7006c0-b3b2-47e1-830e-7da7f86e5c27,0.6903486251831055,0.7570600509643555
0a92bf1a-b52d-4fda-a0b9-99cb3eeb6e44,0.5206993222236633,0.7240437269210815
0a93fc48-683b-4173-a57a-b3bc169f1fa1,0.0,0.5639281868934631
0a94cd29-78f1-4d5d-88e0-e7cc62b3e3c3,0.6029552221298218,0.9261630773544312
0a980b2b-a214-4b29-87e3-0e710c2d5eda,0.0,0.0
0aa7e0f6-1163-44a4-abe8-db8e4317766a,0.0,0.7370505928993225
0abe09c3-a34f-4164-b72f-2be9c390d05d,0.0,0.6113820672035217
0ac57d9d-1b4d-4350-a930-c532ff4789e8,0.6322218775749207,1.009692668914795
0acde152-0d59-4e8f-ba31-159259b37454,0.0,0.0
0adbd1c4-dc8d-40fd-bea1-842fba2b8167,0.6468896865844727,0.9914939999580383
0b1cc888-4f7a-4a9a-9bd6-1403d81d81d4,0.0,0.0
0b26e882-5cc0-43b7-aff2-34bd28efd1a9,0.0,0.6905450820922852
0b2ed16f-d41d-41b4-bf39-2d5cb227e716,0.0,0.0
0b435bb1-2afd-4b40-8c00-40f2bf91c7d0,0.5588839650154114,0.6378364562988281
0b456996-d7d4-4d1f-9071-62a6a1a493fd,0.0,0.5910575985908508
0b4e84f6-bdc3-4b43-9011-444ee2f30cec,0.0,0.5036697387695312
0b636879-562a-464c-8048-65c061077faa,0.0,0.0
0b7ace45-1d8c-48fa-94bc-390c575a0a3b,0.0,0.6692460179328918
0b8aad72-3b27-4581-835d-6428196876c4,0.5501608848571777,0.570679783821106
0b8c7466-bdb8-4919-8a8c-60c0b86ff71c,0.5402726531028748,0.6583413481712341
0bb36e89-ae7c-4c44-8f1e-096e1e12b677,0.0,0.0
0bbfa881-c7b3-4481-8ea4-a8ee5da4200e,0.6529180407524109,0.8566662669181824
0bd7a86b-ea6f-4089-966b-cf0a9116dbb1,0.5379807353019714,0.6126613020896912
0be43379-b1f5-4877-96e0-53dbcef32bd6,0.0,0.0
0bee7446-2a8c-445f-9c6a-c7e960377574,0.0,0.5483976602554321
0bfc308f-3fef-4aa9-b821-932fa1742245,0.0,0.0
0bfcaf8c-d884-4aa0-92cb-b61b53c46fd7,0.0,0.5383422374725342
0c143938-7ce6-48b5-8d7b-caf70ab1629f,0.0,0.0
0c18b648-35c9-4123-9027-998e8b93ef2a,0.0,0.0
0c1c33bf-e345-46fb-a126-1f20f6c69a3b,0.0,0.0
0c5e7a0d-82a5-4eb1-a150-3ae0717e22dd,0.0,0.0
0c5f3f99-9f7a-410d-a1b7-736be8a2df87,0.5594394207000732,0.6863257884979248
0c72cab3-39be-4e34-81d1-cc65dd05f4f0,0.0,0.0
0c8b3187-e84d-44a8-b5e3-a86b10db104c,0.0,0.5838305950164795
0c9d470a-7d99-4454-9737-caf635024e24,0.0,0.0
0ca073ac-1b66-4ee4-aec2-f5e3a7cbdfc6,0.0,0.5999815464019775
0ca81060-4d78-4621-887a-cf5a245bada9,0.0,0.0
0cb53cc0-9a3f-4af2-a5fd-79aea7278fae,0.5310220718383789,0.7304099202156067
0cc78ee5-7a0a-43c8-804d-1fbd5a573eea,0.5556874871253967,0.9524078369140625
0cd0a44b-f1e9-4696-808a-540ff0ec4f75,0.0,0.0
0cddd02a-080d-4729-8ad0-7cdf9c71e203,0.0,0.8148989677429199
0ce45d53-854b-4c90-ac5b-4d01961985c6,0.0,0.606645941734314
0cea9a14-6e2b-41d6-866b-6b11e56c349d,0.0,0.0
0d0d1d53-007d-4be5-bfe1-69d49e1ef4a4,0.0,0.0
0d0f4dfa-c201-4e6e-8be1-3a4269accd8f,0.0,0.567070484161377
0d2f77fa-461b-4371-96af-d5f05fb88f68,0.0,0.0
0d30a78f-6b09-4985-b403-718382e2e8ca,0.5895584225654602,0.8591311573982239
0d4d6c93-2994-472a-92bd-daea82a90f58,0.0,0.5924456119537354
0d4e27a6-a3f8-440e-9073-4f87dd160303,0.7142505049705505,1.0518959760665894
0d4fc87d-1b06-4786-a1bb-a56f285110a6,0.5277755856513977,0.6594273447990417
0d569ee9-48e5-48d8-9862-c6bb17088e3f,0.0,0.0
0d7e7342-e265-476f-a7bd-160440b74153,0.6234173774719238,1.0031951665878296
0d87fc2f-6eb9-4448-9046-4f7284a621b2,0.0,0.691600501537323
0d8a9996-a3f0-45a8-948f-dc2dfbca30fa,0.0,0.0
0d8fae21-db23-470b-b66f-d0b4c4eee8a0,0.0,0.0
0d9f82f0-5167-4810-bf57-4751fadfa22e,0.0,0.0
0db10713-aa7f-4457-8212-3be1264f494a,0.0,0.0
0dbbe2af-5b42-4087-9b72-1ec4fcbe5410,0.0,0.0
0dce5d72-fb04-495f-9e45-7d5195c81e2b,0.5470594167709351,0.5787972807884216
0dd5bd82-eb98-450e-93a8-18ddb1d1bb5d,0.0,0.0
0dd5f64b-7b7d-4c00-8b69-6f5fde5156e9,0.0,0.6669058799743652
0df1ce24-cf20-484b-802a-a1f8f776b913,0.0,0.0
0e001917-c5ea-47c0-8fb9-5fcd46cd2fd4,0.5980966091156006,0.7321302890777588
0e0b9dc9-12e5-4d90-910e-b10a22de4a9e,0.6491683721542358,0.8928962349891663
0e0cfa98-6969-4d83-b0d9-64f98c7976f0,0.6556241512298584,0.8640899062156677
0e15292f-a8a4-47f0-9957-109483e7115c,0.0,0.6556745767593384
0e285868-c610-46f5-97dc-2e9b73b575d7,0.6281415224075317,0.7761839032173157
0e2e256e-6e2e-4c2c-bd25-7afc30c63fb4,0.6719445586204529,0.9020141959190369
0e3db324-bfea-4f76-bddb-83d30c2999fe,0.5013362169265747,0.6137003302574158
0e3ff277-794b-45c5-9c81-6a8a7a3f6603,0.0,0.6540487408638
0e40cb7c-297b-4453-afea-cd9535654dad,0.0,0.659046471118927
0e67506d-b2c1-4160-ac50-1952dd34b7c1,0.654908299446106,0.6297311186790466
0e6cafe0-e7f7-45e8-abf8-f55f6d22ce25,0.5855435132980347,0.8919814229011536
0e781c52-ecb5-459b-9aec-b34266999dff,0.0,0.0
0e82664d-6c7f-4b40-b4b3-35537962dee0,0.0,0.0
0e8d33ab-87d7-4cab-a46c-6b4456c6caa3,0.0,0.0
0eb724bd-0fe7-43fc-bdf2-1536adff92ad,0.0,0.0
0ee821ab-363a-498f-9211-c83f02e5d95e,0.0,0.5690119862556458
0eecdf4c-abb9-4d6c-ac09-2ac3c995b583,0.0,0.8130868673324585
0ef4be16-1ca4-4889-93a1-d6977636b3fc,0.0,0.5157796740531921
0f1db9f9-13c5-493a-bc75-4e8b3483cd87,0.5566355586051941,0.9538415670394897
0f2725f1-af04-407e-b73e-8c4fc4b23b9a,0.0,0.0
0f39d211-5f7e-454c-b789-f5877438b0a7,0.6895468235015869,0.8507714867591858
0f3e2a23-b6e2-46a9-b70a-c11e2f8e97d8,0.0,0.6457820534706116
0f5166d9-b5d7-4662-abcd-b9d8b4e3dabd,0.0,0.0
0f5dbba2-563b-4250-9036-2bc60ad29e41,0.5416781902313232,0.8359912037849426
0f72e7ac-5dd4-48a5-9e45-c4f26de72809,0.0,0.0
0f747d26-64dd-4b5b-a42c-6ca9dacd4d78,0.5616962909698486,0.7260183691978455
0f7ae7da-767f-4d10-a9f7-292bc8ed77ee,0.0,0.0
0f8009f4-a7f1-49c6-9d79-fde54413a1f1,0.5195585489273071,0.833459198474884
0fa38200-35c5-450b-bb19-8f6b3bef9995,0.5547975301742554,0.6602903604507446
0fae42b0-dd41-4823-8708-69ef48adfa6d,0.0,0.0
0fb025ea-00ab-48b1-b075-55d95b6113e8,0.0,0.5957238078117371
0fb0dcc1-adf7-40ef-bd47-7d269bed4830,0.0,0.7889513969421387
0fba0b6a-9b91-4a96-bec2-80c5c5741d10,0.6329376697540283,0.7941402196884155
0fbbf198-9c28-472e-9cc5-3cd9f95f9abc,0.0,0.6686789989471436
0fbd7ff0-8d43-4502-9b69-1b1e4eff0080,0.0,0.0
0fcb7810-02d4-4941-9aae-b348223dca2e,0.5015324354171753,0.5724090337753296
100652aa-72b6-4262-afb0-162c940af99e,0.0,0.6630051136016846
10085443-5441-4253-8490-d9deea6e5b5b,0.5835756659507751,0.8849999904632568
1010e863-3eb7-4a5d-a6f9-9935826a73db,0.5424574613571167,0.6100530028343201
101243a9-588f-4a6e-9d95-601eef435041,0.0,0.6090989708900452
101b5ebf-84b5-4bdc-a43e-32e1ea95ee21,0.6806183457374573,0.9432147145271301
104a1024-c798-4289-86e0-78500200bcc7,0.0,0.0
10561c53-ec67-4bae-9287-aae2178ec9ee,0.6081982851028442,0.7077766060829163
10593f59-0948-4ade-9888-75e6c31d55ca,0.0,0.0
105c49ca-8b75-49d3-90e8-342a7f5cc8f8,0.0,0.6232919692993164
107b27d9-8852-4539-a4b0-e4c28afd1857,0.5091199278831482,0.8587896823883057
107bab5a-62d7-40be-af77-e9cff26364c3,0.5115868449211121,0.5935741066932678
1083db51-220b-402d-b0d2-f7bbc9a2d932,0.0,0.0
108556f9-ad68-48df-a9bf-25c87e2f766c,0.5907958149909973,1.0795410871505737
1089c7a2-9510-4574-a54f-164e94a35fa0,0.5361822843551636,0.519826352596283
10943c43-2acf-4be1-b8da-c0e49042ec04,0.6120815277099609,0.8847986459732056
1099dc8d-d309-438f-a1ac-5684b324db60,0.6414512991905212,0.7816420197486877
10a258b0-75a1-43ae-973b-a42b3849b4b4,0.635002851486206,1.0183970928192139
10a940ff-ac39-4eb9-afc2-a392e25dd7d0,0.0,0.5807437300682068
10b913f1-87a5-4cb3-98ea-01de2e2115c6,0.0,0.6232672333717346
10c1b159-2957-4ec5-91cc-c910b206842a,0.500872790813446,0.0
10c847ea-54eb-4bc9-b642-76228fac19b0,0.0,0.0
10d70975-815e-48bf-b729-ae7728adb19e,0.5608399510383606,0.609641432762146
10e00bfe-c7b4-4ab5-9376-b07cf562221b,0.6100817918777466,0.9960174560546875
10e18575-7527-4017-b6f9-a1c0700ced77,0.0,0.0
10f16df3-93d1-4f4f-9dce-1b12b950a23c,0.6091607809066772,0.8891270160675049
1118b6e1-88e5-4077-bdcb-763d45e2c85c,0.630832314491272,1.0082718133926392
1119cd1c-0eda-496d-83d1-9e7b6a8caad4,0.513850212097168,0.8020318746566772
111e7b48-e67d-44a2-8dfd-b6e193b47434,0.0,0.0
1132cff0-4fab-4d24-8e47-dd3cab11d397,0.5271727442741394,0.8055192828178406
11374ae2-1e3b-4ee1-9d6c-cbf01b70564f,0.5561186075210571,0.6342753171920776
11465a49-7d77-49ea-9623-61dcb735bcab,0.597260057926178,0.6722301840782166
11537d9f-d57d-4a7c-8d03-4558c10bb36b,0.0,0.0
117255c0-fb66-44ec-9b81-7f708b593c73,0.0,0.5657663941383362
118e8fd4-90d0-4495-a9fe-1c59f7f7e32a,0.0,0.6397163271903992
119609f8-dbcb-4bc6-8e02-36ea3527304a,0.0,0.0
1196c17e-4a6a-477c-9ecf-6e06f49135ca,0.6159881949424744,0.7648015022277832
11a44c53-9b47-4f05-bbde-012037e40395,0.0,0.0
11bd415f-8aa0-4809-9811-a13918b2a170,0.5076956152915955,1.047781229019165
11bfadad-0619-4537-a4fa-60c3ad9b5684,0.6248655319213867,1.0008528232574463
11c11ee9-50be-40a7-9aae-20c2b1752b30,0.0,0.6111254096031189
11d4ff42-e743-49fe-9eb4-8ed5f7ffc62b,0.0,0.5337005853652954
11d84147-8c6f-4705-b98d-ac38219929e2,0.6095475554466248,0.995932936668396
11d9d08e-0406-41f3-bcd4-b92b81376f78,0.6289508938789368,0.9033294320106506
11e0b08f-69ca-417c-9983-51387e010983,0.8270071744918823,1.1184107065200806
11e2e5d5-d8f6-4e98-ac7b-bf9fdf49696b,0.6830708384513855,0.8327235579490662
11f8d153-eb7e-4117-a18e-9f2f71521bc4,0.0,0.0
122ebdce-53b2-4cf8-8189-5035ed54c71d,0.0,1.12288498878479
123587ed-d60a-46e0-8358-e38179f65efd,0.0,0.0
123d86cd-1836-4ad4-81ed-10b73d09b0c3,0.5567120313644409,0.66960209608078
124530c3-5904-4104-8d4b-a68d8492ae9d,0.5716797113418579,1.3923463821411133
12509ce0-e6c4-483a-95d1-4cf6168850c6,0.0,0.5458517670631409
1254cb8c-edf1-4d02-9276-c7b9ce99d857,0.0,0.0
1268e8c7-1ca7-4c8b-9e10-0df42389f2dc,0.0,0.6147807240486145
126ab73a-0d38-445e-b672-82b96980e5bb,0.0,0.6337516903877258
1274f545-ee19-4d2c-8e06-e86a736b1991,0.0,0.5635024309158325
12960c79-42be-48c8-8517-a6bedb9e22bb,0.5230844020843506,0.8980045318603516
12b2c165-85c1-4a1a-8c18-8d1a1d8afbae,0.0,0.6731882095336914
12bd3e82-a9a3-4140-9d78-0cf008c886dc,0.5758060216903687,0.9027400016784668
12ef3af1-8c99-4cb3-a69b-95f396a2dd0a,0.0,0.6839282512664795
1326c6c3-634c-4581-b5c3-8202638aff3b,0.0,0.0
132f6127-9f4d-4787-9158-52a4546e6c77,0.58240807056427,0.9478431344032288
134e2e14-2af9-4e9a-8ab0-460930a57972,0.6166084408760071,1.0023492574691772
1352b3f4-9484-4091-8727-e552191ff7ab,0.0,0.5245631337165833
13615727-aa36-4905-afd2-3dfeb1e3b8d1,0.5569443702697754,0.7415887117385864
1372cc9c-2578-42fd-96be-2475b5f4bafb,0.0,0.0
137a152a-86ca-4d9a-8a9b-9cc2a4b92b59,0.0,0.0
13975ef1-9a64-40d0-bc3e-0ce2c76028e7,0.0,0.0
13c1c1ea-73ec-4bea-b057-3e24b0201458,0.6175274848937988,0.6729997992515564
13c259db-49de-490d-9f15-133c3155aae9,0.6283687353134155,1.0128628015518188
13c355f2-c561-4281-bb86-02ce7c71d814,0.0,0.6820997595787048
13c3b806-1977-486f-a5f6-40498f2e5277,0.0,0.0
13dde06f-b3ad-4b92-9fbf-283b5e447a6b,0.0,0.0
13e747a8-6522-49a0-ab87-59d991a958b7,0.0,0.0
1407be7c-9ae2-494c-b604-a909c0a1d328,0.0,0.5156424641609192
140f08a7-5bc2-42bd-9fbb-806cccacd152,0.513023316860199,0.5579241514205933
141c850b-315e-42e4-bdbe-56263d45cee0,0.5160472393035889,0.7836664319038391
141e78ad-f3e8-4788-a20c-0c4e51d550a5,0.6249271631240845,0.6829522252082825
143849ce-8008-4d76-bf9f-9fd4fb5d7999,0.5707581639289856,0.8837748169898987
1438a219-985c-4983-b1c4-9cb75bc4c1e6,0.0,0.0
14480a6a-e56d-4a4d-91c9-ce52f2025fa1,0.0,0.0
14589b02-e99d-4223-a36d-3d41d0c909f5,0.5971346497535706,0.982404351234436
147d5eb4-e574-47e4-994a-8a2908c06050,0.0,0.0
14a727ff-ab2e-45d9-92a8-b78c8c1c6aea,0.7149468064308167,1.1137845516204834
14b23592-df1b-4142-9b74-c5df7ad31ed5,0.5559322834014893,0.9210602045059204
14bbbcd8-50b2-4747-8bea-7f395922a4c9,0.0,0.0
14bf7e7e-0b1c-4b67-a7a4-4c5f9978bd9b,0.5490034818649292,0.5729101300239563
14c5b15e-efd3-4881-a6a2-3a846f59970b,0.6352354884147644,1.0162678956985474
14d47d59-02f6-4ea3-87cb-e7eeeb4374aa,0.0,0.5102744698524475
14d804f7-d6ca-4676-966a-9eecce8eb497,0.580646812915802,1.300330400466919
14e135a4-bcb6-439b-9b50-58626b16f858,0.0,0.0
14ebe9ed-c3b9-4395-a1a8-5574542a28d6,0.5690824389457703,0.8507962822914124
14f1e651-bd4a-47ad-97b3-d0a45ba70292,0.5598728656768799,0.5779730081558228
14f316ca-af57-47b7-a8af-38656d624777,0.6264152526855469,0.7129558324813843
14fb2292-f1a3-4709-b962-576c17ade8ff,0.0,0.6044050455093384
15061ded-d21e-4ed8-9656-68f8323fdac4,0.6680485010147095,1.0216296911239624
15078a51-6120-4cbc-872e-555444acc59b,0.0,0.0
151342c0-cee4-4514-980e-7545e4cf8e9e,0.0,0.0
1513830d-853d-4910-932d-a725b23f7e45,0.0,0.5052908658981323
151e1eaa-3cb4-475c-a112-31732c1c829d,0.5319595336914062,0.674314558506012
1523b580-bdbc-463c-981b-8e995d15d67d,0.5801612734794617,0.7879347801208496
152e992a-8089-42e8-8c9b-85daf2d6f485,0.6886218786239624,0.8482550382614136
1533036c-4394-47f0-ad54-56de4a444a49,0.6177123188972473,0.8231721520423889
153c121f-d6e0-4f4d-a3d6-f013a5c40c15,0.0,0.6085864901542664
153fdb4d-acd5-4808-b0b1-7987ada06b29,0.0,0.6185760498046875
15495263-169c-4f12-9a9c-27757baff629,0.0,0.6954854130744934
154e9002-5a72-46db-8173-c9381d006aa7,0.0,0.0
1572982a-abd3-400b-ad95-1306e044e4be,0.0,0.0
15a29ccf-6bcd-48ca-bdd1-28ef33c3c202,0.6801289319992065,0.8381437659263611
15d5083e-6001-4721-a8c6-f237dd0fc193,0.709230899810791,0.9413557052612305
15d87480-fd9b-4432-8f65-387ce67fe364,0.0,0.5826818943023682
15e48dbd-bde1-4982-858a-700fdeefc6cb,0.0,0.0
15f35447-57cf-4443-901d-f0c2f59df7aa,0.5510502457618713,0.6071981191635132
160e68f9-ce13-4cd8-9257-f1fd29c864ed,0.0,0.5044798851013184
16146b8b-58d5-46d7-aa31-4dac9a5962cd,0.0,0.0
163185e3-02c8-487c-a1ce-0f51bf0a666c,0.6594510674476624,0.7547237277030945
1632a24f-fc19-4fa6-8446-f0218726c9a5,0.0,0.6050271391868591
165b9fc8-5fb0-4e13-9673-d67f99fcd8bf,0.630176305770874,0.9219520688056946
16603d90-cd12-4be8-8b0f-6ba572d20995,0.0,0.5090416669845581
167fa9b5-7ffd-43e3-acd5-c4527dfea9e7,0.5362871289253235,0.8168439269065857
16a6c6ad-a2a5-4ece-a66d-5d4b050115ec,0.5131314992904663,0.670347273349762
16ab6150-bf6a-4557-9f33-246b29a0b927,0.0,0.0
16b4b624-ae48-487b-810d-a187ff0e424c,0.5080026984214783,0.7066186666488647
16d32e45-268a-4417-aef0-4f2ed5c4cdf9,0.0,0.0
16d9ea90-fa71-40f5-b41e-b6c36e08eb32,0.0,0.0
16f01852-531f-46ce-8351-43911ef31c5b,0.0,0.7247100472450256
16f33c15-bfb1-4223-aeb6-a235f612aaeb,0.0,0.6409110426902771
16f4f3d1-8841-4866-b199-aac63ac2e65a,0.6268897652626038,0.69310063123703
16fca960-c119-4561-99b4-aab1622f2fce,0.6340851783752441,0.8095091581344604
17091909-b2d0-4609-8008-76db6cc33adc,0.5673292875289917,0.867987871170044
17122897-9882-4a41-baf6-f9966714d71c,0.0,0.0
1715dfd4-0f69-4545-bfbf-2cd1750eb160,0.6040061116218567,0.9788422584533691
171b9987-ff41-42c0-a380-810189504830,0.0,0.5464804172515869
172330c0-c6c7-404c-88af-d6ca97dd0273,0.6238256096839905,0.7309098243713379
172a9500-f45e-4961-8f66-bf78c7a9e109,0.0,0.0
17539b7e-77e5-43a4-b848-47020db409ec,0.605080246925354,0.913033664226532
1753acaa-2b59-4866-8886-3b097fb7997a,0.5361160635948181,0.7875268459320068
175411e7-0a3f-4d66-afac-d81c0282985b,0.7008436322212219,0.7710382342338562
175f5ae9-2450-4807-99ea-46bcfd16dfd3,0.5694353580474854,0.6372621655464172
1774bf9c-9616-427c-bb42-f517a509b2d2,0.6067950129508972,0.7058197259902954
1784f4da-6b89-4e19-a972-646224b3c5a9,0.6279081702232361,0.6954153180122375
178bfe70-a9e5-44ff-a632-e3ce85d57098,0.0,0.0
17a02e1f-f677-4bfa-b2d1-52663e3e22b4,0.0,0.0
17a4fbbf-a5d0-49d8-b8c9-6b97079d4567,0.7790087461471558,1.1442992687225342
17aa5b6f-0bee-4a77-bece-cee639cf20c9,0.0,0.0
17b6f947-b6e0-4633-9451-2b753e589eee,0.0,0.7251461744308472
17dbe6f4-1323-4b2c-a409-7a8620db9229,0.0,0.0
17f83485-2f37-487e-a86f-c1d478122aba,0.0,0.0
17f8e906-5eb2-4324-a9bc-02233e3a5a40,0.5978615880012512,0.9915118217468262
17fa2e9e-3583-48fb-a539-ae06e88d639d,0.6069396734237671,0.985806941986084
1813b350-11f4-49e2-a815-2b3da9b6e4ca,0.5064963102340698,0.5703302621841431
1814272a-4817-4ed6-8208-d804abb05462,0.6293052434921265,1.0084779262542725
18266892-6254-4407-a094-484d1c6cefdc,0.0,0.6575503349304199
18361971-4dfc-4365-a231-1165e213cd87,0.0,0.7090102434158325
183ed131-0e3b-4cc6-aad8-cf6794ac82af,0.551445484161377,1.0151300430297852
183f70c1-07a3-488a-9bd8-c099554eea2b,0.0,0.5429693460464478
18474f9c-e3d6-4ecf-aec8-3d975d2b0778,0.0,0.0
185ebeea-025e-437d-9952-f865ae8a7243,0.6883047819137573,0.8441328406333923
18851bd1-7a5b-486d-b66f-b39e0607fd51,0.0,0.7953880429267883
18967b59-1f85-4bb9-9c89-e7e5c8370f13,0.0,0.5384432077407837
189ef003-ca94-4dc3-afe8-e4781e78f2ff,0.794910728931427,1.0864382982254028
18c25ccb-4a07-4372-82ef-4775c2cb49d3,0.5760263800621033,0.808275043964386
18d2b220-4f15-4da9-9e23-29b9b62bde8b,0.786941647529602,1.0529327392578125
18d3faa3-5395-4232-80df-4c53dcb9745b,0.0,0.0
18d5e5dd-a3c0-43ad-a184-0985490cb818,0.5268424153327942,0.5592359304428101
18db0194-f52e-4ee1-9fa1-acbb9d761ce4,0.0,0.0
18fd2469-bc4d-4a4e-99d6-26eb5333ca88,0.0,0.6145642995834351
19003fc2-6ad6-47dc-a701-361587c50117,0.0,0.0
1908d5c4-fb42-4693-9c34-81b8af344a48,0.0,0.0
191e0e49-615b-41e5-9f40-86e63cccc692,0.6124038696289062,0.9003687500953674
19226532-ef7d-4e01-b4b6-0f4d9b1355ff,0.6968798637390137,1.272465705871582
19240640-d75e-45ff-806a-66f13f30b1fa,0.6870927214622498,0.8860943913459778
1934e1da-53ab-4317-88ea-62b93751a170,0.5332595705986023,0.6922580599784851
193fe3e5-d828-4ef9-b842-634cc0571b78,0.0,0.0
195ec2a9-bc6b-4933-8a82-c5e0564e8e47,0.0,0.5685282349586487
195f3d57-37de-45c0-811e-a631eab0fbeb,0.6456140875816345,0.7726666927337646
1964c32d-3111-4d30-bf45-960587a54f91,0.0,0.5676817297935486
1978b273-3296-4371-9e66-db8602430d6e,0.0,0.0
1979e175-70c5-4cb9-8a6e-055996710bc4,0.0,0.0
198ae492-52dc-4f06-9757-386534f043c4,0.507014811038971,0.5385791063308716
198f9c6e-047c-41f9-a840-18c11907b7c6,0.0,0.0
19940d46-19c3-48b3-a277-902bce9c3153,0.0,0.5411447286605835
199d32d8-f3c7-4476-86ca-e166d8abfc96,0.5503570437431335,0.8451356887817383
19bc6c2c-036d-403f-a9be-5b8c74fc546f,0.0,0.6500939726829529
19eff8a9-352c-490c-9144-f3094c192de9,0.0,0.6267006397247314
19fb99e9-014d-47c7-afc5-2b640ea81b84,0.0,0.0
19fbf719-e049-4e80-8214-b503339b8a52,0.0,0.77487713098526
1a339bda-c9e9-4c56-be09-e3cc22b56fcc,0.0,0.0
1a3e82cf-d209-4a79-be38-d355c2d8b401,0.0,0.0
1a3fe1a9-5b7e-47cd-809b-38d6a58cd999,0.0,0.5770018696784973
1a47013f-d68b-4307-be68-7c066a6bc812,0.6277785301208496,1.0128999948501587
1a5f2f25-5ab4-4156-8d4b-ebf5b2f63ca0,0.0,0.5242708921432495
1a62b84b-51d2-43fe-b0c1-fd2f8f3c1873,0.5019372701644897,0.0
1aa202fc-5e53-4cca-9591-ae800cd7a023,0.0,0.0
1aa27ea4-80b9-49d1-b358-ab8b2c5e840c,0.0,0.0
1ab55146-9785-4b61-bfe6-a6062b0b5a6e,0.0,0.0
1ace3186-fb23-46e2-a911-2715a4bcd0e8,0.0,0.0
1ace8027-3675-434a-ae71-8a9a087b9753,0.0,0.6998859643936157
1ad0f297-9d4b-4deb-b15d-4ae98b82d8d8,0.0,0.0
1ad8dbae-50af-4a37-aa25-8a02b050f6ef,0.0,0.0
1b0ec21b-04b5-48bc-9826-6f151d05f817,0.7684932947158813,0.96661376953125
1b0f086d-5961-4841-bed4-5acc62ae972b,0.0,0.0
1b22d4e5-156b-48a7-99b0-4017e18480c2,0.7419785261154175,1.0411365032196045
1b320cb1-8868-451c-9cf4-ee8230d3301f,0.0,0.0
1b3fb238-48b8-4935-a509-4eeea2ab9112,0.5622107982635498,0.7843955755233765
1b4160f8-9a57-4433-a75c-2fcc83f27a33,0.0,0.5033869743347168
1b4260f6-a457-426f-8c29-5dd06fe86b6a,0.0,0.5314698219299316
1b458274-2fa3-4592-962e-1606e8c702e1,0.0,0.942459225654602
1b4e94da-56ec-4d8a-8d1f-da5e64ba1d31,0.0,0.0
1b6b2ea2-7f55-4f1d-8ef8-4e69b12b40f5,0.0,0.6986377239227295
1b6c20f8-1e77-4b7d-a167-d5a60a3ab0bd,0.5145568251609802,0.6307810544967651
1b76d1e5-ce12-46ed-826a-ec84f40216be,0.6288506388664246,1.0117485523223877
1b781d86-d685-41a9-b96e-6f3d160b22ed,0.7049676775932312,0.770353376865387
1b7d5c4c-c2bf-4a9c-b97a-a6c59bbb9540,0.0,0.6091082096099854
1b8b896a-59f3-4ba3-b224-b8b9c6f04873,0.5615387558937073,0.9618590474128723
1b93706c-b659-473b-9d41-de5b98a6009b,0.0,0.539894163608551
1ba1a594-fc72-4bb4-9811-d95b48c9cf39,0.0,0.508236825466156
1baa40e3-c706-4766-a449-d55f554f423e,0.0,0.0
1bb20869-7947-4868-bbc6-25bd192b4189,0.0,0.6680924892425537
1bc3711f-b017-428f-9941-bbbceb69090c,0.0,0.0
1bd7c444-6dc7-4dd7-be7f-5296ee09a30b,0.0,0.5934382081031799
1be7003d-bdbd-4c43-bdd7-0f2351f10bab,0.0,0.5134710669517517
1bfabc63-ffb1-4bb2-a42a-b1c8b662f06c,0.5964422225952148,0.6330944895744324
1bfb56f9-138a-4378-8f92-92f0ff28c163,0.0,0.0
1bfca068-3e3e-45cc-b10c-ef2d0650ed6e,0.0,0.5130361318588257
1c027e53-f729-43bf-a482-ab8d202f3b3a,0.0,0.6048057079315186
1c4f542c-41f6-4252-b1b5-4ff89f928509,0.0,0.6442826390266418
1c52c0f2-e0db-454e-8fd0-23932471d376,0.0,0.5121713280677795
1c698b8f-74e8-4bd9-a30e-fb2562ddeadb,0.0,0.6418281197547913
1c6a426f-0d4f-4fd7-982f-e5d58873fbfa,0.0,0.0
1c8601e5-d897-4130-8507-115cb49c8e08,0.0,0.0
1c890ca0-15e6-4c63-9c57-7d75780cfc0e,0.0,0.0
1caf021d-3f9f-4955-8843-ea637295f143,0.637054443359375,0.8827866911888123
1ccf45bd-fd75-4f35-9e81-2ed901cd849c,0.0,0.0
1cdc7b93-19db-4e65-aff2-ba9ce1bcc71b,0.0,0.5358694195747375
1cec66e3-84b8-48f8-a55d-a49c7b539c4b,0.6581916809082031,1.0243741273880005
1d02deba-33d0-40ef-b10c-1566974af2c5,0.0,0.0
1d09fcc5-a837-46b7-9d20-78de2b8ddfc5,0.0,0.7252781987190247
1d1fa6e5-f0ff-4e43-9444-415f4670703d,0.0,0.7063521146774292
1d439d29-871c-4b3c-8204-2e940a294af1,0.5261166095733643,0.6075757741928101
1d5de023-a8c0-448e-bd50-5fa40a09d09b,0.0,0.0
1d617673-c79a-4de7-b6ed-b605e09ec061,0.0,0.6534548401832581
1d657fdd-c4b2-485c-b42c-d8e971054577,0.0,0.0
1d68c704-6d4c-4988-92b3-daba1d1d0a56,0.0,0.0
1d736090-301c-489e-bce0-bf401c5b9ce9,0.0,0.7642402648925781
1d8fa74a-2c23-49b4-95e0-59c36cb92618,0.572662889957428,0.7665903568267822
1d8fc5d0-63c8-4cee-ba81-a52ef5c67729,0.0,0.0
1d9a0a71-6a4f-4f1f-8d77-4b5e18e472b7,0.0,0.0
1daf2842-b59c-493d-9f43-41c983b1f686,0.0,0.0
1dc0ca98-5cff-4a14-b7e5-228df275a37f,0.0,0.0
1dc1a658-a88b-4865-aeba-2a123bc1f2d1,0.501488983631134,0.6917548179626465
1dc9ca9a-2e92-433f-b3cf-c6a5dc356c7b,0.0,0.0
1dd7a021-428f-494c-adff-0a300c51aa86,0.6498797535896301,0.6307163238525391
1de8a827-ece7-43c9-a53a-fb711f42ce1f,0.0,0.7392721772193909
1df22639-aa15-4b84-91ad-8b6d172013d9,0.0,0.5596803426742554
1df26a5d-194d-46fe-ae44-57717032338a,0.0,0.7551040649414062
1df41cbe-0149-42d7-9e65-ac8c6b83b734,0.0,0.6002617478370667
1df7b620-a1b1-40df-86ed-911ace270680,0.6824639439582825,1.0920448303222656
1df80b33-df21-409b-bc01-29aa9d429e5a,0.5841131210327148,0.8580683469772339
1df9eaf4-99c4-46ed-bdd4-0d1280f2a0f1,0.0,0.5829899907112122
1e0fd5b3-b4e9-4379-9bb4-dcdfe94542ae,0.516735315322876,0.6252699494361877
1e15784d-e21f-49b9-b8e5-1e5591445221,0.0,0.0
1e258f73-3ca2-4f17-aca1-84379d613381,0.5374142527580261,0.7018142342567444
1e32f13a-e46e-455d-99f6-e2854e33d9a3,0.0,0.0
1e50c650-56fd-4b0c-86af-fb75fc9d97c4,0.6501584053039551,0.840431272983551
1e6d1ea7-26b8-4fa6-b948-74ef6f0a1676,0.6454468369483948,0.6927009224891663
1e84bb73-977b-4a47-a1d6-b30b8b722f1d,0.5483758449554443,0.7751219272613525
1e96bd82-b824-4248-b8fe-de7078cf141e,0.6492869853973389,0.7435914278030396
1ea53293-1a0a-4a75-99e5-14bb414f2f42,0.0,0.5955024361610413
1ebe199d-a267-4e47-bcf6-0b4abd98a0df,0.0,0.0
1ecdc8b4-56f2-498e-9c49-628dd3a8aa2b,0.5599307417869568,0.6250790953636169
1ed5eb58-4b28-455a-86e0-fb1dd0b3dd62,0.0,0.0
1ed6f436-c156-4be5-9862-16be87c3a609,0.6909279823303223,1.336961269378662
1ed72cd0-a062-41e9-96a8-38dff269034f,0.5976870059967041,0.9484102725982666
1ee0901a-d2f1-4604-9fa0-0b9bcf355ba5,0.0,0.0
1ef22c3d-047e-40b7-8864-85d8e9baf04c,0.0,0.0
1f015684-6cb4-478e-b400-fe923e58917b,0.0,0.6336336731910706
1f06577c-1b9b-4fab-9f93-d8ecf74f01f7,0.0,0.0
1f0d1d18-3343-40a9-a054-50d3530e93ba,0.6832738518714905,0.8164597749710083
1f0f72f8-4e90-4289-b797-618992949280,0.0,0.5480615496635437
1f11be93-c15a-4611-bfb5-277e2b03b45c,0.0,0.6447639465332031
1f1c598b-c48b-42a9-9393-0ea60ae2b417,0.0,0.8790328502655029
1f1c6dd3-7d95-4a20-b716-5bdfb1b95a4d,0.0,0.0
1f34518c-b1dd-481a-b122-0ba3a5fa0b3b,0.5999584794044495,0.9766905903816223
1f466160-8e0e-4579-bef0-97bd44dc170d,0.0,0.5451174974441528
1f5ad0e7-e77b-47f1-897c-8d4170428624,0.5546961426734924,0.7782392501831055
1f61aef6-018a-4274-80ce-6e86e2024cc0,0.0,0.0
1f685e6b-618c-4fb9-acb7-0d14fc858310,0.0,0.0
1f7c51c4-ee0f-4447-a2bb-21cb18523196,0.0,0.7414137125015259
1f9c2bce-9434-47fb-8830-b1ec5ab228ce,0.0,0.5849801898002625
1fe1cb33-d21d-431a-8b9b-e1b7da840967,0.0,0.0
1fe502f1-8962-427c-adeb-a6f69ce9070e,0.7431946992874146,1.1283183097839355
1ff2be35-a3d7-454c-a96a-3a08ae2e43ee,0.0,0.0
201d007b-0336-4efb-b665-f1d2bfd4d4b6,0.0,0.5712419152259827
20283c44-d2ef-4b02-9f3f-8e7ef7d5f653,0.0,0.535384476184845
2028e26c-28aa-4e59-a136-140829ed88bb,0.526305079460144,0.8330309987068176
202b4afa-c7ef-4991-8d7e-f1ad9a5d1df3,0.0,0.5389744639396667
2046d156-d9ad-49c3-b30c-54f90cea5696,0.5239479541778564,0.6480540037155151
204b28cf-c826-43e4-b81c-19e7a7fe19e8,0.6713582277297974,0.9130204916000366
2052383d-47ba-425f-ae47-eaae99a53cdf,0.561856746673584,0.640969455242157
206ee011-deac-4d40-924c-6bae225fb265,0.0,0.0
20736432-9f89-4662-a6d6-559dd020f84f,0.0,0.609432578086853
20842e1a-248a-43a3-9450-e97f623c0bde,0.0,0.6561470031738281
209030ba-a3fb-4494-a4c8-16ece509a797,0.5126239061355591,0.914421558380127
20a60e7d-6f77-40e6-8ad9-fac5ed6bc10e,0.0,0.0
20aaf1e7-8bc8-4432-b137-1590d47a3b9c,0.5940535664558411,0.6489025950431824
20b0c4f9-90cf-4068-8a57-0480900ab375,0.6379833817481995,1.0691412687301636
20b76c6a-9e06-480a-b49c-b507b4bcc19f,0.667777419090271,0.969892144203186
20c85a56-7baa-48ea-bd25-2462eef9de3b,0.5135053396224976,0.9696254134178162
20d98c47-22e9-491c-8998-490cf925cc7f,0.0,0.5070559978485107
20dcfc93-9f6b-4396-acac-a4be9d765549,0.0,0.0
211c0ca2-b2e9-4ca3-bcdb-7bbecbb2979e,0.0,0.0
2126e0ad-ef70-41b0-9f7b-2c1e0ead4cb3,0.6302162408828735,1.0086907148361206
212783ce-9f04-41c2-b8bc-4eada89ba2b2,0.0,0.5562140941619873
2142de59-8bee-4527-b1ed-86263c10ff25,0.0,0.6425924301147461
2147806f-97f3-43f8-aead-9f0942be1a06,0.0,0.0
214aa920-d4a9-4cc9-b57d-551240452c68,0.5988130569458008,0.9721108078956604
214d7caf-da02-4889-b4d2-dafbd4d5ddc0,0.0,0.0
2162378f-faf0-44bd-92ca-2027a89a3363,0.7214025855064392,1.0544956922531128
2168a535-23f2-4c7a-8b42-72c2263fdedc,0.5099693536758423,0.7938404679298401
217880e1-9c5d-4361-b896-f719aa52e677,0.0,0.0
2178f2d9-508f-4840-9985-015244ad1460,0.0,0.0
2193e1bb-c86f-493e-9972-bb42bb0b3f11,0.651860237121582,0.9905815124511719
219e40f5-fc90-4c9b-aaa9-ee60ca3a05eb,0.0,0.0
21a21737-9f13-4be1-af30-69a6eba8f17a,0.6479629874229431,0.8466696739196777
21a8773e-dc3d-4c9a-990e-e720d4736b09,0.0,0.0
21b724fb-9a1c-4b87-9c47-769e12202e0c,0.0,0.5346251130104065
21cf30b5-5f13-4495-b71f-24790ace11e2,0.0,0.528928816318512
21f307f1-09e4-4adc-8e50-b590337b50a0,0.577983021736145,0.8927568793296814
220888f7-85d6-4931-9965-4e747b22d003,0.0,0.6570300459861755
221161ef-b21e-406b-9689-404d90889bab,0.0,0.0
223789e9-be31-4f3c-af1f-93f72c88da60,0.5552850365638733,0.852799654006958
22381f60-f732-409f-a42b-d9deccb3aa71,0.0,0.7606832385063171
2243dafb-baeb-4ed6-afb9-0c83a450fc8a,0.0,0.6377849578857422
2246a431-51c4-47a7-a058-9102f7d8b187,0.0,0.0
22517f62-5098-48aa-835f-a38f47fe853e,0.0,0.0
22563e29-2be2-4d90-b275-492babf3ef3f,0.625429093837738,1.006227970123291
225e794f-df8e-4064-b63c-f6ca7b510a2e,0.0,0.652158796787262
2264c7a0-2d88-45b0-9a40-9b3e88a80efc,0.0,0.0
226d2957-2437-45bb-bde9-c6262d98529b,0.5112667083740234,0.5532625913619995
22748ab9-60b0-4f0d-8576-e95b713c715e,0.0,0.0
2274b721-bbc0-4cdf-8244-a58600019e32,0.0,0.6852582097053528
22803187-ffbc-47e0-954c-ba65bb102c21,0.5001876950263977,0.6901233792304993
22941505-6def-455c-8f9e-0923347b679c,0.0,0.5457994937896729
22c4f14b-8484-4b42-adfb-15a93f01951f,0.0,0.580535352230072
22c87140-e0b8-422a-9e71-2ca6f7499634,0.0,0.0
22dbc28d-eccf-4a61-aa9a-f7d62298367d,0.6049214005470276,0.6963464617729187
22e26ff3-ecb5-4876-a838-ef556099709c,0.0,0.8516650199890137
22fc27cf-7d7e-4154-9a7b-2427d320e637,0.6548635959625244,0.9962315559387207
22fc9601-4557-44ee-98db-f130d4875486,0.69886714220047,1.0693833827972412
230497a8-bfca-4404-85c1-c432f030e0cb,0.5465101599693298,0.637527346611023
23098611-f8d6-4eac-9b95-ee15ce983e5c,0.0,0.0
231f46a0-1d88-410e-8234-0cc5e2fefcd9,0.5460953712463379,0.5667001605033875
2322673d-cd09-4e10-bb2f-1dc847d276ed,0.0,0.7949402332305908
233fd1b7-fd53-4083-abd6-b3491fe099fc,0.0,0.0
2344d2f8-0a30-48ef-a25c-ec1813619d70,0.0,0.0
234f65c1-4de7-46a4-a846-382d646e9be0,0.0,0.0
2352fced-53f9-4eaa-851c-891c579c584f,0.0,0.5024652481079102
235669e8-6fd8-4cf2-86b0-942e503cb5a3,0.5116603970527649,0.805415153503418
235e7cf5-e7ab-459d-827e-c4b7cbfab0f8,0.0,0.0
23684637-b325-4e63-b308-2e054a34998c,0.0,0.7144777774810791
2392acc3-27b6-4141-bb3b-aab2f9970c0c,0.0,0.0
23b3c891-97e1-415b-85d7-e07c8a3e20af,0.0,0.6850230097770691
23bb8cc7-d8d1-4447-8083-5a81d04eb639,0.0,0.6238940358161926
23bbd4ff-0d8f-489d-8d3d-1c5958d03699,0.6763029098510742,0.9565969705581665
23bf3e71-85fc-48d2-8a3f-5f54a4d37efd,0.5827488303184509,0.7007980942726135
23d11acb-7684-4ca9-8a24-40a88b0e7144,0.835885763168335,1.0987964868545532
23dd6c62-0a83-4d8a-a3db-5da711db17b4,0.5166270732879639,0.735925018787384
23e79fce-f722-4f9c-b9d3-2290f5f2a0f4,0.7088037133216858,0.9558421969413757
23fb19b5-a3da-4e91-94ac-2d4577f85e69,0.5078689455986023,0.540759801864624
23fbac3e-8ce7-42e4-b364-b244df1930be,0.0,0.0
2418f662-54f3-4c33-b6a7-b446c468525c,0.5592396259307861,0.8546649813652039
242fd8b2-e6a6-4c07-8597-6b6fc8f25a47,0.0,0.0
242ff914-0465-482f-a8bf-da3a8efbf75c,0.0,0.570888876914978
243e425f-2b6a-4e0a-9dee-08fe92d747a2,0.0,0.0
244119f3-b1a6-427d-a3b9-b33d670a66c4,0.0,0.0
2449a6c7-9a7a-4221-86e3-dc16e3cd9262,0.6631598472595215,0.8368541598320007
24776f32-3873-4330-8bc6-48d8b5cc8d9f,0.5275300741195679,0.540253221988678
2480ff95-45a2-48cb-9965-a4af6867bca1,0.0,0.0
24979fc8-e665-4c04-9d9d-6dea9c3b598d,0.0,0.6111122965812683
249b4f52-3f9e-43ef-9da9-9859122ccc0a,0.0,0.6084237098693848
24aec1e3-0fc5-4dc9-9dda-eb98dbe1bd4b,0.590853214263916,0.8857832551002502
24b95b41-1d5a-4445-afbf-5072587db66a,0.0,0.5395898222923279
24c63280-8da9-40e0-b4d2-d8ffd11b17a5,0.5211890935897827,0.8202570676803589
24cdb736-0cc7-47f6-94e7-33b8cdebfb3a,0.6221058964729309,0.9974692463874817
24d6d4f7-6055-41ea-911b-513e722814f1,0.0,0.5023830533027649
24d81233-ee96-4ebe-94bb-637de933597b,0.7058973908424377,0.8776677250862122
24d88b03-3112-456c-87e3-4722622421a3,0.0,0.0
24eedc3e-0c7a-4c96-a3ba-52ddd6174d00,0.0,0.5019931793212891
24f012df-2a19-4f09-b21e-29eb37617482,0.6745615601539612,0.8259426355361938
24ffb314-5fdc-4fdd-9e3b-f63ddd6a0779,0.0,0.5236665606498718
2508d71f-409c-4842-afec-42797fc2d1e0,0.6174035668373108,1.019288182258606
252e818c-6934-4d14-b553-620e39fb93c1,0.0,0.0
2547d0ef-d67e-4ac0-92a9-17089e128d4b,0.663739800453186,0.8084647059440613
255054e1-8b47-4eee-91d4-7edb31409628,0.0,0.6028200387954712
255aa0ef-e6a5-45ee-b12b-32f4caeb0342,0.0,0.0
255b1031-3fad-4ae1-b226-9e98be342638,0.0,0.0
256d1bb0-d3e6-4f18-9a18-86aefdfec5b0,0.7615625858306885,1.0692108869552612
25784d99-5454-4671-b199-da0a7d8531b2,0.0,0.0
257a35c5-aff1-43d4-9a20-989ff3b95e46,0.0,0.0
25a03fcb-a6d5-4b1b-bd81-60ae736a681e,0.6844459772109985,0.8228254914283752
25c01419-2147-4a83-bc74-831e3d9b3a06,0.0,0.5523099899291992
25d5ff10-45af-4010-9581-55c69c53b142,0.0,0.6972867250442505
25d67aa9-12e3-4455-804c-d9fb30fa27bd,0.6816496253013611,0.7669676542282104
25d6d37c-b764-4fe1-8827-79fdc90be6d0,0.6773683428764343,0.952778160572052
25db6455-e4ad-431b-9ed0-d156a4cbc43e,0.0,0.5808442234992981
25de0285-9d08-44db-ad7a-b7bd9276f3d7,0.0,0.0
25e9313a-0748-4566-a421-f703f5666001,0.6101389527320862,0.9878825545310974
25f40f7c-0696-4a72-ab21-92066efab4d3,0.7042405009269714,0.755554735660553
25f90405-56c7-4aef-888d-866fd4351181,0.5440911054611206,0.8108181357383728
2609e137-37d0-4dcb-b947-fba6d97d9b10,0.5135992169380188,0.7746086120605469
261d8158-ff76-4deb-a093-d4ba28dca261,0.0,0.5148314237594604
2620d67a-4345-4f8c-80e6-a5149bebc419,0.0,0.0
26210a48-2574-4654-a316-ff5411df6014,0.6620779633522034,1.00723397731781
2634e4c9-423c-4fd7-9340-411fbfa0351c,0.0,0.0
263e364a-4f7c-4a0c-ab03-f1beeeb000d0,0.58714359998703,0.8955642580986023
2655047c-b045-4ed8-a452-be1cefbfef71,0.61397784948349,0.6833568215370178
2691fe93-5e53-45ae-9313-95e69e0a2898,0.0,0.5864212512969971
26999e48-5348-44d3-836e-b85ed905e450,0.0,0.0
26a3a716-43b7-480b-b713-9e9256a4dbe5,0.8023109436035156,1.3072015047073364
26b7293e-acbb-40f6-8486-6c5165f9f37d,0.5034027099609375,0.0
26b93c67-0325-4c4f-a565-7115f1e7c2f3,0.0,0.5672951936721802
26b957ea-2081-4d57-aaaa-7547ab8050df,0.0,0.5647470355033875
26ca18dc-0959-4483-b12c-4c25579cea6f,0.0,0.5637959241867065
26de465f-1845-443c-a5dd-483bcbcf177a,0.0,0.5146068930625916
26de508b-3969-4819-86db-3fc14a07f1a4,0.5762125849723816,0.8350211977958679
26fa6971-603e-4559-869f-9310b8517c7b,0.0,0.5004880428314209
272ac93a-cd07-4a1a-b629-0bb0debd4c57,0.578731894493103,1.0186347961425781
272ee311-9010-48fb-b1e2-8a51262d0e0b,0.5673878788948059,0.8711572289466858
272fbf50-f9dc-4bbf-8e1d-6368650204ee,0.0,0.5238713026046753
27312cd4-5170-4128-9b64-9b0b37cb9e28,0.63071608543396,0.9970554709434509
27341955-b83b-4a00-a5c7-1bb682fd80fd,0.5972501039505005,0.8222318887710571
273a7506-e139-4dc9-ae10-1f6541e83400,0.0,0.0
273ee37f-8083-4e01-b406-784e873e0f73,0.6180069446563721,1.0054281949996948
274266c7-bd71-4a7b-b9c3-6518ae709843,0.0,0.0
2743637c-b468-4a5e-a7a8-c5e0bbb2158a,0.6303178668022156,0.8418564200401306
277cebba-71c5-4b4a-a7d6-222f29dc3a97,0.5382728576660156,0.6757621169090271
27800447-8603-421a-b56e-ce4e9cd5ca7b,0.0,0.6676269769668579
279bd32c-d919-4c4a-b662-80bc3bc8b9a5,0.6689683794975281,1.034023642539978
279c5d7d-03c9-4a8d-a5af-4da6c61e923e,0.0,0.6147341132164001
27b1420d-a5ef-4093-bfaa-1aa8381a416c,0.5594716668128967,0.6707298755645752
27baf32c-dd53-4afb-a7a1-12b7345d25cc,0.5213131904602051,0.7746264338493347
27c67d72-c37d-4f49-b52b-593a5f201575,0.9068098664283752,1.2079888582229614
27d3a29f-e0fd-4e72-8f7a-fed27408703b,0.0,0.0
27ea86dd-8404-437e-82de-62c3bbc95a62,0.0,0.0
27eb6085-00d5-48d8-84fa-401b2662e176,0.0,0.6562943458557129
27f0c235-f684-43e2-ac43-72365b35fef6,0.0,0.0
2800cdd8-f8eb-4bee-ad38-47772f645a1e,0.5542989373207092,0.8433803915977478
28303e4e-2444-48ac-aeec-da9182f772c9,0.0,0.0
2833242a-69be-4063-be39-9de184bb8b3f,0.5005470514297485,0.7602862119674683
283c0a4a-8ce8-4fa2-b85b-951f413c42ed,0.0,0.0
2859ab15-865b-498f-8fa2-fed89dfe1d79,0.0,0.5600702166557312
285da68d-98ff-438d-a160-e134270a2f62,0.0,0.5685390830039978
2869d0ff-066c-414f-8335-997a8aec96d9,0.0,0.5482337474822998
287a1c6b-71ff-4bc4-9d11-b516e3bd6301,0.0,0.5895785093307495
287e0bb3-9492-4eb5-8de6-07040d134142,0.0,0.6181091070175171
288f96fa-6592-45bb-b0f6-f6f6fd75e266,0.9705647826194764,1.3371282815933228
289c9475-8131-4536-ba29-757df30ed891,0.0,0.5844095349311829
28a0a671-426a-49cf-a8c6-5e04584b19ed,0.0,0.5206785798072815
28a93e84-7dec-4a2b-bc6c-5ca89313a070,0.0,0.5823997259140015
28b279ef-8d58-4bf7-8d23-e8c700f1a175,0.0,0.0
28b492bf-b289-4ef9-b1d9-597ea9173808,0.0,0.0
28b56351-6583-41bd-80ad-e441e4d95248,0.0,0.0
28bca9d1-67bd-4f54-bd2d-86c8b41ffa5a,0.0,0.0
28c68948-f946-468d-9f43-a86c662e1e66,0.518684446811676,0.5397487878799438
28c90624-09f4-4aca-bfc4-a4fc2673b838,0.7138700485229492,0.8388213515281677
28d2efdd-d764-436d-86c1-c3ebd2084b44,0.0,0.5753799080848694
28d94254-3a11-45ce-9d08-6b54bea0e133,0.0,0.6540718674659729
28f9eedd-1cd4-4917-8f29-99ecb06f0132,0.0,0.590200662612915
29120cad-ad01-4d12-9e93-dbd2d817b073,0.0,0.0
29442792-bd88-4c58-8ae0-c5a0f6189cf6,0.6284824013710022,0.7620646953582764
294a6bea-4a2f-4546-940c-8b935b3924e1,0.0,0.5849020481109619
294a8090-7103-407a-b154-26a0d3cf6e5d,0.0,0.6554444432258606
294c8339-34e5-4904-b0cf-1a6fa2faa111,0.0,0.6145830154418945
2995f5bd-1e3d-419d-9274-cd30021b07a4,0.5453993082046509,0.6323710680007935
29a72069-5947-4c0d-824c-878cc6098f0e,0.0,0.0
29aac7eb-0008-4886-b850-1440db5fac4e,0.7055639624595642,1.2228507995605469
29ab013e-126d-4f6d-ac1c-82476f019ff5,0.0,0.0
29ae86dd-07b1-4d77-be49-ef5ebb323252,0.7440877556800842,0.9132774472236633
29afe554-5943-4210-9006-a042cb805e56,0.5768184661865234,0.9454055428504944
29dbf517-eb05-48b9-9a93-f99ca2e3e031,0.0,0.8343497514724731
29eda7c4-0733-4c43-b1ed-36e6b59f10e5,0.5553498268127441,0.5409555435180664
29ee9d9d-fc17-4869-ac6f-909be8938ea2,0.5240877270698547,0.7332905530929565
2a08b9f6-fba9-4b6a-811d-91ab760330f0,0.0,0.5384096503257751
2a09f19b-e11a-4fa8-8b37-56798aa30078,0.0,0.0
2a235a77-0c58-4afc-b760-a92722eb18aa,0.0,0.0
2a259c83-1240-4074-95cb-c7c35e024a1f,0.0,0.0
2a44cf33-8b74-4c01-9f9c-8610d57a0efc,0.0,0.0
2a47d6bc-9e18-4f1d-b94e-071c127d6016,0.0,0.0
2a490fec-f746-4e77-96dc-7cef6313a05f,0.0,0.0
2a751610-45af-47c7-9c10-924bd8e72572,0.5178827047348022,0.9430102109909058
2a7e225e-9e17-4e00-b55d-9476d74d3bd4,0.6340349316596985,0.9105942249298096
2a90e9d0-b605-4628-b7a1-9cd758126764,0.0,0.0
2a9363a6-a8c2-4b49-88a3-5fa5000f057d,0.0,0.554793655872345
2aa975c3-5d47-4420-b449-0af8a0e5197c,0.0,0.5544009208679199
2aba9c74-7551-48f7-8f46-f426baa82704,0.0,0.5820874571800232
2ac14f00-ae48-47d9-a107-a12a242e4e91,0.0,0.0
2acde295-c2e6-4252-8cb7-bd0a6288a59e,0.6998090744018555,0.9474546909332275
2ad59808-6080-4bf4-b9d2-4ae3a02591b9,0.6393259167671204,0.7003841400146484
2adb11b1-c9a1-4a96-99ea-b26d886e5119,0.5653135180473328,0.9155700206756592
2b03cc8a-9555-48e4-8b31-ae045e33ddff,0.0,0.0
2b0cdac9-66c0-43ce-b7ff-913080f8b315,0.6189152002334595,0.7016436457633972
2b0f1dc9-b6aa-4337-b38c-04799e4fe235,0.5924863219261169,0.9750592708587646
2b2aab02-0b20-40ec-9e6a-94c452278179,0.5068722367286682,0.7605165243148804
2b2ca998-240b-4373-b877-262a819e7857,0.0,0.0
2b31b61a-5948-4bb7-9db6-a746704b2f0a,0.5650840401649475,0.9172675609588623
2b568279-e045-48c5-be70-ff3f4911b061,0.0,0.0
2b626d0d-597e-4e78-b0ea-3203bfbc9f8e,0.0,0.8009019494056702
2b77c194-ae74-45fe-b54a-799d329c9394,0.5334962606430054,1.0033864974975586
2b7d5d82-7106-427d-99a2-fae45cdcd78d,0.0,0.0
2b872abd-9a36-4c07-94fb-da8b36843752,0.6184331774711609,0.9960451126098633
2b8c1510-a8a4-4fa1-a869-c45527ec5ed1,0.0,0.0
2bada62c-0b84-4015-9f67-cfe09126329e,0.5919631123542786,0.9007728695869446
2bbbf37e-85ba-4a61-8e12-5dc2b6cca729,0.6223623156547546,0.8276737928390503
2bdf5c44-5bba-4c0e-9f05-2bf0c44bafab,0.0,0.5033804178237915
2be8f2ce-4138-4084-a13f-e44fddd8e8e0,0.0,0.5198066830635071
2bea1446-a7f7-4ce6-aa85-d5686961a245,0.0,0.0
2bf74a1d-615a-43de-8801-c336c688b9b0,0.7360523343086243,0.9679335355758667
2c039fdc-fb56-4e97-a591-84f82d803cff,0.6322808861732483,1.0137149095535278
2c14b3a3-27ce-4b77-b26e-226beb95193b,0.6751713752746582,1.0828789472579956
2c48539c-c674-4b6d-9528-baabfd16532f,0.0,0.0
2c62f6af-68a8-4e3a-8915-f50ab2279d5f,0.0,0.0
2c68c6e9-012c-4bf5-a6dc-4f6d36abb4bc,0.0,0.583419919013977
2c736d1b-9568-4886-b2a3-830920cb9a31,0.0,0.0
2c76f4e7-b8bb-4a8b-9dcd-3562b1dc47d4,0.7143893241882324,0.9828417897224426
2c7c5216-87f1-46cf-baa9-c1ef33976890,0.7123061418533325,0.8551852703094482
2c8df7cf-df28-49f5-bb52-05275b5255fc,0.6669597029685974,0.7830665111541748
2ca090ec-a540-405e-b219-27a85d24caee,0.8888627290725708,1.2155669927597046
2cadc8ae-e4ad-4f64-863e-9d9afb3898ef,0.0,0.649893045425415
2caec7e9-e94d-4c86-b6f3-49c435cae06d,0.0,0.5991986989974976
2cb19e25-051c-44d4-91a7-5355e57dfe3a,0.0,0.0
2ce15c82-3554-4e08-a667-939b788b2d6b,0.0,0.0
2ceaced1-a04a-4960-bc88-aed26d6d484c,0.0,0.5186459422111511
2cedd666-90a8-4d75-a039-5d624d558408,0.5623699426651001,0.8314974308013916
2cf1e24a-d8b6-4669-882f-604254849d3c,0.5384408235549927,0.7083248496055603
2d25bf3a-5146-40fb-b4c4-05841354b5b5,0.5821099281311035,0.693469226360321
2d3bed4d-c4c8-412f-beb8-c360e743bc80,0.5073114037513733,0.5402124524116516
2d585e6b-6085-422a-8cf4-2b70715ddaae,0.0,0.568649172782898
2d65ebc4-22a0-42b1-ac2d-0bb3f576c9f5,0.5180385112762451,0.6327015161514282
2d90870b-8358-4462-99dd-18008abb49f9,0.0,0.6611866354942322
2daeb4b5-e736-4856-a792-ae1636b682da,0.0,0.574421763420105
2dc83561-e5c5-4350-b1f3-3aea447a18e8,0.0,0.5468316674232483
2dc85ed5-d4a4-4ad2-87dc-baf8ec54d646,0.8911824226379395,1.1497331857681274
2dc9982a-afb2-47ae-80de-5bec36c9ce02,0.0,0.6417592763900757
2dce93a1-8c2c-471d-8ca1-8edcaba75183,0.0,0.0
2dd42d58-376b-4982-b0ec-02a2df2ce250,0.0,0.5665943622589111
2dd860b5-8b84-44c1-8d98-51df16a117f9,0.7691723108291626,0.8987167477607727
2ddcdea3-c0bf-4e68-9161-b6589b419171,0.5746029615402222,0.5779982805252075
2ddcfeea-bc58-4e79-8e1e-1a6b106d6a82,0.0,0.0
2de10626-5949-4ee1-999d-076ba085fac3,0.0,0.5264207124710083
2de6147f-dbf1-41aa-a613-5a968750ae96,0.696605920791626,0.9039486646652222
2de61edb-530b-40fc-9f54-b7bcde2b4391,0.6193709373474121,0.9943956732749939
2df8b7c2-fedb-4802-ac10-6f8bc07ada56,0.5997685790061951,0.9046334624290466
2e029ca8-62e2-442b-af20-540f589bfea1,0.0,0.5187408924102783
2e1d9a94-6213-4987-9ffe-fcc9b851c0b1,0.6228954792022705,1.0023092031478882
2e3efb88-7a5f-41b8-afc8-6a401d3a63c7,0.0,0.567323625087738
2e433990-508c-4e49-9de6-da2948df4f5e,0.7400956153869629,1.0351738929748535
2e5dacf8-9eaf-4467-9ac4-4c8becef2a9e,0.0,0.0
2e6490ba-0711-4ddc-987b-4b8455b26cb0,0.0,0.0
2e89c53f-8497-4bb2-92fb-7956249e751c,0.629218578338623,1.0064500570297241
2e8ac363-e720-4dfc-9c9b-d31bf6210b7c,0.5583970546722412,0.8096739649772644
2e8fc641-0902-4b1a-996e-54d171100bdb,0.0,0.5353230237960815
2eaa0e81-4393-4411-a325-51b15e49e011,0.0,0.8505722284317017
2eb8b8c5-2cdd-4f98-bbbb-9ce169218849,0.0,0.0
2ecbe432-1ab7-4fe7-9f01-8cb774e2d40f,0.0,0.0
2ee2c25b-3edb-4c53-8a5c-27bf18b9c9b2,0.582382321357727,0.7850768566131592
2ee9d53f-111f-4aec-bde6-6d6a9dcd3b67,0.6040261387825012,0.6548152565956116
2eeb9c74-a5f9-47bc-81a4-3d16017293ad,0.0,0.0
2ef1b39c-653c-4b40-be90-c0f13ce9dcae,0.0,0.0
2f07c684-04c6-4fe1-ab49-d047637cf813,0.0,0.7252723574638367
2f120428-1796-4707-b540-8a5ff8f14da8,0.0,0.6000952124595642
2f16fc29-f333-4aed-a731-c0b4f2d5fb76,0.0,0.6827492117881775
2f193ef0-d69f-4a57-a592-e0431ff29a5a,0.5664654970169067,0.8628455996513367
2f1dac4b-0f9d-4763-9389-bc5b13956e46,0.0,0.805603563785553
2f230098-aa14-4207-8d72-974fa5b541e9,0.0,0.0
2f3f35f0-75a7-420a-8a1c-ddcf633bf393,0.6506197452545166,0.8440821170806885
2f3f3696-8eac-4631-9df8-10bca21e4bb9,0.0,0.5505989789962769
2f4f00a2-08e1-44f2-bc52-3f88d7849226,0.5451965928077698,0.6661632061004639
2f6dafbd-42cb-4e12-9a1f-38dc793bac0d,0.0,0.6171193718910217
2f6ef53a-64c9-4639-b3fa-35a7e9065ac0,0.6836672425270081,0.9058907628059387
2f9475ad-431b-41ed-95a7-6585c0fcfd64,0.6282925605773926,1.0058523416519165
2f9afbae-8e8e-4beb-82a2-f3dbee939de8,0.5686321258544922,0.7904911041259766
2fa88a0e-42d0-4a06-a8da-01a977b75a7c,0.5243126153945923,0.5948444604873657
2faf03d6-47cb-4a38-8d7e-5da374e2639e,0.5883646011352539,0.9772152304649353
2fb09353-6626-4965-b200-4a4689a7e509,0.0,0.0
2fb65ff8-4622-486e-81fb-25a3e373a513,0.5376913547515869,0.663182258605957
2fb97c47-9b6d-4eb2-85cf-f311be84dcfa,0.0,0.0
2fc91deb-f0e7-4489-a15f-13abccca6281,0.0,0.0
2fca5668-7d07-4e7e-aef3-41c7d4f7287e,0.5589282512664795,0.603276789188385
2fce724e-c8d9-4336-a5b7-ba67192d4f62,0.0,0.0
2fd40c44-b027-4ec3-a5a4-9c4737120043,0.0,0.0
2fd5a897-f519-4841-9da4-8f24e7f32eeb,0.5195506811141968,0.0
30019d45-a30e-41e6-9b13-55bdb4b84d51,0.0,0.5176748633384705
30248978-134e-4bdf-b66b-b269c92a8a8a,0.0,0.0
30298931-2795-4b5d-80c9-82afda8ab497,0.541910707950592,0.5350781679153442
3040c03a-289a-4788-bf38-b2a152545bfe,0.5578688383102417,0.6246107816696167
30567ede-d9df-462f-94e2-45c295198cb5,0.0,0.0
308edab6-3205-4d93-bda0-79f1855e5a20,0.5938230752944946,0.7253535389900208
309b84a1-c225-431c-b991-b53f4fa47cee,0.5131152868270874,0.0
309cf4f4-7247-4cb8-b825-f7c2cf6a7601,0.7036434412002563,1.0132455825805664
30c00544-50ec-4bdb-a92f-766cf7f36ec8,0.7003371119499207,0.9705989360809326
30c28940-4d40-4239-ab5d-6747dadf3d8b,0.0,0.0
30cc65f3-8433-46fc-99bb-61698a99ae18,0.5127860307693481,0.5968097448348999
30d33b7b-e717-4fec-ae15-f290c7c94b43,0.0,0.6759601831436157
30f64579-eb27-4ba5-9a72-2e10f8ef2b12,0.0,0.0
30f9badf-f65f-4977-936c-8e24117eadc1,0.582727313041687,0.898453950881958
311a4184-19d0-4ba0-88a4-934a1393d6fb,0.0,0.5323494076728821
311cae73-16d4-4958-b110-199396ad2a78,0.0,0.5398420095443726
31263329-0b2f-4f96-a60f-e582bc2473e4,0.0,0.0
31313f4b-e8e3-49c1-829b-33b011d2df95,0.5016601085662842,0.0
31389a28-2ec2-4eeb-aad4-8c38034db3f4,0.0,0.5650267601013184
31410680-180c-4f0a-bfb1-0786d23d546e,0.0,0.5536117553710938
314729ab-de0c-4fb1-b77c-3952c7f5c285,0.0,0.0
3158b96f-dfd8-4eaf-8a77-046978b6fbac,0.6049542427062988,0.6769675612449646
315ed29d-1a79-4722-ab6e-5bb2fac122db,0.0,0.5360171794891357
318ff8a2-68e7-42e8-a9e3-0fbeeba029b1,0.8960677981376648,1.181854486465454
319d15e2-0775-4ff0-ae07-7ba73559a2f1,0.0,0.5781328678131104
31a5bda5-55cc-4699-add5-e7e422a082b8,0.0,0.0
31a91ab7-2728-42d9-9647-13e7531112aa,0.0,0.0
31af5d86-21a4-4dfd-b3da-8a076f330db2,0.5064556002616882,0.57040935754776
31bf4a44-ef6e-410a-be51-af53b96ff765,0.5169335007667542,0.5729838013648987
31cf2565-5da3-4408-86f4-32125661ad13,0.6830670237541199,0.8860940337181091
31d20e97-9102-4839-91c8-3f81fe63c12c,0.0,0.533543586730957
31dccd42-952b-4fcf-9543-bbb865544939,0.6011568903923035,0.9913650751113892
31e0b3eb-3cb6-445e-b7dc-5afb2dcd3558,0.0,0.0
31f93dba-6c32-4212-94ec-e7f464795775,0.0,0.0
320f0378-535d-46a4-8cf8-b38eab857d02,0.6731430888175964,1.046254277229309
320fd9db-01ff-416a-8417-c7663ab1dbeb,0.0,0.0
3218ad2c-ef16-4b76-9f52-d7c6735bd304,0.0,0.5812587738037109
321e559c-5d2a-402a-8c64-ba75de14573e,0.0,0.5558226108551025
3249d7d8-b60a-4388-ac00-89bb82e1763b,0.6867078542709351,0.9968219995498657
32531c6b-3d4d-4771-be64-a19543344519,0.8306166529655457,1.1437528133392334
325a3173-f616-458b-bb9b-f3cdc6bfee4f,0.0,0.0
325ba74c-a147-40ab-a9fc-ca0737580bdd,0.7007412314414978,0.931925356388092
3268cb3e-4ec6-4da7-bfe4-af7b5efc6c0a,0.5490490794181824,0.6589876413345337
326e4633-81d9-4aa4-811b-7087333365bb,0.6362215876579285,0.8906790018081665
326f8a33-73aa-4173-99b7-e11eb807c9ee,0.0,0.5654399991035461
3282bc15-4dc9-4fdc-a034-56bb0edf8356,0.5131689310073853,0.0
32911588-c532-45c6-93b0-f9a04f5f48d3,0.5507135987281799,1.0545769929885864
329320a6-4729-46a6-841d-22f3d08182f8,0.6114030480384827,0.9382339715957642
329a0b65-7659-42e3-9d55-f6c224d0f1f9,0.605389416217804,0.7906461358070374
329b8382-48ab-4eef-9e83-b84b145ca59f,0.6282906532287598,1.0088858604431152
32a7e48d-fb5c-4b6c-abaf-023db59ce140,0.0,0.0
32b8e802-56f4-43f0-adf0-5b51ccfe9444,0.0,0.6325616836547852
32dd1518-efac-4346-a715-404ee60d1706,0.0,0.0
32e76259-49fc-493a-a3d5-0d7813bc3e8e,0.6483787298202515,0.8552060127258301
33028990-8d75-4400-91da-ebe0cc1e1b04,0.0,0.5057393908500671
3306bdfb-3100-46bf-8744-fd95811d6259,0.0,0.0
3318ddc4-af69-410c-8c4f-3faa8c9431aa,0.6500764489173889,0.8532146215438843
331aaee0-6282-47b9-9458-5a65d1fdc072,0.0,0.560710608959198
33284776-f71d-49f0-9d42-f5789f546347,0.0,0.6972177624702454
333bd660-db84-49bf-bc42-a50375e9bd8d,0.0,0.0
334cb91b-608b-408c-871a-0b7be1fb3fc6,0.5724966526031494,0.849514901638031
336df326-6145-4076-94ba-47186bfb30b9,0.7492716312408447,1.0751655101776123
336edb96-0292-4dd3-82d8-5a11920d2898,0.0,0.0
337780c8-be79-4167-b5d9-5297d8f95d92,0.0,0.0
338040f6-4087-4ffd-bb43-31b02b450e67,0.0,0.0
33956c9b-07a0-46ef-b5ba-ecebe7f97f75,0.5262717008590698,0.6838845610618591
33a18c12-7e67-4b82-ad5a-01b91174a989,0.5237228870391846,0.6441468000411987
33a203a2-44fd-4dd9-a22a-45bd95729230,0.0,0.0
33a75b64-f43c-41dd-add1-e87067779286,0.0,0.0
33adc308-9948-4e17-9895-57e2f57fa604,0.0,0.0
33c5dfd7-dfd4-477b-af32-340625d22142,0.0,0.0
33ef0639-39b1-4767-88e5-222b02ab871c,0.0,0.6138278841972351
33f77253-c099-4337-99b0-56387d43d113,0.0,0.6325507164001465
340c34f0-7961-4068-a97f-fb90bf2fb111,0.0,0.0
341a95aa-57f6-49d2-bc87-45a7230eec9c,0.0,0.50721275806427
343668a2-533c-4ace-b045-8192ce425b56,0.0,0.0
343d579e-67a9-40ab-8902-15d822153e10,0.0,0.0
34439713-1934-4dfb-8b5b-0e9305d289e8,0.6968526244163513,0.9257023930549622
345d798a-8754-4ed1-909d-259feeb757dc,0.0,0.0
34606cae-0241-47a6-ab6c-748257eb39e6,0.0,0.0
346cbbad-bb8f-40ac-911a-7e4c51afea80,0.0,0.0
346e1003-0720-412d-b39f-3e5840fcad42,0.0,0.0
3478f624-08ef-4605-bf87-e741ed2bb6e3,0.546676516532898,0.605088472366333
347ee303-cdde-40ea-8cbf-034df3d9f63e,0.0,0.6758884787559509
3499b4fd-edc9-4a2f-a534-8a50d8eb64e5,0.0,0.0
349bb91d-686d-4eb3-a570-0a781b28689b,0.6933608055114746,1.0085746049880981
34a1ad10-e341-41ed-b759-5f25dd822f07,0.0,0.0
34ac8936-0df9-4408-adcd-ddc21aa65242,0.0,0.0
34c9dec2-df7d-4279-bf30-e2ea7620269d,0.6231297850608826,0.9206928014755249
34d08b10-d0d5-4027-b19f-f07df5051b2a,0.0,0.0
34d101a7-0b59-48c9-9597-b017ae381e2d,0.0,0.5317803025245667
34d5ebc9-96b5-49a2-8a64-2d746abd4a7b,0.0,0.0
34d989b2-94fd-4d1e-8045-13b20101ffbd,0.5075020790100098,0.6352346539497375
34d9b693-118d-4068-99b9-172bd67a3f75,0.6551279425621033,0.7160924077033997
34f230b3-e818-4dad-8f63-8867b0894ae9,0.0,0.6900521516799927
351b4a08-dc06-4c18-bb4b-5f463cec008b,0.806625485420227,1.211012363433838
3527062a-6965-46c3-8983-8ffd0e4b75ba,0.0,0.0
352fa0e5-f7fd-45fd-b285-11570cbf86b4,0.0,0.514734148979187
3536eceb-f918-4c3d-91de-6d6d7bcbd214,0.0,0.805004358291626
35446493-d048-4120-a2c8-e67887826d05,0.580615222454071,0.8834248185157776
354e01d0-4381-4661-a8f2-920744cbb29d,0.0,0.7102500796318054
3558cc56-5086-4a69-b66c-fa197db8d120,0.0,0.0
35591bfe-7a8c-440f-8372-88256189fcd1,0.5929728746414185,0.768222451210022
3568e0d7-07c8-4c5b-a517-c9fbce05a2a5,0.5944508910179138,0.8916407823562622
357c58eb-e433-4d8b-8aa8-abc9960a9173,0.0,0.0
3587e96e-6de5-4374-a8d2-39bc512c81ef,0.5341494083404541,0.6028317213058472
3596f4a9-c9aa-4fe9-88db-d2827b116c2c,0.0,0.5938763618469238
35bbcaae-0474-4501-b8ba-d384cc43e4bb,0.0,0.0
35ceee02-13dd-4d78-9ff4-38b9c4f679b4,0.0,0.0
35ff11d4-958e-4e55-b1a1-309508ede160,0.523455023765564,0.7699782252311707
36007b89-17c3-438b-ad95-63f538c68e35,0.5730547308921814,0.6549900770187378
361ece71-ba6f-42ba-bf4d-69640263c81a,0.7469030618667603,1.0555247068405151
362a6830-cf31-4ae4-b424-667de1b3b63d,0.0,0.0
3650cf1c-4250-45f4-8667-c319444c0ada,0.0,0.0
3664849a-0a41-404e-952c-621972122a21,0.0,0.0
367f2910-f6d9-4f69-8212-d23369665a58,0.0,0.0
36a28626-56c5-471a-ab86-abb89674c182,0.0,0.6310442090034485
36a526fe-64b9-4fb0-b812-925aea4e403c,0.5909103751182556,0.8887851238250732
36a7a582-1676-49ae-9b2a-fa9e80bc47eb,0.0,0.0
36a9f25d-e74a-4c20-a3cf-2f6ee9c7236a,0.0,0.0
36c5e23e-5128-4cf0-8402-20262da174fc,0.0,0.7864533066749573
36ca9d4d-9466-4e64-8dad-fc17d53b4535,0.5233557224273682,0.8294108510017395
36d0c41d-0932-48af-a0a4-e151fdedffa5,0.5159671306610107,0.6496548056602478
36d3f061-578e-42b5-9fb1-af95be82db5f,0.588754415512085,0.8958225250244141
36d3f7f7-a2f0-4453-af7a-9cdc24e488b3,0.6584142446517944,1.056012511253357
36d4a051-212e-46d6-81b6-08046aee7386,0.0,0.6659543514251709
37069d94-63ed-4823-9d10-1632bda6db05,0.0,0.7661271691322327
3717dc62-923a-4ad6-bd28-1bb9acb8d3f7,0.7618811130523682,0.9007524251937866
3719ae50-ccbd-4234-946c-6a4e9095cd84,0.0,0.0
3728a126-fbee-4fb3-8617-82b801ff645d,0.5063495635986328,0.0
373f5ddf-1b69-4aba-b81f-776aa892beeb,0.7106857299804688,1.0836148262023926
374bf98c-76f5-4688-9893-62cc9016890b,0.5217445492744446,0.5954529047012329
37661d03-44cb-470a-8918-7d44aec856ba,0.524685263633728,0.5984355807304382
376a9e32-92bc-46b2-afc5-4959b13a9827,0.6624245047569275,0.8739733099937439
3784fe9d-1b30-4c12-aea5-c55be7530ed6,0.5545147657394409,0.6177899837493896
378b989f-ff49-4079-8023-38f80bc0cb6b,0.0,0.0
378c2e12-f3b7-43bf-864f-7da4a7e63604,0.0,0.6836536526679993
3796eda7-3c60-48ab-bf6f-9f33c9235fb4,0.0,0.5915032029151917
379834c3-8f91-407a-8e2e-6912ccba0c31,0.0,0.0
379dea47-b547-4f18-9dff-87af2a348192,0.0,0.0
37a4a2ad-c9c8-43cc-ae01-b74a66f2a4f7,0.6376069188117981,1.0187245607376099
37ae9ab2-b0f4-43f9-81b6-1ddde502c729,0.7640785574913025,1.0654633045196533
37b32531-3dc6-4b54-ac3e-416fa4c1d9ab,0.8233965039253235,1.264630913734436
37b399bd-8c88-4725-aa7b-9faaf8e191a1,0.6369728446006775,0.7970485091209412
37d08007-99c3-44a7-8282-2a236e7fafd5,0.5269854068756104,0.5784260630607605
37e1d53f-a08a-4a62-92e4-b6f22523089b,0.6231172680854797,0.9985015392303467
37f47246-f90c-4b13-af97-4023bfdb71ad,0.0,0.6398516297340393
380745fa-21bb-457a-a11c-9f600f9017f6,0.5697106122970581,0.9309849143028259
3815b104-f9e4-4efd-80b3-d8a7e02a5648,0.912816286087036,1.2253533601760864
3820a4cc-b643-46d9-b6b9-9394ccb05513,0.0,0.0
382d789d-bdef-4eca-bf5f-9c532bc09668,0.6681725382804871,0.9733594655990601
3831e0ec-68b6-4222-a2bf-4db1bd2dea26,0.0,0.5316701531410217
383252ee-6997-41a1-bc80-39cf90d18d60,0.0,0.5978614687919617
3838d9d3-0d74-4c4b-8f9a-de9dfdb3e7e0,0.0,0.503422737121582
383e7b75-ab99-4355-8842-8c727981323b,0.0,0.9205336570739746
384b2679-a96f-4978-a891-47a66c1ab719,0.0,0.0
3855f147-aa14-4f2f-8f7b-40012f34dc2d,0.0,0.0
3856545f-17a0-4009-ad1e-f00483ab35eb,0.0,0.6143337488174438
38772e2c-03b7-4de8-ad0e-9e531759c487,0.5859194993972778,0.6256197690963745
387aa1d9-6e35-4ecc-b0bc-53145625d487,0.0,0.0
388280d5-8f69-418d-a4a1-29ad25dd2579,0.0,0.0
38881a28-fe02-48e8-8402-685b5b46ea90,0.0,0.0
38910a1f-47c8-498b-b540-b1385cffc76a,0.5155727863311768,0.8731597065925598
38a15c1e-4deb-4c7b-b61d-ae9633cee80c,0.0,0.0
38c86c4e-f021-4eee-9d3a-76d386621f15,0.0,0.0
38daebdd-be5d-44f0-b450-ed6340420840,0.5590723752975464,0.6615652441978455
38e769df-062b-484b-a5b4-cef43db5fc39,0.7087426781654358,0.78200364112854
38f53571-cbf8-4c12-ad4c-69f7d2934e31,0.5829656720161438,0.6525401473045349
3908e6f6-11e5-49e7-adaa-fe60534296c1,0.0,0.0
390e08b4-4bcd-4b13-a345-3146242b96e5,0.0,0.6231374144554138
3920bf9b-b3da-42d5-8cf8-5bda05750f8f,0.0,0.6089586019515991
392fbb1a-0702-4c7c-a8a9-b129557a741a,0.0,0.0
3936daa8-84eb-4134-b74c-673bc41b95f7,0.0,0.0
3946d293-1f05-47ce-a1bf-3f39411f412f,0.0,0.0
3978428e-4dca-4dce-84ad-a662681bcfe0,0.0,0.0
399b78fd-1972-4e03-bc25-9068aa51151c,0.6662105917930603,0.9801855683326721
39a9417a-7b89-4cc1-b811-7e0a512a60f4,0.0,0.0
39aab71b-80a5-45f3-9379-4f03a6cdf8af,0.6283199787139893,1.0116682052612305
39c19a34-b70f-473e-93d8-81ed11ddf6d1,0.0,0.0
39d22d2d-4000-46b8-90d1-7aeabd4119e9,0.5351334810256958,0.6395475268363953
39dca3ed-82b0-40e6-8308-d517067dd893,0.5324984788894653,0.690371572971344
39e6774e-baa3-47f2-bc5c-cbbba8111980,0.0,0.5097007751464844
39f71dc5-c349-4f39-a4db-f05213f77fca,0.5177618861198425,0.5618161559104919
39fe7159-2934-426e-8dbf-772ed0138ada,0.6381945013999939,1.0196343660354614
3a03f068-a882-43c2-8eeb-e7bbdfd76a9a,0.6016415357589722,0.8079254627227783
3a2004ff-9ba8-49a5-b257-62196cd62a44,0.0,0.0
3a3540cb-1b3c-4fac-b4bc-1ae0210b4a07,0.6286634802818298,0.7826728224754333
3a4c149e-f74c-4cb1-9c12-88d4e82e95b3,0.0,0.5728305578231812
3a64fa04-ccc2-4110-b274-a565aad7c2f1,0.6783773303031921,0.8361005783081055
3a6eecc3-e3b1-497a-bea5-61143bfe9f80,0.565294623374939,0.6897282600402832
3a842d1d-a566-4cd5-b961-1b9ebee3a414,0.505527675151825,0.7370247840881348
3a8a4bd9-6c8d-4d51-81da-f4cc631419d3,0.5640401244163513,0.583480179309845
3a98ee52-1eff-4abd-a56a-6f986a5898a1,0.0,0.0
3aa79731-7d4c-48e3-bf3c-cd8cf9536f5c,0.0,0.0
3ac091ca-a5a5-4d10-8687-60cd665e9190,0.6120859384536743,0.9379577040672302
3ad14cd0-d496-4ab2-b8f7-ec815d0014e4,0.0,0.0
3af6d446-0ee6-4400-a670-7aeddb08bb14,0.5630490779876709,0.7164937257766724
3b009b91-6c72-4324-bbf6-4fec438368c1,0.0,0.5420420169830322
3b2218b6-94e6-48e6-930a-08c8b040a474,0.5774490833282471,0.9225146770477295
3b2826c8-5ca3-4c07-87bb-922a9e3760d2,0.0,0.0
3b33bc5e-d506-4026-9f2b-ca1e3f5f928d,0.6658015847206116,0.9421277046203613
3b36985b-618c-4dca-b8c5-03a36e548059,0.5081325173377991,0.5875936150550842
3b513dcc-cc52-4535-9401-2e0b18524db8,0.0,0.0
3b51fa80-b1a4-419c-909a-bc988ab50fbe,0.0,0.0
3b644de6-ba1f-4cd5-8a86-cf5457b36154,0.7379915714263916,1.2232637405395508
3b729301-86a8-4ee5-976a-6a788ab11ccb,0.5972055792808533,0.8813475370407104
3bafe409-44f9-438d-9b6d-9d669235be40,0.5566402077674866,0.8748906254768372
3bbb78b6-c12d-4e8d-89b3-fe905aee010d,0.6927013993263245,0.8092854022979736
3bf15787-bfdf-4919-b3c8-87c88c4276aa,0.0,0.6097815036773682
3c339469-0fbb-4a4b-bbb7-ea56e37fa5d7,0.0,0.0
3c46c8d1-dd3a-4a25-8c46-6518f7586179,0.6674127578735352,0.8362526297569275
3c4e6f0f-0618-4ece-9430-0d6aa4bb81fa,0.0,0.5202710032463074
3c515210-8110-4633-8aff-7f123dcdcac0,0.5714328289031982,0.888105571269989
3c5192c6-19a0-444a-ad0d-e61ce3773baa,0.7197023630142212,1.2044610977172852
3c5d5697-d764-4192-b903-1a2b1286bce1,0.0,0.0
3c61c754-a1c3-49f2-b8dd-ef4d5d0b32a1,0.0,0.5086546540260315
3c71da3d-f8c8-486f-9ed7-c5d55a2404e1,0.0,0.591708779335022
3c80bd9d-82ec-4999-82c4-d2b0684b6e33,0.6356238126754761,1.0142821073532104
3c848159-0688-4855-8861-a9d917772824,0.0,0.7977750301361084
3c98aff4-5434-49d7-9f79-02f485b156d1,0.0,0.0
3c9c4871-9b67-46aa-bc8b-f5f1d302893e,0.0,0.5383273363113403
3cb50d99-d02a-42c5-94b1-18af3327b9ee,0.5591357946395874,0.8704001307487488
3cd9aa57-69bf-430c-95fe-54852e33d324,0.5231260061264038,0.5799422264099121
3ce49149-c1af-4f3a-930f-469ab0ed4e99,0.0,0.6265993714332581
3ce84777-ca74-4664-9e50-dacc8b610b10,0.0,0.6413914561271667
3cf4a047-94da-421e-aa73-834b7e115d12,0.5807368755340576,0.8755324482917786
3d029c25-7391-46f2-bb5b-41010612764f,0.7884864211082458,1.0768957138061523
3d1a8830-5afe-45ec-b4ea-6315e02f552c,0.0,0.7164028286933899
3d29d06f-62b4-470e-9839-0ff7e4df127c,0.5477262735366821,0.5996478796005249
3d2d97f5-e6fd-4758-a1ee-37b0e7141506,0.5064810514450073,0.7425150871276855
3d31b2a1-57cf-48c4-bb3b-0e1fdaa6e6c9,0.0,0.0
3d341f74-fe13-4f3f-afa8-18bd1ef94bd9,0.0,0.8749650120735168
3d39581f-c285-4f8d-a9c9-4b0f9dfd81ab,0.0,0.0
3d4238b7-44be-4cc3-a83d-7a941fca7e35,0.5169408321380615,0.6881958246231079
3d42c4a8-7137-4d2d-bc85-3341f8e24818,0.0,0.0
3d43674f-e9f0-4185-a4ea-3a325f7ec1cc,0.0,0.6067204475402832
3d77ad88-52b3-441e-ade3-695b55381de2,0.0,0.0
3d7d8b8d-12e8-4824-88dd-6ac62fc2d7c8,0.5062965154647827,0.604500412940979
3d850598-9a42-498f-b1a3-890b4a93feaf,0.0,0.0
3d868eae-d0d6-4900-9629-fa32af4731c3,0.0,0.5036613345146179
3d89a2eb-c329-4ce6-9fce-07ea80b49d6d,0.0,0.0
3da4c528-ae1c-418e-9362-55d2db336b3f,0.0,0.0
3da70d3c-4cda-4a19-a171-cdb49e49766c,0.0,0.5612832307815552
3daeff51-d9d2-4b06-b823-96545da0b827,0.5902553796768188,0.7076584100723267
3dc1b72d-ea48-4a93-960b-9fbe4333ac43,0.0,0.5511394143104553
3dc4f7c0-31e8-42a1-8186-21caebbe8f82,0.0,0.0
3dd4919e-5661-4309-918a-3f95031c1478,0.0,0.0
3de48096-9437-4d2d-b509-15eccdcb6605,0.0,0.0
3e030458-d4c9-4647-acb3-d229b999cb87,0.0,0.0
3e0e5683-b033-4bbf-8763-accb035ee521,0.5129017233848572,0.5586574673652649
3e14abf8-7fe6-4fd0-bae6-e89f7476d426,0.0,0.0
3e451988-76a5-4795-bbed-9d7bb1676fcf,0.6847143173217773,0.7976534962654114
3e604e29-751d-4c13-9029-fff5d01fe122,0.5264357924461365,0.5996081233024597
3e6ca085-05da-4343-b878-dc08c56e1761,0.0,0.6468687653541565
3e947397-3292-4159-b950-44e4545308ab,0.0,0.5862851142883301
3e96bcef-7f21-4ab8-8812-76128454993a,0.0,0.0
3e9f2c03-2fb1-4d8c-9b43-73a1579ec552,0.0,0.0
3e9f71e6-d769-4dd9-bef2-f8a9f8b14dd1,0.0,0.6774410009384155
3ea5a3d6-8914-41a4-8a42-e52ec3a39bab,0.0,0.0
3eaa563e-0f51-4f37-b599-dc6a951810f1,0.6761672496795654,0.786746084690094
3eafe93b-2db8-47e7-9a36-543005e51df2,0.0,0.0
3eb989f2-5525-4e52-a498-b7726440f227,0.5465508103370667,0.7192374467849731
3ec78962-0d94-447d-bbbf-6ef9307504a0,0.7294118404388428,1.2576011419296265
3ec9af1a-1e09-4d16-9c50-9ca3b912529b,0.5878851413726807,0.988213837146759
3eca47a8-22e3-4c29-b738-301ee098f87d,0.0,0.0
3ecb246d-5048-4610-beb8-9a975a15902f,0.0,0.0
3ee35092-5f35-4fcf-ab21-b465b8a5143e,0.511634349822998,0.71342933177948
3f1c3e81-1a02-457c-8311-f888d4dadf79,0.0,0.0
3f56ebb1-0329-4075-96a8-338290ec3f13,0.0,0.572708785533905
3f5778fb-8306-4ef8-93ea-40f79dc7b6a3,0.5113067626953125,0.7215942740440369
3f5b9d3f-d889-4efc-9eef-d700484f37be,0.0,0.0
3f82107b-79a6-4cec-b193-1f7d459ae11e,0.5335798263549805,0.6544663906097412
3f975119-2bc8-4115-b202-3b5cf0e16b12,0.6226094961166382,0.7537568211555481
3fa4ad04-15ef-493a-ba64-e6d367cc06ed,0.0,0.5046295523643494
3fa52efb-177c-47c9-87b6-9c17aaa3638b,0.0,0.0
3fb27df1-7d50-4ce2-a0bb-899b6695f633,0.0,0.5571721792221069
3fdd0071-1348-43aa-8b63-1798cabd8baa,0.0,0.0
3fefe72a-d7d7-445b-b95f-4dd5148f2e28,0.0,0.0
3ff1612b-6d0e-48e2-be66-1b64665befd1,0.7085694670677185,0.8207441568374634
4007a1f7-5def-4cc7-b4ea-59d5f235a803,0.0,0.5619184970855713
401a9637-e382-4694-ac16-16902fd6a515,0.5720508098602295,0.6886536478996277
4023d30e-108c-4be9-9688-64404c599345,0.0,0.0
40267b2b-b80f-4d5d-a056-a0959ffc8485,0.0,0.0
4027fadd-6229-49a0-aaa2-9026a1f4c75d,0.5760707855224609,0.969495415687561
402dd439-c8d0-4179-a097-5fdd1abe28ef,0.0,0.6168460845947266
40490fc4-6675-4b73-afaa-642f2ed93ecb,0.0,0.0
404b416b-32eb-49e4-bfcb-5c2c0189a550,0.5965681076049805,0.6305169463157654
404dc015-f1ef-4f46-9ade-46482fe36ed2,0.0,0.6618606448173523
407b877d-a8e7-4d70-9477-5fac4904095b,0.0,0.5814396142959595
4087d3ce-6049-45eb-8011-1d2ebe498e25,0.0,0.5563659071922302
408ae352-c22d-44f8-aa29-69720b8866ed,0.6211223602294922,0.9962398409843445
408b64d3-4c63-4754-82e4-830f35d3e65b,0.0,0.0
4092dc1c-0da1-4684-b7f8-589a551bb3fe,0.6914634704589844,0.9806652665138245
40a05c81-de98-4975-b283-39fa45ff14a6,0.6320593357086182,0.8093961477279663
40a53da6-22ff-4b14-a3d9-7416c65e708e,0.545152485370636,0.6014159321784973
40a6c403-2e1d-45cc-a98b-03875a0b0cac,0.0,0.0
40ae3aa6-3d5e-4ae4-98bc-5aa25f939b1d,0.6183838248252869,0.9934000968933105
40b44be5-5339-4bb2-b7c8-0489168286a6,0.0,0.8378843665122986
40bd5aab-8e18-431d-9515-e3a6ea99dcda,0.0,0.0
40e8e561-f218-4a57-b40d-b695647e6b88,0.5940811634063721,0.7815582156181335
40e90e63-7605-4e9f-87aa-f12eed5956d9,0.0,0.0
40f53fa1-898f-462d-a06c-e2f3f9e9fb52,0.5045599341392517,0.5910011529922485
40f9f461-820a-45e1-8090-7bb289fa1fb8,0.0,0.6911314129829407
40fd52ed-4d2f-40ef-b07b-1723304d710f,0.0,0.0
4124a23f-0ef6-4274-9449-04c9961f7e0c,0.5847389698028564,0.8439804315567017
41293581-2df4-4ab7-94b3-d59dcf91e24e,0.5262366533279419,0.6975648999214172
413fc46d-bfda-460a-856b-aa42e05df0f4,0.633983314037323,0.7004342675209045
4172d1fd-73cd-4c91-842c-3ec4300bef36,0.5311333537101746,0.8450803756713867
4182b13d-6891-4916-9b81-4f7f6481656d,0.0,0.0
4183ff68-564d-4820-8fdc-4534aaba42dd,0.0,0.0
41862783-ea4f-46f3-8892-b0d4fabadeb7,0.0,0.5336964726448059
41862ee1-ff02-4234-a108-0605a87d0e68,0.0,0.7376294136047363
41888d1f-f7f3-4f91-910c-d2f6621f8c61,0.0,0.0
418c2b61-9ed3-459d-8e5b-d767bd405b4f,0.0,0.0
418e0b52-f4e2-4bec-9284-c0a6e6298377,0.5902840495109558,0.8627486824989319
419be446-1eb5-4988-9021-c0f746fbac76,0.7006284594535828,0.9939674139022827
41a6695d-89de-4d8a-ba89-f68eaf9b5192,0.0,0.5335808992385864
41c12128-52b3-47d5-b38a-91828e32a4db,0.0,0.547749936580658
41cdb2d9-3d01-415b-8137-949cf12d9406,0.0,0.0
41d12938-3367-4311-8144-a2e7ff6768ad,0.0,0.7409411072731018
41e70b72-ba35-4780-a897-646cf923f92b,0.0,0.5561640858650208
41ffce84-267a-41c9-baa1-b524cb22048f,0.0,0.0
4203eed4-6ec2-47ec-b339-2460903077a8,0.0,0.0
421a469a-31da-4cc2-b581-9e1396b4cd99,0.5362496972084045,0.6583440899848938
42220d92-b3d6-4e2c-9324-7e1e11367bd6,0.0,0.515922486782074
422e5644-4814-4d7e-8330-bb0fc0f52fe5,0.0,0.5185820460319519
423ab21c-e99b-43b6-ac0a-5397e1368660,0.6730543971061707,0.7850521206855774
423b09fb-c7b1-4520-9f29-acf26d766bcf,0.0,0.6080914735794067
423c8ef5-376b-436a-89eb-de492a49f00d,0.0,0.0
424efe65-01da-4347-8896-cc83455b9c0b,0.5340391397476196,0.632951557636261
42576909-3ecc-4e90-b289-6d3c02b1ddad,0.0,0.531539797782898
426742ef-65c2-40e4-b06e-60e64e9bb9b5,0.5019524097442627,0.0
429fb9b2-70d6-4ea1-82f5-0fb307128968,0.517547607421875,0.6202732920646667
42a974cc-1176-42bc-b083-bd4b9034cad5,0.6693527102470398,0.8061771392822266
42b43ee0-1d07-41a6-854b-5c10ac3cd402,0.0,0.0
42bd7848-2636-4ee6-89f0-6e4e463e354d,0.0,0.711061418056488
42d2e4f8-ed16-46b8-99b1-b13cefb04560,0.5886778235435486,0.557865560054779
42e49ac7-023c-4178-bebd-60c108a1adce,0.0,0.6001684069633484
42e60c13-cec2-4ad1-94ca-11eb637c03ca,0.0,0.5635098814964294
42e8cd01-df3f-430e-8ebf-cb9e8c271f3c,0.0,0.0
42ead33a-4999-4eab-91c8-953e11690b36,0.0,0.0
42ef28da-20b0-46c8-8e8c-c00057c9f708,0.0,0.6280117034912109
430628b3-6d5f-4e89-826e-25876c7834d9,0.0,0.0
43083cd9-c65a-4c7f-ad41-324aec0abe43,0.0,0.0
431d9299-f80f-4b69-95e5-77d0bf5999fd,0.0,0.523444652557373
432c1291-5db6-4e9d-b7c4-52500570501d,0.5976651906967163,0.8988642692565918
4332f64f-9a04-4885-a53c-b5f565aaff87,0.8777594566345215,1.1425949335098267
433ea71a-2252-4dad-a422-2e8c5d246593,0.0,0.6309763789176941
433f7f4e-1c8f-4e78-94b1-f6240b08cd3b,0.0,0.5420555472373962
43446635-ad28-436c-a472-206ff6c07ed5,0.0,0.0
4352c30b-e65d-4984-b2d9-ee6419078982,0.5164307951927185,0.0
435600b9-74ce-4c56-8591-da9c650e6848,0.0,0.0
43569c30-e7b0-4767-9685-57f5c798ceb6,0.0,0.5797728300094604
436746e1-a532-495c-a6ab-adbcc2228294,0.0,0.5905970335006714
436e3b87-d516-4247-b54e-53f6a4631b5b,0.0,0.6560599207878113
437fe5de-235a-4d8e-a80d-dcb2530b8696,0.0,0.6208470463752747
438c08cf-88b8-4c47-b24d-46cb0470dfdc,0.6181896328926086,0.9973846077919006
4392339b-5b5a-41b9-8952-503b3d8f8c9b,0.0,0.0
4399a363-d798-41fe-8c72-54940293d1e5,0.0,0.6702247858047485
439f6703-4ad2-4d64-af35-c8005994f2f6,0.6731626391410828,0.6770188212394714
43aec208-e876-488f-aaa6-c040fbe7a37b,0.7170102596282959,1.0041574239730835
43d1fb46-45a0-4635-af1c-6cf53846671a,0.7057809829711914,0.9961399435997009
43eac27d-57f3-4575-8dc9-79a18c5237a0,0.6093733310699463,0.9848848581314087
44068524-7a79-47cd-88c0-1a80c8015509,0.0,0.5448041558265686
44156488-96d8-4f83-b5e2-71c9a80f34c7,0.5048981308937073,0.7805551290512085
44259e94-927d-461d-b754-bb55f95f1856,0.663971483707428,0.926720380783081
4438294d-ebc8-4ed7-a020-61612333fd26,0.5525776147842407,0.6040481328964233
443b97ac-78e7-4e4d-a71e-9526ee725d7e,0.0,0.0
444921da-4aef-40f5-a8b5-4e5f1bdb6e8d,0.0,0.0
444a09c7-aeb3-4524-9443-59c987b90fa2,0.5263681411743164,0.636178731918335
446ed1cc-fee5-45b6-b274-84ffc06d8180,0.0,0.6664557456970215
4485cf81-3cbe-410f-b976-cb1400bf3f1c,0.0,0.0
448c957f-9214-46e0-b290-f0c8479d68be,0.6415367722511292,0.7402362823486328
448e6e80-a5c3-4358-ab06-2dbdb4839b8b,0.0,0.0
449a1757-c6b1-464f-aff2-e40ba0c7a9ca,0.0,0.0
449eb0ef-7fd3-4050-9253-cf884ade7356,0.5708469748497009,0.9577010869979858
44b05154-509f-4351-bb22-019c306f1b13,0.0,0.5511106848716736
44bc9987-d41b-413d-973f-a7777d096476,0.6614299416542053,0.787862241268158
44c59a97-be9d-4c89-8975-8b22727f6da9,0.0,0.6510494947433472
44d1097f-ffc8-4c6e-8658-1f79d18b07ad,0.0,0.0
44d48e2f-859a-49ef-b8b4-af423302bbcb,0.0,0.8346022963523865
44fec5be-cdbd-45d4-a04d-93282eacf1e5,0.0,0.7193800210952759
45004d4d-92c4-456b-abe9-46c9de76587a,0.0,0.0
45160986-6dd3-4989-bbe9-5b5f824da630,0.6108759045600891,0.8239526152610779
452341ae-15b0-4169-8b89-e984e47b1655,0.0,0.0
45583fed-c8cf-4f2b-b606-8c60f4b67df4,0.537772536277771,0.5268415808677673
45627cbc-6781-4c26-b520-7e0708df7eba,0.0,0.5144641399383545
4568513c-b82c-4ff9-b395-d6c94daae84d,0.0,0.0
4571e3b0-c1c1-4572-8e24-a6ccbf8f8805,0.0,0.6891939640045166
45732d60-a0e2-498a-9e00-2126a7c82dfa,0.0,0.638490617275238
458049bf-7d54-4215-86da-692284131a77,0.0,0.6094391942024231
4591bcce-1fb5-444d-a982-822028aa38ad,0.0,0.7589029669761658
45a0964b-5d7b-473c-9f1b-ab550ce83e92,0.0,0.0
45a4aa34-5435-4361-82b2-e3810eafbd18,0.0,0.0
45a672c5-2a85-48c8-b4b6-8489694b1a01,0.5043994784355164,0.6418188214302063
45a99c93-7669-4d32-a71a-14a63683ff66,0.0,0.0
45bc7d9d-819b-42bb-be03-8a63b4ff44e2,0.5212540030479431,0.7327925562858582
45ca90da-3e5f-4d59-a67c-a7ae616096e9,0.5577052235603333,0.9624204635620117
45d46b3f-0c67-42e2-917e-e50babb6faf0,0.6157326102256775,0.9989066123962402
45d6e161-b4d6-4ff6-b1d3-2dd1ed15a50d,0.0,0.5594924092292786
45e05f1f-17ee-44ec-bc25-2e48b21e2e27,0.5440000891685486,0.5861974954605103
45e9f328-c0ad-40ba-b02a-9dd582b023e0,0.5393950343132019,0.6217727661132812
45f65e16-bf2e-4960-84ee-baa252edbb8f,0.7344638705253601,1.3432682752609253
45f7b68e-dff1-4095-b103-50f72ae01f69,0.652646005153656,1.045703649520874
45fdb4be-0f09-4672-91da-51f921344666,0.0,0.6399843692779541
460225ad-f986-449d-baf2-a1b2cd309850,0.0,0.6073923110961914
4640daa6-5bf8-4013-9348-f0d6481003c3,0.0,0.0
4660b695-0fce-4b08-a4a9-0a47a3aca05a,0.0,0.6650810241699219
466a119c-75c6-4bf4-b671-6d3997bbda52,0.0,0.0
4674d113-e31a-433b-a37d-5bb127affcea,0.7195016145706177,1.0162334442138672
467f9e7f-78ea-49b1-82a0-1f75253bd308,0.7293465733528137,0.9058502316474915
468518c6-e111-4f39-ad94-012c66233b70,0.5232230424880981,0.8115233778953552
469cd8a1-8100-43fe-9b40-3a996564d479,0.0,0.0
46c17842-b91b-4d7b-b1ef-195770376618,0.0,0.6083105206489563
46c4e9f0-7c88-49f7-9b4c-f91f9cedb32f,0.5270599126815796,0.8989142775535583
46db2651-c153-48c6-86db-8be9dacd077d,0.5174928903579712,0.7881866693496704
46dd6b40-1390-48ad-90d8-5629903786f2,0.0,0.0
46e4b180-4e3c-4e29-be77-20eb129166d6,0.6310219764709473,1.0102125406265259
46ea6124-c16a-4c27-b9f2-3d4e8f414c17,0.6002882719039917,0.6078087687492371
46efce42-e2bf-4829-80f6-25124622fb39,0.0,0.5747909545898438
46fc7422-6979-445a-845f-cd2f52d526c8,0.0,0.0
46fd00f7-cd67-4bad-a34e-bcd1e80327bb,0.0,0.0
46fdf181-d307-4a7e-b1ec-6b4eef4003ef,0.0,0.5325270891189575
471efc8f-a59b-4059-8441-db9d93cdcf94,0.0,0.5153763890266418
472313ea-1174-4fb1-b74f-efd3e30e9af6,0.5000857710838318,0.6111977696418762
4729c4a4-97d2-42ad-844b-8a8ca6e86521,0.8868715763092041,1.1261906623840332
4735cd37-482f-436b-a3b0-6bb410a74bc7,0.0,0.0
47479e6d-82c7-407f-abac-276ae0f6347a,0.0,0.516974687576294
4770f285-6ff2-421d-93df-b7c9ac55a6ce,0.5801558494567871,0.9139676094055176
477d9b00-6b59-46e2-8448-90a26873b0f0,0.0,0.8783221244812012
477de1e3-227d-4c45-bbbe-59a8c9a471a9,0.0,0.0
4781f773-e0fc-4151-aad7-01207794b9e3,0.7501440644264221,1.0087147951126099
47b86c47-f504-4b7b-8ca9-a88f24aa1e60,0.0,0.5943954586982727
47c52ade-1417-4e2b-b9f3-3a51c4259fda,0.0,0.5394294857978821
47c88022-e05a-4991-a1fe-66dddd9f4ba3,0.0,0.5249571800231934
47d8da6c-5c76-4aee-8169-554f4f850f02,0.6262899041175842,1.0092084407806396
47de793c-351e-4726-b042-0e113882a46d,0.0,0.6133131384849548
47e1f349-3081-40d7-a639-df522b4598f9,0.0,0.0
47e57b01-b9c3-4124-9e64-c68e44fe533e,0.5792925953865051,0.8837839365005493
483264b8-039a-435a-8ea0-57226a5b3c8e,0.0,0.0
483ef76b-48cf-4940-b125-9227b2118c08,0.0,0.0
4846d1bb-0681-4ca2-b2b6-ea25af1bf955,0.5291455984115601,0.6643816828727722
48492e79-e39b-4fed-8e7c-e091fe801034,0.5115143656730652,0.9106724858283997
486a457b-4689-4034-94bc-1341b87a9f83,0.5087129473686218,0.5082513093948364
486b71d4-468c-4820-9646-87cc5aa07389,0.6679232120513916,0.6825969815254211
488d68e5-b261-42e5-9c12-c3f7bc4d893c,0.5828045010566711,0.6745651960372925
489cb87c-3488-4994-8924-29891b711344,0.0,0.0
48b92851-9f88-40b0-ad52-ffe1384fd735,0.0,0.0
49392f05-7cef-495a-aa14-4379075bd491,0.5888287425041199,0.964677631855011
493e223e-1a57-4ed6-b193-0a53ece0c0ca,0.5038523077964783,0.6450390219688416
4954b573-8bd0-4bd3-baa3-0372a5826863,0.0,0.5053719282150269
49676129-3d94-45c5-8bf8-f0ff38a71ef8,0.0,0.0
498778c5-8f1f-4b51-9f25-ff4e6c5775c6,0.0,0.0
4988f531-bf15-4789-aff9-3b7d8590cef7,0.0,0.0
499a832b-4b5b-4472-9909-83ceb42cfb8c,0.0,0.5123281478881836
499ea156-6e36-4069-88f1-7d72067412fb,0.5306397676467896,0.6499049067497253
49bfef69-2792-4c42-87aa-672106e442cd,0.6392862200737,0.9946286678314209
49c128b0-7dc3-41a2-8452-79a79b2421e1,0.0,0.6494588851928711
49d2fbea-bd2c-487f-8427-76faea15a5f1,0.0,0.0
49f4ef1a-fccb-40d8-aaaf-a87424c4233f,0.0,0.6154584884643555
4a0bbec1-1545-47c3-8e29-8097d1df34eb,0.0,0.6307448148727417
4a1ab62f-c7b7-4f29-baf9-c04d5b84bc43,0.6163215041160583,0.6885082721710205
4a21c1b5-faef-4186-afae-557f80c779b6,0.0,0.0
4a333f6f-183f-4532-909a-ba4da14e7e38,0.0,0.5333923101425171
4a39b09a-4f76-43eb-8ca0-501c02c6e3dd,0.6019468903541565,0.9914300441741943
4a6b1240-1017-4109-8f1f-09eac46e5ab4,0.0,0.0
4a6ca1fa-6fae-4a86-aea3-c1691319d7bc,0.524307370185852,0.559768557548523
4a6fdf54-0def-49d5-85c1-aceb07fa78c2,0.5409294366836548,0.5890355110168457
4a7454fd-829d-4303-8048-96df4fa774cf,0.551372766494751,0.7358183264732361
4a7717da-3d6f-4784-a213-4a3aae879ea0,0.5970897674560547,0.8789030909538269
4a7fbba1-fbc4-4afc-8c1c-02f194f1d03b,0.0,0.0
4a92d53e-e8e5-4d2e-8db2-0f97ca149b2c,0.0,0.6102170348167419
4a93d799-120d-4a69-88ef-35c975476f28,0.6322243809700012,0.7980384826660156
4a964527-4015-4487-963b-670e4934596a,0.5964896082878113,0.9555068612098694
4ab2334f-39b2-490b-9711-07f40d38b5c1,0.5932284593582153,0.9412258863449097
4aca030a-2f85-4891-a05d-8cb8a3a8e810,0.5250738263130188,0.6057260036468506
4ad462fc-e3de-4e5c-9f4f-ef6d2f229a40,0.0,0.0
4ad8db6a-038c-49fa-8c6a-3c42ce893e0a,0.5945630073547363,0.8959915637969971
4ae32a8b-1e11-4c95-994e-cafc38f11770,0.0,0.5362643599510193
4ae4bfa3-c55f-4a46-9521-b19454dba59f,0.0,0.8796575665473938
4ae6b3b5-7226-4efe-a2a4-4278c66ed403,0.523306131362915,0.8700436353683472
4b11a465-6a6a-4599-8ca6-4fbda30bff93,0.0,0.0
4b1a5950-a270-45cc-a485-c9cf8f29434c,0.0,0.0
4b2562ad-1daa-4b56-9c99-6b5df6a51bf3,0.0,0.0
4b274d0a-d3ff-481c-8943-6aa8eaa438b0,0.5640213489532471,0.8449869155883789
4b32cb01-bb9c-4486-a9cd-93b45d93bf76,0.0,0.0
4b45814a-6229-4e02-bae8-f4a4051e4a40,0.0,0.6113240718841553
4b4f3c21-409e-4428-9fe2-2fc97873b5b5,0.0,0.0
4b7ca406-5af2-4642-9314-7da2901a0b8f,0.5626100897789001,0.695453405380249
4b85f918-5112-44b7-8d82-175d0f201700,0.0,0.0
4b8ef2e1-a492-4bdf-869f-2bf34e34d1a7,0.0,0.6197531223297119
4b919e3b-1cc3-4a98-a235-8eb1f6b1b453,0.5660783052444458,0.7425153255462646
4b930021-9f10-44a4-aab1-bd0fa5aac2aa,0.0,0.0
4b97641b-9a8c-45f8-84ff-93b0201a7512,0.7860982418060303,1.1677583456039429
4ba33f38-8daf-4540-b0e4-94b53568dc85,0.0,0.0
4ba5d95b-e4fe-40f0-86e7-3595109ccffa,0.5076784491539001,0.7671039700508118
4baa2535-1290-489a-98b2-44bd27dd8495,0.551459789276123,0.6122812032699585
4bab8cad-160b-44eb-8225-01aab9d4932a,0.0,0.0
4bc27bc6-aef9-4ebc-93e0-1403290048df,0.0,0.519099771976471
4bc578f9-96aa-4cdf-82c3-6b4d79ea9f2a,0.0,0.0
4bd295dd-f3ab-423e-9863-9e7c74127e04,0.6840944886207581,0.9605918526649475
4bf725a0-7480-4f07-8367-909df89557cb,0.0,0.0
4bf7b8af-79df-4e7f-8629-b1366fff7ffc,0.0,0.7615960240364075
4c2c8fab-ade8-48cf-8ad6-948512137309,0.7150778770446777,1.1722620725631714
4c412490-505a-4e03-9b99-8c3fb79d7ab6,0.8846794962882996,1.2734897136688232
4c48206d-bb74-4ad9-b2c1-5e5374cd975d,0.0,0.0
4c484ee5-3bb3-4882-b2b5-2043383a337c,0.0,0.7943896055221558
4c542c32-701c-46b3-9871-20ba2e913b17,0.5182712078094482,0.7661396861076355
4c63b9d7-9a2f-473c-bfae-0dadf5d1ef3b,0.0,0.6148399710655212
4c680522-bb89-4825-88a0-8947773801c9,0.6650562286376953,0.923673689365387
4c77f578-af35-4b7f-8871-bb7a8e9545b0,0.0,0.5729951858520508
4c8643dd-b949-404f-bd0c-dce931ff4c47,0.6905641555786133,1.1047204732894897
4c90d6b4-8fff-4c20-b2db-90a166715a6a,0.0,0.0
4ca3c0fa-6649-46b9-9775-4b4d95788bd6,0.0,0.0
4cac6b2c-9611-4d3f-b09a-708db0627c19,0.0,0.0
4cbe471a-3f0e-4a8a-92e7-949c7a055f91,0.6440216898918152,0.6831845641136169
4cbe4bd2-bd3f-48e5-9628-37309faf6bb0,0.0,0.0
4cc0128a-8664-4b64-bf82-ca63f0f9d3e0,0.5800838470458984,0.9478861689567566
4cc160ed-2a20-4399-8d9e-bb89fb042955,0.6621265411376953,0.7738069295883179
4cd239f6-2c7c-42f7-be5b-09ef154976df,0.0,0.6110165119171143
4cdbd413-70fa-4819-a73b-09cf1cfad62a,0.0,0.6097137928009033
4cdcd63b-a0e1-4c60-902a-8849769f1a19,0.0,0.0
4d0a38c4-568c-40a4-b703-4613b29f26ac,0.7960782051086426,1.134476661682129
4d0f9dd9-3c07-48bb-ba5c-97162bf60bbc,0.0,0.6598790287971497
4d14b37b-9607-43c4-8394-6f8ad0536c54,0.6801651120185852,0.904557466506958
4d16801f-2f11-4f3a-8e6e-6af08953c981,0.0,0.0
4d20e48d-0e5f-46ad-a60c-a223848021a9,0.5335454344749451,0.6756617426872253
4d289884-549c-45b0-b2a8-dfdf53002d18,0.0,0.5575980544090271
4d290fa5-bf79-40ea-be42-04c79cdaddc7,0.0,0.6725648045539856
4d2e0160-ca89-456a-a60a-c6c6d11cb2c6,0.0,0.6776660680770874
4d32dc94-4a19-47a3-ae9b-217dba4f5918,0.5816413164138794,0.5730661749839783
4d59ad22-3f66-4027-a9b3-1b807ffbe746,0.0,0.515519380569458
4d655040-ca0a-4f03-8ebb-21ae4d683dbb,0.0,0.6301807761192322
4d90f5b0-0932-435a-9749-6db095b196c0,0.5582058429718018,0.7200132608413696
4da7e728-3684-4241-90c0-115c32cfba9d,0.7036253213882446,0.8692860007286072
4daba906-e7c6-4d72-b38f-7186c7e02d52,0.0,0.0
4dae3821-0b58-4f81-8388-83a2ead95dc0,0.0,0.8409594893455505
4db2c717-8b95-42a3-87d7-bad2dbaa3167,0.0,0.5205516815185547
4db8a885-d4f4-4447-a346-c858b26664ec,0.0,0.5662734508514404
4dba7d44-d95a-476c-8614-b10fe81d25aa,0.0,0.0
4dbe4bc0-79bf-4d6c-b2a8-7cdafed5ea42,0.0,0.6598008871078491
4dc44e96-6cff-43b1-ad30-9faf8b4979f6,0.0,0.0
4dc5a064-8ae7-4283-b0a0-2d4937887ffa,0.0,0.6179366707801819
4dc653da-06b1-45fe-b67c-1b90c7ad17c9,0.0,0.5142588019371033
4dcf37cd-ca4a-422b-927c-4a52b31757da,0.5330561995506287,0.593758225440979
4ddf81c5-7fea-42c3-98aa-e7eefc25fd1a,0.5844680070877075,0.7973316311836243
4de326b0-b25e-4872-9d7a-09fa772ccbd2,0.0,0.0
4decf2df-c5b2-4042-ba12-0bcc54b649f6,0.0,0.775178074836731
4dfb0acf-54bb-4cab-b72b-6bc409a977dc,0.0,0.0
4dfc207b-11fc-4f3e-b00c-bfdfff0a2858,0.5996686816215515,0.7031646370887756
4e2345eb-9a68-49ef-bf47-bb233118a137,0.5929153561592102,0.6274581551551819
4e32ab99-8307-447b-abc1-26cfd3ebe9fb,0.6138398051261902,0.7284107208251953
4e3af6c6-19e8-4921-ac2d-1def29121597,0.0,0.0
4e3e1d49-e6fb-4cf9-90b7-3c2e3e92ceb1,0.5310794115066528,0.5520355701446533
4e3fa76e-bdf7-4889-8f1b-df17c7c6f882,0.0,0.0
4e43b5ed-60b9-4f70-81a8-0d2e406c6031,0.0,0.0
4e49ca51-801c-4410-a7f5-badeada062e3,0.0,0.0
4e5182da-a3ba-4fb7-8f09-7e4714280205,0.0,0.7777979373931885
4e64e322-569e-49da-98f4-6c2c0bfa7028,0.6187646985054016,0.9955639243125916
4e7859e5-463e-4830-9b84-bcd0f9dc96d2,0.0,0.0
4e7e9eca-0387-4b15-8a8c-fd591215ce41,0.5280896425247192,0.8228062987327576
4e9a49c5-0069-471c-97a1-02c33c7ca275,0.0,0.5228844285011292
4ea83b76-4392-45eb-9ba4-4742866f7e0f,0.0,0.6094465851783752
4eaeeb94-8ae3-4cf1-a437-94903d68d9a8,0.0,0.0
4eb5927c-c513-430e-b834-9ce1be17d833,0.0,0.5669583678245544
4ec757e6-9b65-4889-934e-6b2e70973728,0.6239348649978638,0.6178262829780579
4ef07e96-c6cc-44c2-bd8b-ba86454a11c1,0.0,0.0
4ef2ed54-3ed5-49a4-a7dc-d484c932f5c9,0.0,0.0
4f07108a-f1eb-449c-8df7-6f034c1c0202,0.0,0.5110200643539429
4f080cf8-3947-4911-8614-42edf19c3d69,0.0,0.6238772869110107
4f15e776-af07-41f9-bae4-99f9aa113e78,0.0,0.5893718004226685
4f2652be-5f1b-4a74-8eff-84eb3f5c3b5a,0.0,0.6050683856010437
4f39ff6c-9807-482f-a8c5-58a04704c828,0.5113327503204346,0.50221186876297
4f503606-66db-4a30-8565-da6eeb74d90d,0.5450265407562256,0.6517201066017151
4f587851-8f47-4a19-a7e2-3cf5654d6ec0,0.5112646818161011,0.5057754516601562
4f62b940-158d-43f7-a073-615d58c74d02,0.5967817306518555,0.9060195684432983
4f66a70a-1e29-46fc-b886-fcfc9b6d73a4,0.0,0.643703818321228
4f6725f0-bae8-49b5-8c89-a76525ed4884,0.6380290985107422,0.8778095841407776
4f699d15-e025-4982-aac4-57ef7a9e1645,0.857986330986023,1.1240901947021484
4f87b392-6801-4377-9f4d-b56d8dbd8f6b,0.5455044507980347,0.5517119765281677
4f8b063c-b319-4c66-902f-0c6f5428ac82,0.582446277141571,0.9640969634056091
4fa00687-d601-4733-941b-386e129bd454,0.6047695279121399,0.9801546931266785
4fa2fbc0-d328-4fce-834d-58bd8682cf37,0.6187528371810913,1.0002521276474
4fae073f-7771-4f56-8682-bf1f635f2876,0.0,0.6471537351608276
4fbe10b1-0a75-4b1c-b4a8-e094d9960e43,0.0,0.5031458735466003
4fca64c4-d4db-41b3-9244-9ac3fa125e89,0.7969803810119629,0.9944160580635071
4fd9919f-9496-4047-8058-5c79a39ac2df,0.5083074569702148,0.6424449682235718
4fdf15bc-c8b5-4a83-92d0-bd8560caa7e4,0.5876435041427612,0.9318862557411194
4fe96f74-0ce4-4bb4-93d1-a3fe72c5527a,0.0,0.0
4fef2771-12b7-4bc3-885a-538ea6f1911f,0.8321170210838318,1.123534083366394
5000197f-c088-4c1c-9ddd-d4220ad2fe51,0.0,0.5151013731956482
500513eb-1ae2-4e80-91fa-31994647bb1a,0.0,0.5977318286895752
500783a6-e07f-454e-9417-8cdfcdc447a0,0.0,0.0
50082aa5-76a6-4d58-aece-de4fcda6a3c5,0.5017595887184143,0.6256508231163025
501a9552-514d-4558-9be4-15367fe8e3ad,0.6666833758354187,0.9328463673591614
503ce9d2-2cca-481a-8882-5d663ba05f60,0.0,0.5535414218902588
503df462-c10f-41bb-b648-9652dc7488fa,0.5136870741844177,0.542998194694519
5050a81b-6bbf-4d21-8ccb-a97a6f56b1d3,0.5228121876716614,0.6177809238433838
50571668-d4c3-497c-81da-0e648593e387,0.0,0.6543776988983154
505a7226-9bda-4bc4-a380-10bf6ee979bb,0.5514940619468689,0.525381863117218
5070ce20-53eb-4989-8510-1638793c5149,0.0,0.6485601663589478
507b58e4-afea-450e-aba5-a77fe97e8e53,0.0,0.0
5080d759-162d-4171-b2cd-bad10ab058c3,0.5977398753166199,0.7677794694900513
50a3c510-b652-4ce7-8d7a-f87e117673ab,0.0,0.0
50c3d359-d393-4726-8f25-cfbe526e3f7f,0.6110833883285522,0.9923343062400818
50d69b90-d24b-4cbb-b668-539dd23833be,0.5840023756027222,0.7356861233711243
50ddf313-51c3-424d-9b90-7a1d031b86d4,0.0,0.0
50e1720d-cdd1-40c7-a7b6-06f573f25727,0.5341768264770508,0.7656254768371582
50e3f6ab-9caf-477b-9308-27043db4fcf7,0.5924687385559082,0.9834203124046326
50fa41e3-1d08-4ace-8c7a-4bc4e2909401,0.0,0.0
5108782f-d0e8-40ed-9199-3a2635ca0665,0.5055306553840637,0.7184321880340576
51182cb0-15c2-4a8c-9030-86be10d9e89d,0.7955173254013062,1.1815043687820435
511e7bba-c834-4834-a990-0e5c7f04f368,0.6274020075798035,1.0032731294631958
511ea5a1-1e1b-4c6c-90d8-ab197d41abf8,0.0,0.0
51241a9c-9056-4dc2-95be-957f99874e29,0.0,0.612995982170105
5129b0f9-3993-4a2f-97da-4295a9592808,0.0,0.6140425801277161
5147b84c-d69f-466f-aad3-2e68826d0145,0.5106732249259949,0.5635759234428406
51483a27-04a3-4bc1-83da-9374ef71b25e,0.540621817111969,0.6635796427726746
51532f26-4fb3-4947-9d84-60f3b44e0fe6,0.0,0.6122320890426636
515c7310-458c-42fb-a829-2a318170dc0a,0.5936917066574097,0.8802447319030762
516683e7-0294-49a6-9d0a-262187e34b7a,0.0,0.5310212969779968
516efd62-062e-4a9e-9b06-1d450be8112c,0.0,0.8126988410949707
51828a8d-fb83-4190-85ef-d2ebde0ddda9,0.0,0.0
5192a698-9163-4ab5-80af-15d28d462612,0.6533100008964539,1.0414842367172241
51963652-3332-40c0-93f1-44883043158d,0.6260355710983276,0.812529981136322
51a2a571-8822-4794-b8be-82e12ee0bb99,0.0,0.6542345881462097
51add824-d05f-4503-896f-f7d8c0204bcf,0.0,0.5784906148910522
51e32072-a43f-4e5d-b2f2-1c41d3865a81,0.7179551124572754,1.1273815631866455
51f4d10d-224d-4b69-8594-b20e38e5e154,0.0,0.0
52085bd8-df3b-4a89-8623-d7b405381f0a,0.0,0.7483986616134644
5213a024-b9d7-42bb-bc10-a798b01ac1ab,0.0,0.5636968016624451
522c62d4-ee8d-4684-be19-9859c21b8816,0.6427772641181946,1.0925326347351074
52322347-3322-4daa-b697-2e704b71bac4,0.0,0.0
523df5fd-8798-469b-83f8-fa663d50f755,0.0,0.6600243449211121
52698108-6edf-47e0-8059-704e0b35d2d7,0.0,0.6008167266845703
526a76bc-431a-433a-838e-67d00e5dc8f1,0.0,0.0
52731d35-df3f-4de8-ad1d-15eec1e4c023,0.0,0.0
5274e441-7685-4b05-a0de-9d4f1681305b,0.0,0.5733852386474609
5277273b-de68-4780-a123-36548b1936a0,0.0,0.7631424069404602
528fe64e-392f-4aed-889a-93fa7e92c715,0.0,0.7634525299072266
52b22d9c-15b1-4e00-bade-334a5f8f93e1,0.6242044568061829,1.0096837282180786
52b96ba6-f725-4f63-8943-506accc357b4,0.0,0.0
52cbad45-dff0-4df3-81d8-4fb3675a3d7d,0.0,0.7481708526611328
52cd86f8-df00-434e-b272-0ac91aacbb3c,0.5490755438804626,0.6817877292633057
52e53410-8771-4811-88d7-a6fc0a844c4e,0.6022434234619141,0.9868797063827515
530f7286-cdb1-4d0e-a7fe-64faff70f8c3,0.0,0.0
531a72f4-c4ed-4f60-bbac-89fd5de54b55,0.0,0.0
5321e380-25b3-412d-a88e-335ea2a88be5,0.0,0.0
5326e1c3-3da7-4ad7-9ca1-e7350a857330,0.0,0.0
533c20df-6c34-44a2-8aad-53d84b7ba51d,0.516281247138977,0.8139673471450806
536199cf-86b7-4c6d-80a1-40fde1b7eaeb,0.6786836385726929,0.8416830897331238
53626b91-3d47-497f-9fd5-9df59efd4d39,0.6344772577285767,1.011743187904358
53795a81-2fac-4a8d-aa94-f5f93d6db008,0.6124497056007385,0.6065508723258972
5385f612-b2fd-448e-85bc-c96470225827,0.5392000079154968,0.7001442313194275
53a0c837-d024-4a08-b4ec-95bdb1315540,0.0,0.6453723907470703
53a8b659-570d-471d-90ef-719135636fc5,0.0,0.0
53ba526b-7c9f-45ba-8dbf-86a43c5795b5,0.6253436207771301,0.8262860774993896
53c9c4d8-1217-4cdd-be0f-fd1f24250b30,0.0,0.0
53d12134-1c87-4b7b-8a06-df9badd41ef2,0.5910384058952332,0.6259923577308655
53decdc9-18c8-4e35-8aaf-4b49f667ec15,0.6201847791671753,0.8350700736045837
53e63be7-65c4-46a5-85a0-493d8d89ee82,0.6518212556838989,0.9013323783874512
5452686d-af7d-4534-86db-9c58f0c06bfb,0.5690586566925049,0.7482037544250488
5464039c-ebe2-4652-8ec6-5dd4ef8a614b,0.6921617984771729,1.0994641780853271
5469105f-9a94-40fc-8928-fa93ea1a61ec,0.0,0.0
546da5ce-3563-48e3-859c-cfd8f0ca554c,0.6684203743934631,0.7857059240341187
549d632d-7547-49cd-b3c0-fa72b03212c6,0.0,0.0
54a9c9cd-4638-46c5-9013-ea938d14f348,0.0,0.6526805758476257
54ae972c-9b24-4569-9b84-c35f718a7b74,0.0,0.0
54b507c8-1024-4031-ada5-81a10f874a21,0.6904109120368958,0.8234346508979797
54da6664-c862-4122-972d-8da757d7147d,0.0,0.523575484752655
54e1b711-66c4-4aa2-996c-29840c94d63a,0.0,0.5322995781898499
54ee808a-80df-44cf-b7b8-f02cd8540b52,0.7454575300216675,1.0812875032424927
55003815-0f50-49c9-b102-7dd75a09a634,0.5975587964057922,0.7846328020095825
552294f1-4212-4d75-b8ba-ce89130dd199,0.5318289399147034,0.6390815377235413
552df2a6-274b-410e-92bd-74f8f3b5bf27,0.7122468948364258,0.9947242736816406
5545b0d2-11a8-4caa-b928-9f67dce41577,0.5213192105293274,0.7697208523750305
554b1c7c-07b2-4408-8405-03c5ddc1d055,0.0,0.6051987409591675
5563cedd-7a9e-4bcc-b85b-6f9b8bdb35fd,0.0,0.0
55671a2c-0aea-4d5b-ae63-11dd4a6e52d2,0.0,0.0
55673c0c-1b88-451a-bea1-83a9b24f1246,0.0,0.5556849837303162
5575e748-ae03-4b84-91fc-365f8abf8c02,0.0,0.0
557bf515-5bc3-443e-bee9-da4a3462f8b1,0.0,0.6498516201972961
559b2965-7f4f-4ca5-ab3b-7cd11073bbed,0.5185996294021606,0.5228209495544434
55acc078-7931-4013-a4de-efb50e504a8f,0.0,0.0
55e27852-f4d9-4e9b-9568-8d83aeabf76e,0.6102859973907471,0.7220461964607239
56242457-5027-4feb-b239-8c9b1667fc9d,0.6648316979408264,0.921164333820343
562c603b-428f-4e4b-8312-25b3ef6c60f9,0.5051355361938477,0.0
5661eace-18e9-4e90-83f0-e9b8b7fd51ab,0.5502827763557434,1.00649893283844
566913a5-c7b4-4d10-bb59-865e5a0371e7,0.5019276738166809,0.6011179089546204
566e39f8-ce5b-4b23-b7d2-7e4c6d61a7ec,0.0,0.0
56786276-5ffa-47bb-b583-bd2c4de17180,0.0,0.618799090385437
567d2a3e-0f93-4aed-ac90-ea43b9099f0b,0.0,0.0
56a3af91-7ad3-45df-9c60-c4f3520db37d,0.0,0.6748678684234619
56acc450-121b-401f-afb2-453421f6ce6d,0.0,0.5582061409950256
56b8d35d-b244-4cc9-b826-21a53f022b0a,0.5331330895423889,0.6030575633049011
56b8e553-29c8-4ef9-9e53-b4da2ec1e4a9,0.5526564717292786,0.9540871381759644
56c623d1-9681-4c38-a279-2f6bf99483fc,0.0,0.0
56c6a588-c63e-4806-974a-afbaf1200166,0.0,0.5671187043190002
56eabbd5-5af1-47d0-ba1a-644d80cc7311,0.0,0.6367889642715454
56f124f8-f1dd-49c8-ae6f-f84aaab7b411,0.6796088218688965,1.0865182876586914
570114a5-584d-4f2b-bac9-b57eaf2aaa5f,0.0,0.6536542177200317
57068dbe-3eb3-404e-954e-3e74d19bb88d,0.7512157559394836,0.9503658413887024
5706acd0-ed5a-472b-9312-d57cf60bbfc1,0.5805416107177734,0.6487451195716858
5721073b-a61b-433c-954e-eca46f87b7ad,0.6685801148414612,0.7347666621208191
572e6e3f-773e-499b-a047-47550d588ab0,0.0,0.0
57434246-878a-4b93-974f-9aa267d3586d,0.0,0.0
57650225-d3eb-4d3b-9137-a206dc525168,0.0,0.6095499992370605
576be858-9120-4236-9300-76ce64953428,0.6119916439056396,0.9876365661621094
5780e4b6-6782-4b86-942e-ff98be727ba2,0.7455242276191711,0.9093710780143738
57945362-123d-4413-9f85-ac99f32720ff,0.0,0.0
579dfc3e-e27c-4404-acf2-b90acd31ec9c,0.0,0.0
57b32e38-2df7-4615-9d68-b5419e6b7ceb,0.0,0.5861122012138367
57cf71ef-2ed0-4bcf-9c93-91e4a62b1825,0.0,0.0
57d3ad4c-5ade-4eac-9091-995516d85962,0.0,0.0
57dccd28-b1c6-4d8b-9bc2-bebd6d65176a,0.6714612245559692,1.1593763828277588
57e3357b-eba6-4934-8ed3-290d178a7622,0.0,0.6375014185905457
580c9ffe-1b82-44e2-ae81-89d9cd32bddf,0.0,0.6770793199539185
580fb6ec-1cae-4a79-b1b3-c0f1791d3d26,0.0,0.0
582c7554-6602-47ea-85b7-7248e93d3939,0.0,0.0
583989cc-fab2-460e-8bee-ba384bad5c0d,0.0,0.5374465584754944
58445115-3f9c-4cfb-8be0-2d01830c9cfe,0.5701070427894592,0.6481490731239319
5859dd18-31d2-4e34-a013-99f45bc0eafb,0.5038534998893738,0.6439509391784668
585bbdfa-4109-4c19-980c-fcbcadb4261b,0.0,0.0
586457e6-166b-4e91-ad15-ff268947b496,0.0,0.0
5876c1db-0e2f-4b42-9f77-f21ea6b41eda,0.0,0.0
58809592-aa87-404a-ab48-c7aef380cd71,0.5508137345314026,0.6846675276756287
58b04cec-ae84-4c0b-a213-459da7fc21e2,0.0,0.0
58c68191-965e-4d06-b593-10b0ef8b2cac,0.5912599563598633,0.9060628414154053
58c6eecf-e718-43c0-b372-a48f2a85ee30,0.5845320820808411,0.7043067216873169
58eebb6c-2c2a-4707-a4df-db3c237141b8,0.0,0.6075733304023743
58f5e872-7a0f-4de1-9c67-2ee9c7e21e7e,0.5121108293533325,0.7796200513839722
5900ec65-c19d-41e6-8fe0-484cbf7bc201,0.0,0.0
5906097f-2a6d-497f-8434-980fa99ececf,0.5279730558395386,0.6672772765159607
59080cd7-3c77-410d-ab76-1c9348a674d4,0.0,0.544131338596344
59124c09-4a14-4092-99b1-4acbb88cfea5,0.6104335188865662,0.6964142322540283
593e9eac-0d58-4805-9802-68e0205ea016,0.5386797189712524,0.6408188939094543
594140cf-7650-469f-9eab-b26ad2c5f9b7,0.6710965633392334,0.7603533864021301
59500e92-c4c5-4034-865f-cf60818c5c49,0.0,0.0
5967b4f1-73d9-4fc1-9991-ad6f755c5371,0.0,0.7605271339416504
59686323-5226-437a-8a7d-b8b13b9046ab,0.5375848412513733,0.841444194316864
596a4c38-da99-4dc9-a95d-40c859568ce5,0.0,0.0
596c9eec-7f72-4cf6-8577-d0fb2fd945ac,0.5512335300445557,0.9191292524337769
59717498-fb6b-47df-9f0e-4d97390cd60b,0.0,0.5366297960281372
5979241d-4516-4eb3-a60f-4f73c44be642,0.5692854523658752,0.5717301368713379
5990af44-ef3d-45db-a543-df656079cdd4,0.0,0.0
59930541-d3f4-4189-affc-4838f7b25d60,0.0,0.0
599de4da-3677-4c34-9fd4-163972f08d36,0.5240426659584045,0.590488612651825
599fd33f-3706-4be3-b8ae-2269d0bb9a1b,0.0,0.5560282468795776
59a105a0-1d90-4390-9a80-4019af3383ee,0.0,0.6050006151199341
59a6c01e-e8d1-46e7-b65a-0d7f6a83163a,0.0,0.0
59a72a45-53c6-48d8-98de-e012a7866c30,0.5551380515098572,0.6974180936813354
59ae5d78-83a4-4b3d-85a4-6e0c08afde25,0.0,0.0
59b202bf-6590-4678-91df-ba7968d3f358,0.5308934450149536,0.58636873960495
59b2fd50-522b-4967-9fbd-a0987abc06ff,0.0,0.5134896039962769
59b90a91-b6e1-4fd8-9e2c-972fe76282cb,0.0,0.6211435794830322
59bdf6a4-ced0-4e85-94ce-10c71fa4bf8d,0.7632467150688171,1.0217998027801514
59c74587-b241-43f2-8752-fff4a5aede16,0.0,0.560573399066925
59dfa5f3-e1db-486b-a3d9-65814837c545,0.0,0.0
5a05d908-d8d3-4159-afa6-90784473aa26,0.0,0.5048770308494568
5a0bc633-4f53-451f-8f7f-24ce559a9a47,0.0,0.8595725297927856
5a2a837b-66e7-4afb-8e17-2e10b43ff5d0,0.0,0.0
5a3be6e8-fcc7-4c4b-a35a-e75ce61e4ce8,0.6999801993370056,0.7837966680526733
5a3ca504-6a7e-4f95-a226-115b1ef19f3e,0.0,0.5305965542793274
5a4ad802-65df-4f8e-9d66-f09a84e2c5e6,0.7998364567756653,1.1530241966247559
5a622421-fe9e-442c-bdc5-a3683e502bb7,0.0,0.0
5a88015b-c0ec-40bd-8ca8-bff190566098,0.5419565439224243,0.6219365000724792
5ab5e3e1-bbe0-436c-90fe-6467109bc178,0.7464840412139893,1.026823878288269
5ae13ee3-a7a8-4483-bb57-a4f79e7473e5,0.0,0.6048958897590637
5aed7283-b299-4b1a-a9c6-e7f2b257f41a,0.548172652721405,0.8452038764953613
5aee796b-b9f8-4b97-a58c-f73892bc9274,0.0,0.5935342907905579
5afb215d-2300-47dc-9a91-8325b82d7881,0.5991854667663574,0.88773512840271
5afd68bc-a9f6-4e84-8a2e-0f8abea1b415,0.6582803130149841,0.7305704951286316
5afe5ef7-6fa8-4962-b4dc-aa81b532139a,0.0,0.0
5b1855be-457e-4dd5-a92f-f556bbdbeac3,0.0,0.0
5b22eb8a-2fa1-4664-a438-fe027b5283cd,0.0,0.0
5b25b524-c567-4b3e-a7c7-7f18a8f77c81,0.0,0.0
5b359af9-cf74-45e1-aec6-56b099b2bad2,0.0,0.0
5b3e0440-a88b-4e5a-8fb4-81bc716d9ed8,0.0,0.5431526899337769
5b5ee938-a6ad-4511-bd58-58f9ff8c27f1,0.5620195865631104,0.8827775716781616
5ba2b731-830c-46a7-8494-61e814291bad,0.0,0.0
5ba2f0d9-4ff7-4080-a56e-87ce178de650,0.7097119092941284,1.1912462711334229
5bac9357-3a45-495c-9db6-5fa0ece0a573,0.0,0.522685706615448
5bb19c3b-8be6-447d-ba33-6666dd9bbee4,0.0,0.6508815288543701
5bb53291-9455-4429-9115-16b9380408ea,0.5007304549217224,0.5612661838531494
5bbf5bf1-da99-40b9-9c05-bae174c5776e,0.0,0.0
5bd0656c-7039-4a9a-a827-72af09ac4d3c,0.645348846912384,1.2893856763839722
5bd0cfa1-5eed-4a6f-a7f5-31d1b9924022,0.5845457911491394,0.9625468850135803
5bf84a53-291d-4773-a0b0-490475d87b77,0.5259365439414978,0.6404000520706177
5bf9df70-a12d-4cce-be7d-dc33a5827d00,0.7794501781463623,1.1527507305145264
5c027736-808c-44da-8426-38a936f04b3c,0.0,0.6070107817649841
5c0ae8c9-ebb1-40a8-8cdb-6e61f5cb3024,0.0,0.0
5c14259d-2152-44c2-a969-3bb10bda0330,0.5796772241592407,0.9661804437637329
5c17601f-0add-4a67-95c8-3290b033f1b6,0.7114600539207458,1.0855954885482788
5c225eb4-2c9b-482c-9aee-f3a0ebc5cc68,0.0,0.0
5c2e7fc8-dbe4-4741-ab6b-cb936949e351,0.0,0.0
5c369260-bbd3-4319-bf44-f75b03e38e62,0.0,0.0
5c49ad70-b8c0-4adc-baf8-b451251a1df7,0.0,0.5134792923927307
5c4bbba4-56fc-47e3-8372-57d556743246,0.0,0.6366918087005615
5c62bcbe-f1de-4048-addf-750f8abf92c6,0.0,0.0
5c6be8f7-7db1-460e-9cef-6009e72aace8,0.5143288373947144,0.5661536455154419
5c85127f-afe8-4fb7-ab7e-d57b0e4e6456,0.0,0.6107455492019653
5cc1dc38-f512-4017-94bd-bd02c8d96941,0.0,0.5846551656723022
5cc9c41d-40a1-420c-aa33-e8a24c0f68dc,0.7316800355911255,0.9504868984222412
5ccdeb60-eba5-4070-b0cf-2490a4267099,0.6433606743812561,0.8323169946670532
5cd1767a-6326-4287-8f96-66976a4fb05d,0.0,0.0
5cfed14b-2825-4fe3-834c-a757d6b709e1,0.0,0.5398905277252197
5d08dc82-f6d4-4360-aa9e-fb0d8b5e47e8,0.6418458223342896,0.7037938237190247
5d319942-8ba4-4810-9ec7-a4993893b055,0.0,0.5270467400550842
5d5c87e3-70b4-47ae-9e73-22d001120a0b,0.0,0.0
5d798fa4-bc79-422a-96fa-4832a65c3fb7,0.0,0.0
5d95d6fd-dede-4e25-b69d-a697c1649d31,0.0,0.0
5d9c4a93-79b5-4e35-b878-14ed4e0cfb0f,0.0,0.0
5da7e360-45d7-44d5-aa21-0d9f477f194a,0.0,0.0
5db6fa29-ba10-46f3-8a5f-e96c4e57ced0,0.581681489944458,0.8966217041015625
5dd239b9-8aea-496f-aca7-86218d522c83,0.0,0.0
5dd60284-6e73-49a5-8b41-50fcb351fd87,0.0,0.5828292965888977
5dfffb35-6980-4e3b-8774-9a96bf859b23,0.5112836956977844,0.7722229361534119
5e0a7a83-c203-46a6-a7bf-344b27baf881,0.0,0.0
5e0c1826-44a5-4041-adbe-e69fadf68ac3,0.0,0.5211190581321716
5e12b8bc-2b1f-4960-8f8d-3471cd0b3786,0.7445847988128662,1.1318676471710205
5e25734e-13e1-4dc9-8a5c-0e9066b8d0ee,0.5976127982139587,0.6865853071212769
5e2e1413-665d-43be-985a-9b9ac08e2334,0.7213382720947266,1.107380747795105
5e5c98e2-bf70-4227-b277-92a0da07f88e,0.5295777320861816,0.9465893507003784
5e5ce7f3-553d-4025-952b-d815994e399c,0.5303020477294922,0.5246551036834717
5e67e9fa-d689-4178-bd07-a758b3ba6b87,0.0,0.0
5e6ec0f9-988f-4ea8-a9b7-34865a678f9f,0.0,0.594779372215271
5e749dda-11b9-4553-b1ec-e77e1122f765,0.5374224781990051,0.6012411713600159
5e8c9ed0-4d97-4b16-afd5-776d9520a061,0.6921833157539368,0.9255383610725403
5ea76aef-7ad8-4776-b1b1-7ab50fab5fae,0.0,0.5709717869758606
5edacba5-6c90-4bc3-894b-bd3c32678e7a,0.500131368637085,0.9104830622673035
5ee58812-e348-420d-a59f-d491c6b7f943,0.0,0.0
5f0851a6-e69d-4840-ba96-eb157a8f36c1,0.800900399684906,1.2783979177474976
5f1d4e36-1336-42e3-b0d4-888743a11ccc,0.0,0.6331125497817993
5f314658-dbae-424d-a6ad-408f0bbb9738,0.0,0.5919420123100281
5f42a74a-416d-483a-8138-700720ba34ab,0.0,0.6323017477989197
5f450f5d-1266-449a-a920-c8242fffcdf1,0.0,0.6690415740013123
5f4ce992-12dd-4c6a-bf58-73b3d7f610ed,0.5738735795021057,0.886951208114624
5f4e61f1-79c0-42ec-b00d-9202ad6cafa7,0.5169703364372253,0.5681108236312866
5f737503-d5f9-4399-854c-dbccd76846eb,0.0,0.5796884894371033
5f761828-a42f-4183-b9bd-cd1c115a6b9a,0.5342267155647278,0.593480110168457
5f82c32b-fa4c-41a1-b60f-9b29493c7ea1,0.5658300518989563,0.8898959755897522
5f8b2dd7-db8a-4ec4-b9bc-5e860566922d,0.0,0.0
5f93b99e-02af-40c9-a245-8247528f9f02,0.0,0.7535674571990967
5fa13a32-ffd6-4e5c-af73-b8b5c0b4c623,0.0,0.529370129108429
5fa38fba-7400-457a-9ea3-5bc872af4ad0,0.0,0.0
5fa4e1b4-016d-4881-84df-1cc068a8f1b1,0.6030274629592896,0.9045539498329163
5fc025c1-cd2d-40d9-8a24-7df51e08f827,0.0,0.5930282473564148
5fc5069e-86e8-4cc6-aaa9-bcf441f3df46,0.0,0.0
5fca9ee4-5b6c-494d-b1c7-3c0be7769ae9,0.0,0.8315963745117188
5fce6d55-399f-4a56-8f35-fa5ad617d435,0.0,0.0
5fd4eaa0-6295-40aa-8fd7-c0785d3ba46f,0.0,0.0
5ffa3e76-8212-4af5-b5de-f1d53db41f19,0.0,0.598717212677002
5ffe389a-8e7b-4f8e-a3ea-161960403cc6,0.5904730558395386,0.9644198417663574
60080b75-5122-4950-950b-f32db1db2748,0.0,0.6094076037406921
600ba995-0ac0-4801-9bfd-197fcf7de297,0.6536849737167358,0.7923986315727234
6011ed21-5fd3-4480-824e-7b55d624d601,0.0,0.0
601f808b-226d-4516-8366-9127842859df,0.6271606087684631,1.0091273784637451
602056a4-a2af-4a92-be2b-940378b8f030,0.5209854245185852,0.818070113658905
604144ce-7805-423d-83b1-bdcf296fba17,0.0,0.5588449835777283
605239e7-f178-4282-ab5c-95164fc4298d,0.6179154515266418,0.9102187156677246
605ef548-1888-46c4-adc2-e3f79926be98,0.0,0.5314068794250488
6060d3a7-70cc-4fef-80ea-bb1c9c1ce256,0.0,0.0
606b1f68-8c3b-4fc0-ab62-8c9de89a6287,0.5559014678001404,0.7051798701286316
60756287-ba5c-4efa-87e4-36eb8e100cc9,0.0,0.6647546291351318
60789bcc-229c-4c9d-9e13-089bd275f369,0.5734232664108276,0.7811477184295654
607dc732-c4b6-4807-937e-eebb636d20e3,0.5362394452095032,0.5832757353782654
608996ff-e231-43b3-b26b-1794e6c82c23,0.0,0.5234773755073547
608e6ef1-15c8-4eb6-a3a6-8e81c7702924,0.0,0.6043423414230347
609f2f7f-a0fd-479d-b463-96ff82b8cec0,0.0,0.5048133730888367
60a1246e-3dee-454a-b5a3-f2d87fbab137,0.0,0.679003894329071
60a66159-e5da-4ae4-a692-5aa28658dd9b,0.6540094614028931,0.9214943051338196
60aa101c-3a5d-4867-aa75-59c4111abca5,0.0,0.574729323387146
60c60d4b-bdbc-4844-9a58-bdf322c8de8c,0.5344224572181702,0.7530331611633301
60c833f8-4916-436b-ad48-7ee84a6ff05a,0.8126962780952454,1.1979001760482788
60e70c51-73a9-4e1c-90b1-caad9084d9d8,0.5969541072845459,0.6329882144927979
610012c4-a703-43da-a105-1ea0bf6c1810,0.0,0.0
610485e5-1dc4-436c-917a-ad69df543393,0.0,0.6897996664047241
61259b77-59b7-4f05-b400-058fed58a65a,0.0,0.0
612f810f-f2d4-41e0-88cc-7f966f12af2a,0.0,0.0
61453cf1-eaa4-467b-8414-e391d71e0191,0.0,0.5231884717941284
615da260-fee2-4273-9a51-8594d1022252,0.5495174527168274,0.625496506690979
61692e8e-b4e0-4e43-aee0-b5105405bac9,0.0,0.0
6174e917-a87e-497f-b9e8-c69bb8c505b4,0.7878952622413635,1.1006652116775513
617ac080-d337-4006-8ef4-0c9be623dae7,0.5374701619148254,0.7452061176300049
61931ff9-1a02-4633-bee3-a1f569eb4aa7,0.0,0.0
61997d8a-3da7-4244-a1e3-268eda00ef23,0.0,0.0
619b51b7-e46e-4fc6-8498-907f65ad7628,0.5703666806221008,0.5703362822532654
619d3e1c-e46a-44f6-8f9c-3700b52b091a,0.0,0.6139055490493774
619d576e-9f9e-4c6e-ab77-12256bd923ca,0.0,0.6582083702087402
61b397d2-3138-4b0e-96ed-53cf1e1f72f8,0.0,0.5023120641708374
61beaf23-7b55-4114-a147-799152fdf9cb,0.0,0.0
61c063a6-14c2-4770-8f57-ff0d43c42884,0.5959561467170715,0.936164140701294
61d82326-d6ad-436e-b4f8-af884b8f4218,0.5356299877166748,0.9234078526496887
61df9285-fd40-4a1d-97fe-ca9364ceca8b,0.0,0.0
61eb2ba5-e7d6-4948-80ce-cac1b01d6867,0.0,0.0
61f71a75-d03d-4931-a05f-fbb9a3cbba1d,0.5058295130729675,0.7706335783004761
621eaf50-6cd7-452f-85bd-c9d4a5f8d8d1,0.0,0.7212791442871094
62216b8f-4c24-416a-b327-36806b9a0b73,0.0,0.5424214005470276
6227a6c5-dd81-4f76-9768-b80ed2545db7,0.0,0.0
62290e9b-864e-4882-b103-723b28f49db4,0.0,0.0
62435e30-69d0-43e6-82b2-a49f4efe131f,0.0,0.0
62458649-47ae-41d7-9794-92a4775c5abd,0.0,0.0
62679cd3-00b4-4b77-94f9-b6c642460d15,0.622290313243866,0.9656739830970764
627ea7aa-c154-4b2b-882b-d5fc5d0eb782,0.0,0.5881949663162231
628bc96b-1bb5-476d-9952-492ae5efea9b,0.0,0.7109408378601074
629289b1-8233-4354-9e96-0589dadeae8e,0.0,0.5004159808158875
62aeda57-9f44-4074-b805-130dbdc51906,0.6038400530815125,0.908810019493103
62afbf01-a70d-459f-b1db-a7e513542e09,0.0,0.6560954451560974
62b9c520-087d-4aac-b42f-578f75f4a5eb,0.71336829662323,0.9859986305236816
62c46b2f-586f-4eee-be85-5227d2c12e7f,0.0,0.0
62c88a08-ac67-4f61-9121-22fdfe513d7f,0.6536853313446045,0.8386133909225464
62ce7d9e-da10-4c11-b33d-e1a255697af1,0.0,0.612394392490387
62d0cb84-2b18-4fbc-b615-46c45ea6e607,0.0,0.5353151559829712
62d6a85a-6108-411f-ad52-3c232f28cf4e,0.0,0.5798742771148682
62e2b1c6-3a09-453d-98a3-0cf250df7469,0.6671316623687744,1.2055057287216187
62f823d8-5d25-49a6-88f3-89699e52a4ce,0.0,0.5489671230316162
6308e70e-b86d-4a55-b9eb-576ca2becf89,0.5718334317207336,0.8618952631950378
630919a9-6817-43a1-8338-c6241c5b1d70,0.6175671219825745,0.9165465235710144
630bb8b5-1bf9-44fa-9eda-17f0c4454b90,0.520739734172821,0.6959964632987976
6319b26a-9419-4215-bac4-3faed0e79104,0.0,0.0
6328c965-ae97-42f1-8981-3d5c2452ba8b,0.5667706727981567,0.8701185584068298
632e1f85-23fd-47fb-a335-be10ef505b25,0.0,0.0
632e3b20-b085-45a0-bf7a-133664086f51,0.0,0.8330681920051575
6335de80-a7eb-4a82-a341-50d024b5cf21,0.0,0.7538426518440247
636757ca-e003-4906-ad03-7c28fb1ad6e7,0.5105083584785461,0.5258840918540955
63789263-7e6d-4f92-a1d9-85d6baccadf4,0.6524932980537415,1.0466132164001465
6389aaee-e121-4d48-8aed-5d70714d0dc5,0.0,0.7802465558052063
6390a7b8-0da6-479b-8b7b-de3fe2d4023a,0.8764570355415344,1.1834497451782227
63979926-f462-4665-8aa1-1b1758569878,0.0,0.5459374785423279
639a2829-2d83-47b6-9979-b2af750f0688,0.0,0.0
639b7b33-c5e1-48f2-8eb5-6bd5e6444df8,0.0,0.0
63a885eb-4fb4-44a0-928f-e5d3b911e1e5,0.5579701662063599,0.9543020725250244
63a97724-2f2f-419b-8f85-1078e93a2408,0.0,0.0
63c86b67-9d7f-4a41-8d24-b8551ed6557b,0.0,0.805924654006958
63e97a9f-1d93-4612-a133-048f42555c73,0.66037917137146,0.9193530678749084
63ee4e6c-0c81-41a1-b704-b70dac283962,0.0,0.0
63fc39a6-f36f-4e48-aaac-e4c147d73365,0.0,0.6522453427314758
64103077-8cc2-4ed4-8ebb-63765a3cdecc,0.6437116861343384,0.9802627563476562
6416d5d8-c1b8-4c8c-910a-f59b62b5bb9a,0.0,0.5016607046127319
64196224-800b-4f15-945f-9d86440ace1c,0.0,0.0
6423f564-02a7-432e-bcf4-dad9a16552d8,0.5639623999595642,0.5550148487091064
6428210a-a410-48e1-8fe2-6b88ed24410a,0.6421281695365906,0.7427858710289001
6434f19a-764b-4d74-8600-f59eb5c7521c,0.0,0.5325871706008911
644b11ed-1555-4d4c-8988-5eda2882c89f,0.0,0.8415341377258301
645363a8-5cf2-40df-8c3d-3f7dc83595e6,0.0,0.8797072768211365
6453cd1a-a508-40ee-8a87-b4a13b267f84,0.6357744932174683,1.0182894468307495
64567cfc-6dc8-4f4c-9ca4-038a4bdd1453,0.0,0.0
645ec3ed-bf46-488c-b32f-ba0303a2f23d,0.5079075694084167,0.7922204732894897
646c477c-c2fb-4c30-aee9-9f5abaffe7ee,0.0,0.5601142048835754
646e79d1-48d4-4c00-beb1-7232eece4968,0.5710780024528503,0.8021601438522339
64a0fba6-f959-4ddd-afe7-645a843e7ba8,0.0,0.0
64ad9cd1-2029-490f-8d43-69d8108289c2,0.0,0.7589895129203796
64af594b-a046-465f-b7be-64183e9665de,0.6723982691764832,0.9295737743377686
64afac52-f894-4d4b-b0a1-ee679f496721,0.5103729963302612,0.6815007925033569
64b36220-f344-46d9-9532-0fbc62185485,0.0,0.9059597253799438
64b4b479-4014-4878-aa4f-a714bb37cbd4,0.5367870926856995,0.5863848328590393
64b5b8a6-65fc-4c08-bae4-fb8ffbb8d99f,0.6169736385345459,1.0019561052322388
64c23430-3746-4953-8809-0540981e3d22,0.0,0.0
64cfcd69-388f-4c06-8c72-49d2d70ddead,0.5137656331062317,0.6139788627624512
64d2bbb0-67ed-4feb-af59-720c8898ed30,0.0,0.6914108991622925
64e8e59e-6c62-440f-b63b-52ba8f4c448d,0.0,0.6649233102798462
64f8bfde-c2e0-4ee6-99ad-32a564962f24,0.5046654343605042,0.7640458941459656
6539e1fc-c717-4d8d-ab1e-d80f8fb1c9c7,0.0,0.5748987793922424
6553c538-f34b-47e3-9121-4e2a1496dbed,0.0,1.0412241220474243
655994b3-f226-4200-ae2d-8c5fed09189d,0.6169527769088745,0.8261806964874268
655bad5e-367d-4fe2-a0ab-db624bc2ab11,0.0,0.0
656f8219-512d-4891-a263-52fcfea3a2c0,0.6926621198654175,0.968900740146637
65761cba-c7e1-4550-b731-22335fcf07bd,0.0,0.5828496813774109
658d35fa-0e0d-4705-b785-d43190d1e4fd,0.5130062103271484,0.6629214882850647
659ce025-3366-4ae2-b77b-90ae027eb07b,0.0,0.7474880814552307
65acb39c-52ee-46f0-896e-d3f9819ebd8e,0.6281388998031616,1.0052177906036377
65b668f7-b8fb-4112-ae1a-6f2ea69ca6de,0.5430303812026978,0.6572691202163696
65b6e207-f5d7-4f46-b52b-c36dd4921201,0.0,0.6153438687324524
65ba18db-31ee-40a2-9a68-ec4c32ec0ccc,0.6170387864112854,0.779268741607666
65bbced3-b5a9-487b-ad80-2ac0e9fcca7f,0.5855386257171631,0.8941997289657593
65c67abc-e842-44b1-97cc-55fe08a0dd3f,0.0,0.0
65d4d55d-30f5-412b-81b9-be8da2e45ae0,0.5267053842544556,0.5837945342063904
65d6d6e8-5cc7-4301-bae1-3c173fd787a8,0.0,0.770890474319458
65dd6627-c3a8-4e7c-b77e-dcb2c554de0c,0.0,0.5320689082145691
65e074fb-193b-4a6b-8404-3cb64e32973f,0.0,0.5462571978569031
65ed0eda-1d0b-4241-bfd9-f251b519049a,0.0,0.0
65ed66a7-0cbd-4c62-bd67-e346377fcb8a,0.0,0.5331370830535889
65ee41d6-301d-429f-bcf1-409eef513287,0.0,0.6301317811012268
66095f0e-fd7b-4ec8-bc74-fb314e430d11,0.6379817128181458,0.9686235785484314
66096e0c-1bc9-4b82-b1a8-dd482b74fa17,0.0,0.6020607352256775
660d8ebd-724e-49a7-9cb4-4c723afb312d,0.7072054147720337,1.0142074823379517
660e4a14-31a7-4bd1-9b64-6b358f5e484e,0.0,0.8183183073997498
66113c8c-55f7-4603-9c3e-1b80debcb881,0.6261312961578369,0.7341175079345703
661160db-3f97-4093-adee-12b699a788ef,0.740244448184967,1.107396125793457
66185cf7-85a7-4423-95db-c50906d839c5,0.0,0.0
661e2c68-caf0-40ea-8690-eadc11db3a24,0.5422318577766418,0.9196329712867737
6626c567-b37a-4147-a850-2eea4bec9a22,0.0,0.5107420086860657
6632229e-3ed5-4f28-9783-4e0d75b86de7,0.6646115183830261,1.0401026010513306
663e154c-bf6b-443f-a5d5-4913a476eb9b,0.6116534471511841,0.8871705532073975
667f129f-efb6-4f72-a48a-b804cc2aea4d,0.0,0.520413339138031
667f8408-0afb-49e8-bf70-c7176ddc6159,0.0,0.5886582732200623
6686b3a5-461c-45d3-8088-a4337b1e75b6,0.0,0.0
6699ac2d-020f-4a6e-ac07-a04026176f24,0.0,0.5215247273445129
6699b850-1218-4f47-b4f1-75f285e064e9,0.7454231977462769,0.9638619422912598
669f6e1f-0405-480f-b57e-f4ffce8a9d35,0.6642045378684998,0.9438207745552063
66ac2974-d60a-4d83-91c3-3fc746f4ca96,0.6011747121810913,0.7165668606758118
66ae258e-c1d2-4e49-a4f5-4f1b5009a98f,0.0,0.0
66b614e8-1366-452d-9f67-082c260e4037,0.0,0.7309548854827881
66c522a0-d133-4e94-a586-63a3c6de7b7e,0.0,0.0
66d91b55-a150-4efd-8c1f-757fa3ae093d,0.5242322087287903,0.5650736093521118
66dcf954-8522-4961-9791-e3c30413cd0e,0.6098314523696899,0.9964346885681152
66e13c35-2a2d-440a-b287-1e7a1aa0ca7b,0.0,0.5509929656982422
66eb59d8-2d89-40e1-888f-3b494e24a30c,0.6092453598976135,0.630487322807312
6719d221-3acb-4669-bb10-5d0930b78185,0.0,0.7082996368408203
671c34f3-f6a6-4707-b91a-482e4f799199,0.5431697964668274,0.638812780380249
671ef3e5-f16f-454a-9a38-aab531e4a5ce,0.5646499395370483,0.8662984371185303
672192c9-b39c-4dd5-b78c-ded416d8f7f9,0.5577872395515442,0.640531599521637
6757f92b-8b38-4146-88c4-df8dbf3a6ac2,0.0,0.0
67638f67-dba1-438d-8d0a-06bdb5d9642b,0.5849539637565613,0.6340674161911011
67746a1a-5cf1-4ff2-9048-389efdf1d5bf,0.0,0.0
677a3598-153f-4a0b-b4bf-4b30b162af99,0.5488482117652893,0.8652533888816833
67af821e-018d-48e4-b388-71d83d573408,0.5847527980804443,0.7950835227966309
67c58598-4204-484a-9206-d049684f8fd1,0.0,0.0
67c95097-f72d-44ad-aaf0-8c65cf1f4fe3,0.0,0.654374361038208
67e1f115-3b26-4b5d-acde-224a6de3e730,0.6330428719520569,1.0154879093170166
67e7c751-facd-40d7-ad85-bd4bd88ee292,0.584518551826477,0.7361057996749878
680bc2f8-abe4-4add-8085-590c40713779,0.0,0.5463083982467651
680dbd4c-3d31-46e3-86e2-69de758365b2,0.0,0.7319979667663574
68119e35-b8ff-40aa-94e2-f05f764267dd,0.0,0.0
681d3d0d-5713-47b3-a979-a6ec9c327910,0.0,0.5962312817573547
68224209-da52-4dfd-a7fb-6e06f7d3c5e9,0.0,0.0
6826a0fb-25f2-4994-a509-a8740f70901d,0.0,0.0
682b4248-2db9-4ff0-8215-894abc12bd51,0.8127381205558777,1.3838258981704712
6833285b-5b38-4e85-acb2-0ec4405fb9f9,0.74367755651474,0.8864046931266785
683e658e-1388-4c02-a4d4-0198f2f47e06,0.589584231376648,0.9480060338973999
684a8a2b-de9b-4d2f-b067-3866b59de2f4,0.5479162335395813,0.8894502520561218
68591c6d-d41c-4422-a1a8-eb1c059193a5,0.5491622090339661,0.9385221004486084
68698763-365c-4bb7-83c7-3ce81223cd2b,0.5231297612190247,0.6636688113212585
68736a79-67f7-4711-b105-4502d7bc9041,0.0,0.0
68838864-46e0-4ea4-ac25-c66d246544aa,0.0,0.0
68956499-a6bc-4724-88a8-227588686a6e,0.0,0.6213773488998413
689e548b-7109-499e-88eb-64607afbc956,0.0,0.0
68c80778-db00-4281-b061-6f4d30a45126,0.0,0.0
68cda2d6-d823-491b-a5b4-0c8bff9c01f8,0.0,0.6174378395080566
68ed2ad4-7cc7-4ca1-962c-3b27bdf1bc65,0.0,0.0
68f0ecc5-5cad-4d80-8069-9ed582aa87d3,0.0,0.5401016473770142
68f38644-c747-44a5-aa10-9170983ecd6d,0.0,0.0
6903a58e-c80a-4477-9645-5be46ecf54a8,0.573388397693634,0.6950051188468933
692c3bd2-21eb-4e0e-a7e9-d108e78f396e,0.6604347229003906,0.7884000539779663
692eebc1-1c78-4b31-a0cd-506ec9372bdc,0.0,0.5238034129142761
69444ed9-4b01-4020-a61a-cf06252a9d5a,0.0,0.6801366209983826
6950951d-163e-48c3-b989-95903010856f,0.6689809560775757,0.9506276845932007
69563b46-90e6-4922-af83-a992bb49ce4d,0.0,0.0
6958ea36-d787-43d8-b8c5-2864e03dfb97,0.614348828792572,0.9965075850486755
695cd585-b8f7-4e66-ba26-dd93d92b72f2,0.0,0.5352356433868408
695e24f2-ca2a-4464-91fa-3356a1e2f38c,0.0,0.0
69609fd5-830e-4f5e-af2b-e209add38921,0.0,0.0
696bfd6c-03b7-42cf-b0e7-5b1f2c2572ed,0.0,0.5724728107452393
697b8ecd-788f-4a5e-8300-ce5bf63cd4e0,0.0,0.5015935301780701
6992d702-71ae-4574-89ae-63a55a74de88,0.0,0.0
699810d7-4948-41ec-acc5-cd829261db7d,0.0,0.5580552220344543
699d5350-5231-4e08-88c5-f34d384b5f71,0.5839418172836304,0.8895055651664734
69b95cd3-fabb-4209-a78f-bbba3ea63dde,0.0,0.0
69c4bf87-4834-4d1f-9713-a25d5247a47d,0.8522817492485046,1.2466481924057007
69c619bd-aa60-45c2-809e-369c05a2a3c6,0.0,0.565325915813446
69ca637d-75c9-4c03-8416-da9034c2dedc,0.0,0.0
69e1b0b9-8ff1-4b5c-9e1c-3c17636d111c,0.0,0.0
69e3fb11-d753-411c-a1c5-8cbe1b72b116,0.766339898109436,1.1297072172164917
69e637a5-a2d4-4584-95f2-07cefe47e72c,0.510583221912384,0.8811034560203552
6a02af12-4b78-4b36-bc7c-7f0d3154fc6f,0.7223957777023315,1.0726882219314575
6a04c190-ec5b-4202-a711-c402feddf71c,0.6536053419113159,1.0970748662948608
6a0a5c91-3274-466d-9c37-1c73b41b77de,0.5050631761550903,0.0
6a107d3e-94d5-4aad-a684-5b595dd35f41,0.0,0.502292275428772
6a18a97d-f983-448f-8869-30d7fbea2676,0.6702415943145752,1.1043845415115356
6a4145b0-3924-47a0-aa95-977c2915bfc9,0.0,0.0
6a42f24b-50ea-4dfa-b038-f872301d2ed4,0.8602404594421387,1.5651613473892212
6a4a0bbc-821f-4717-b4e7-ae3f62fa235f,0.5993531942367554,0.9013839960098267
6a5e0bcb-d15b-447c-b7bd-5633da5d45de,0.0,0.6695537567138672
6a69149c-a388-4b76-9780-9c5bf12b1883,0.5880077481269836,0.7035017013549805
6a763661-5b67-4f30-8216-40bd30e46d2b,0.53411465883255,0.6249862313270569
6a77ae73-650e-4e71-a0c0-806ccfdb9517,0.0,0.0
6a7e16f4-9ca2-4af7-ab85-2caf1a4699f8,0.0,0.6019073128700256
6a8ac7ed-6430-4592-8772-c37152ebeeb1,0.0,0.5904415845870972
6a8b40f0-8c5f-45c9-9937-a8ebfd97095f,0.0,0.0
6a9a1a9d-d3bf-4368-b455-8600925fd7da,0.0,0.5943639278411865
6a9bb50d-2328-495e-9032-ad6a01a316d3,0.0,0.0
6aa53801-e633-44a2-b453-f085cc9dc3d3,0.5178989171981812,0.5928959250450134
6aa886a9-8fac-4371-9ad0-200701fc5f96,0.5573336482048035,0.8570438623428345
6ab782c1-ffb8-4334-9216-4cca39aaa01e,0.0,0.0
6aba5add-8b27-4474-a648-289463824b41,0.5695778131484985,0.5943082571029663
6abac923-b075-42be-afce-b1fb0d7ca300,0.633882999420166,0.7262933850288391
6ac26723-da22-484c-b003-ea79e919bf30,0.0,0.5308361053466797
6adf08d0-9b43-4783-9b5a-730ede21f2cb,0.7212074398994446,1.0871102809906006
6ae42026-9710-44c6-ab1c-e7370ef0b75f,0.0,0.5569892525672913
6aff60e8-c842-414e-a782-c00d1b2934b7,0.0,0.0
6b059d26-5648-4a55-a739-c68468066ceb,0.0,0.5975490808486938
6b0efecd-b1ba-44d9-9e79-b131cfcbe4f7,0.7319309711456299,0.9655179381370544
6b1f455c-e6f4-4ec6-8933-0cd5d4eaac2b,0.5532189607620239,0.8565183877944946
6b286471-bbc4-4411-a5a0-4c183a4010b5,0.6206848621368408,1.0015336275100708
6b3aa5ae-1685-4fd5-8505-8bbda62ff327,0.0,0.9389327168464661
6b3e1a7d-6e80-44a3-9e29-7333a705f3a4,0.0,0.0
6b50dc1c-8be3-4245-b668-f6491a6ca942,0.588262140750885,0.7491458058357239
6b52d386-8faa-40d3-bcd4-b0ebdd20948b,0.5996181964874268,0.9733260869979858
6b5df29f-5f4e-4825-9b2e-0246b58682ab,0.5028607845306396,0.6078029274940491
6b637a27-6d7f-4514-bca9-fc1c24f731d6,0.0,0.0
6b657960-aa39-4ac3-bc94-841808759df3,0.0,0.5017039179801941
6b6e631f-9a85-4fd3-acf7-2a571b22239f,0.0,0.5462908148765564
6b7353b0-3156-4289-be6d-8d473e195548,0.6958937644958496,0.7828323245048523
6b873ffb-9c79-465e-bc1e-1103a8b281a1,0.0,0.5895150303840637
6ba28546-d970-4d82-8ef9-347c0ca63428,0.0,0.5221654176712036
6ba39251-3dbb-42af-a3e2-ce18f02a70a7,0.6730360984802246,0.6669760346412659
6bd68058-f3ea-4d57-b5ff-20d6b12cb455,0.6375698447227478,0.8552015423774719
6bd7c854-28e7-4a00-b982-9994e6e61d09,0.6875604391098022,0.7130823731422424
6be29828-998c-4fbe-b046-d05f332679b4,0.5083093643188477,0.5694990158081055
6be5070a-1764-4db4-92aa-84d4c5095b1c,0.0,0.5918140411376953
6be96b54-9eb9-4efb-bbb3-4f4e55b90d9e,0.0,0.0
6c00b60a-c50a-42fa-bc4c-ece1ec333ede,0.0,0.0
6c1d9bf8-1e39-486d-8f3e-c1335ed4f9b1,0.5596697330474854,0.6997867226600647
6c2effbb-c40e-400c-a1ff-636938860b1d,0.0,0.5673958659172058
6c3dbd4e-46c5-4f00-9e3f-c91332452d94,0.6104104518890381,0.7710999250411987
6c42f71b-bc0a-42e7-9739-33dc24dc48e2,0.0,0.5617130398750305
6c6d4b6c-492d-48dc-bb3a-08a9aafaacbd,0.6362584829330444,1.2965776920318604
6c80e5a3-282a-4564-a784-f93679a1c5db,0.0,0.6751824021339417
6c8c7191-2981-4fc0-93f3-2eabe186dead,0.0,0.6819359064102173
6c9a9e90-650f-4320-9201-bea9cb829ebf,0.0,0.504625141620636
6ca70d0c-8ccd-49f8-a26c-63682760818e,0.5589675903320312,0.6345359683036804
6caab8f7-8b47-4ee2-8678-25847209eb5a,0.6214652061462402,1.150834083557129
6cb120ac-ef63-4853-b36c-ccf2b717cd2c,0.0,0.0
6cb2eacb-9e54-4d3f-a7b4-5851c16117b3,0.0,0.0
6cb9426e-a380-4d51-a8c4-a4f8b3e5ac2f,0.0,0.5541318655014038
6cc53573-b28e-4c3d-a4cd-cc3d4c077e82,0.6616278886795044,0.8241226673126221
6cc5748c-69a9-42ed-9375-b9843218e174,0.0,0.0
6ccf30fe-fe4c-481a-92dd-5e3a83d63029,0.0,0.5649392604827881
6cd21d74-e636-4f73-85a7-2878d3724249,0.0,0.0
6cd755e8-ea39-4448-a523-b6dd48684b98,0.5578293800354004,0.593901515007019
6ced7f3d-96d0-4f71-bbd8-a32759ce486a,0.7267574667930603,0.9004287719726562
6d14880d-6287-4bcc-9026-e117bfc3037a,0.5191783905029297,0.7934799790382385
6d1940fb-abb0-49f9-828f-395b20401255,0.6884896159172058,0.8485561013221741
6d3b298b-964c-442d-b29e-bf6c21449a91,0.6710794568061829,0.7253252863883972
6d5af2fa-c6f1-40a5-a47f-952f6a00e95f,0.6245124340057373,0.9249621629714966
6d8030b5-710d-4106-b6fd-28b97b44c851,0.0,0.0
6d88d15f-b0fd-4c4d-9352-126f36db0e96,0.5944347381591797,0.986695408821106
6d8bc6cb-b51e-445c-a419-35881f2e9819,0.5568553805351257,0.7967305183410645
6da63c11-e74f-45b8-85c6-a027f0f76d3d,0.0,0.6802724003791809
6dad5483-cde0-4f55-9770-f3961d96731e,0.0,0.7979928851127625
6dad78bb-50f2-4431-a3eb-d79a2384c6db,0.0,0.0
6dba5ec3-5c00-49b2-b511-7c9fd8b50291,0.0,0.6380655169487
6dd37e24-0a9c-4749-8ab6-7e26d42925d6,0.0,0.0
6dddd8b5-e908-456f-869d-014774cbeb22,0.0,0.0
6de723e5-8a1a-473e-8e2e-dfe7ccac294a,0.0,0.0
6e2ea681-8632-4647-98e0-30f103b9bd39,0.0,0.8961966037750244
6e2fdd1c-1df4-4e5e-89d4-034b50a83810,0.0,0.6526366472244263
6e31e5a5-ffd2-4470-b354-6530707da30b,0.5425677299499512,0.9349098205566406
6e4010fc-0c0e-42f1-8911-914e42ab78b6,0.0,0.0
6e41df7c-01b3-4659-baac-6b2a022f6a7d,0.5322017073631287,0.6347920298576355
6e4c061d-bad5-4c28-b5b4-4b9b41a31ec1,0.6704825162887573,1.0739442110061646
6e5f3d92-4d48-4c78-a2a1-4f4c6f8e51b4,0.6049175262451172,0.8565943241119385
6e71374b-d091-4844-a942-f064700e1686,0.0,0.0
6e7d5e53-90c7-4b3b-99fe-13cb495d7820,0.5127382278442383,0.6720654368400574
6e94e33f-4904-44aa-916d-b6fba7807739,0.0,0.0
6e9be053-cb91-4795-aace-eddc4b3ea156,0.0,0.0
6e9f9e2f-f582-4343-9651-f87ced00c68a,0.0,0.0
6ea1eaa8-bd2d-4ea5-81a4-05e7412f092b,0.5283874869346619,0.7051222324371338
6eb19a25-ee9a-40a5-83c0-efe113f195bf,0.6124356985092163,0.8026747107505798
6ec11de8-e239-42c5-a0eb-978e62477b98,0.0,0.0
6ec17774-d0a7-4e53-abb4-8aa13c47a1fd,0.0,0.0
6ec75c04-3fc6-4d06-b57a-9bfe6c8050ea,0.5378010272979736,0.8195443153381348
6edeb2da-5f4c-40b4-857f-293602fac536,0.5926852226257324,0.8976266980171204
6ee4d659-ccac-409e-8807-65abbdb83cd9,0.0,0.7087485194206238
6eee5596-40f2-46c0-a8f6-f22d05caab68,0.5059265494346619,0.7073972821235657
6ef999e7-f42f-44b8-a4ac-25c9906183d5,0.0,0.5434371829032898
6f021b25-ff82-4204-bfd9-e2abc019528a,0.0,0.0
6f0402df-878e-4551-a2aa-327ca4d1bb1d,0.0,0.0
6f12543f-6c49-4eb0-abb4-173a9a66df4d,0.6300185918807983,0.6945502758026123
6f1364d9-e080-4244-9f57-2e796581e435,0.0,0.5540167093276978
6f159979-faff-4714-a2dc-9b32605f5a51,0.0,0.5211628079414368
6f3378b8-e0b7-4456-bdd5-bd4b461c9bea,0.5779295563697815,0.9564620852470398
6f34808c-9c14-4e19-85a1-3a46801c2149,0.0,0.7400556802749634
6f349fc3-1f0e-4f4b-91af-149db20e17e0,0.0,1.0522956848144531
6f47fa0f-5f3f-4a48-a02c-b438fcd303fa,0.0,0.5889161229133606
6f4c50b3-e66b-4ec3-be22-a5af3c7d6cd5,0.6190035343170166,1.004244327545166
6f517bde-1556-4566-9792-01a0b5829799,0.0,0.5447449088096619
6f55854d-e9dd-4705-af32-7a99d45f97b9,0.5188131928443909,0.5651803016662598
6f5ae60a-0c20-45fc-aa36-666231e25b8f,0.0,0.6546860337257385
6f5cd375-cee1-4727-943e-9312ba45799e,0.0,0.5315947532653809
6f7223c2-fae6-4a32-8c87-2ac8244f8dc5,0.0,0.0
6f7ebf44-1651-418c-af26-a0117fee82c3,0.0,0.5377574563026428
6f7ee9c9-481d-41f3-806d-d64d20808b67,0.5211657881736755,0.7821759581565857
6f96191a-2654-47ae-8d8c-0a7e1f0c2dbc,0.0,0.0
6fa15654-6137-4e65-a09e-a0f4d721f6b2,0.0,0.5347234606742859
6faa9760-84fc-445c-8376-6d525a3a7690,0.6042660474777222,0.8902212977409363
6fbba749-96ce-4303-96d2-17776320a079,0.0,0.0
6fcc3706-2cdd-4286-953a-e5b57f4f6db0,0.5950983762741089,0.9386458992958069
6fcf2747-9af1-4eb6-bc8b-09c986da3e87,0.0,0.687027096748352
6fd200cd-157e-499a-9216-db86817ef4ea,0.0,0.0
6fdd3845-183c-416a-a4ae-a73ae9ca789c,0.0,0.5889051556587219
6fe77ae5-feb4-4896-8975-415f7bdf81b8,0.7144390344619751,0.9213427305221558
6fee2e81-cbe5-4990-bd83-497c1df8b49f,0.5288257598876953,0.5161547660827637
6ff6dd7b-8284-4e65-ad0b-7ab375c9e63e,0.0,0.7444623708724976
6ff88d51-d0f8-4a87-898e-16b247b06e97,0.0,0.5689473748207092
701d3da8-6f66-46bc-8860-9add9c5d29e4,0.0,0.0
7020fa08-3518-4655-ad55-1cc73094ac3e,0.5693372488021851,0.8378291726112366
706f0fa6-4e5f-4822-8e9a-4c011b353ae5,0.5942425727844238,0.8912763595581055
70785e9a-78b2-42c4-9aa0-8ed50be2f5b6,0.0,0.713638186454773
708316f9-e25b-4c9e-9977-b42df7045c9c,0.0,0.7854558825492859
70977c07-b583-44a9-b401-baa9f75bfade,0.549510657787323,0.6591355204582214
70dbd0ff-b30c-492a-8e0b-71ac8b96971a,0.0,0.0
70dd72fc-c647-4e23-a874-2cb8b2d5a7ba,0.509016752243042,0.623155415058136
70dfd12e-78ad-45cd-9819-a2e0d9cb9116,0.0,0.688579797744751
70e27439-3745-4fb4-9ab7-c4343c45816c,0.6071436405181885,0.9966533780097961
70e932eb-0419-4cfe-a75a-8ccf1a2c5cf4,0.0,0.5988492965698242
70f11d10-bc06-42bb-99c1-83f170615a1d,0.6092683672904968,0.9938164353370667
71043ff0-21cb-46df-816f-d0e5e6b07116,0.6013524532318115,1.0319403409957886
711130e1-95f0-480e-b079-28690ac4cca2,0.0,0.6473495960235596
711aceac-d374-4902-a861-0044d4878cab,0.0,0.6660027503967285
712250f4-7f96-4714-ba38-270f3398c102,0.0,0.6451802849769592
71276bd5-c2d1-4543-a843-09050c5c70b5,0.0,0.0
715736d7-a84c-4b85-bc68-7e79c591fc9d,0.0,0.0
7165cd1e-1236-4a46-85d0-2cee29baac62,0.593136191368103,0.9810813665390015
71756065-b174-4c20-bb32-c28fc7e6dd17,0.5036872625350952,0.6587684750556946
71891964-2da7-469c-9208-b2181b254bc0,0.0,0.0
718dea89-92fd-41b6-beea-9b8538f372b5,0.0,0.0
71bd0c81-a7fa-4c29-bada-d44881456cfa,0.0,0.5381008982658386
71c03dc0-e254-4f0b-ab3b-17ffeaf5d1c2,0.6437381505966187,0.9133062362670898
71d48832-5f3b-4b8c-9d91-297a9744ae00,0.0,0.6143523454666138
71d89d1b-732d-4b60-9aee-ab74a36853c6,0.0,0.0
71ebddbd-373f-46f2-868e-6c2648fe8956,0.0,0.0
71f0957c-eddf-4078-9931-11de45706726,0.0,0.595558226108551
71f4de04-3d93-4d70-ab7d-95962bbd7aa2,0.7334126234054565,0.904667854309082
720af197-f055-44c3-9ffa-5d1da9ca6bdf,0.0,0.0
7213e0ea-8de0-4a1d-beb7-6d9b7eb87db6,0.5723991990089417,0.9161818623542786
721da562-927f-41ca-a50f-fb9fcf576509,0.5572077631950378,0.9496620893478394
722091d8-5c11-4e6c-9352-f2c0e9fdfb5f,0.0,0.0
7222e41b-f0dc-41bf-8c57-5d62c691ebb7,0.0,0.0
7235592c-aa44-40d0-a201-67df096bfc86,0.5233522653579712,0.601324737071991
7238b69b-6505-4f3e-ab7f-ff91dfd3b4c7,0.0,0.6031754016876221
72529c2b-93df-46a5-911d-f12e438cfb9a,0.0,0.0
725d181e-4ae7-4e3e-b1ec-3de88db14c01,0.629179835319519,1.0130093097686768
72645c06-ff20-4407-9e56-2e06149c8fad,0.0,0.0
72664958-072e-40cf-8534-7d9f7f100afa,0.8076229095458984,1.200521469116211
7283f404-766c-4fa9-bd9a-6cdb5d51024d,0.0,0.0
72a25aa3-1b8c-411b-8d5c-b942db10ed83,0.6290463209152222,0.8064103126525879
72a55efc-a135-4e78-adae-5ef862d201e8,0.6358704566955566,0.8579961657524109
72aa6275-42ef-4454-a920-be31b3d26915,0.0,0.0
72b0dd3e-f4ae-418c-9b98-3f4ed5fb60b7,0.0,0.0
72b31546-8f4b-480a-a80f-1ab66300abcf,0.0,0.0
72b42a5c-cd60-439b-8948-3fb58aab5550,0.0,0.0
72bd3d8d-e1c4-4a04-98d0-c36f71ba5ef4,0.0,0.0
72cefa38-48ed-4782-affd-7e5980a451f8,0.0,0.0
72d06ee8-d12f-4a8f-8d83-8ef2913578d2,0.0,0.0
72e5156f-c43a-4798-86ab-f395623c8473,0.0,0.0
72fe86bb-9f89-4cf8-91c9-9caafecdbd84,0.0,0.0
7314286e-989f-43ef-bbd4-f32ba6e491b0,0.6110434532165527,0.6168068051338196
731edd75-f5dc-446c-8479-881d3c91cafe,0.0,0.6029161214828491
731ede95-8387-4700-a2df-719985d1933e,0.5935705304145813,0.9021385908126831
7339db6b-6619-4d45-b9c5-3d24e619f410,0.0,0.6146926879882812
733e1761-79da-4ed4-b500-c03e279a49e7,0.0,0.5233381390571594
73424fcd-bb64-4eb1-9ea3-39f6c7712628,0.0,0.636396586894989
734909e7-e49e-4972-8e88-2e02200f8748,0.5379140973091125,0.602509617805481
7373d51f-d4fd-4626-a0a5-018597f44866,0.0,0.6157656311988831
7382c409-b134-44d4-a338-40d489c9487a,0.0,0.0
738bf317-caf3-4ed0-8b61-cebea8bb32fa,0.0,0.6178497076034546
7395a401-69ee-4cc3-aec7-cde975dbee5c,0.7588681578636169,0.8745578527450562
73972f1f-1d82-493a-881f-51140ee8b306,0.0,0.6924841403961182
7398c510-3944-4c96-a1b6-a5cfc7a68234,0.6147273182868958,0.9915619492530823
73a04e4d-ec1a-4d6c-bd9a-3eee167d7c15,0.0,0.0
73ac19d8-c4ae-4466-8f9a-cece3313fdc5,0.0,0.8197017908096313
73ac718f-583a-44c7-8bc8-a4f7d4cc411e,0.6669840812683105,0.6940141320228577
73af306f-fe8f-43e6-a735-8b4f5b382045,0.0,0.0
73b40b10-bcbb-4a89-8113-03acb524fd15,0.0,0.5316599011421204
73d250ac-6af7-453b-8721-c58520e1639e,0.0,0.0
73fb72ec-746e-4e85-ad25-26c92fe02b13,0.6262061595916748,0.8756913542747498
74014021-045f-4e4f-a547-2134f6ba9567,0.5424847602844238,0.9322071671485901
74048e80-f94b-48f3-a9e2-492d168badad,0.6033453941345215,0.9333651661872864
740d71dd-0a85-4711-bf63-c52520c14d05,0.5920296907424927,0.6903530955314636
741b0b50-5aab-4c84-9e52-1961d46d7bbc,0.0,0.0
742502ba-5acb-4dbd-b78d-a56133b88a12,0.5543026328086853,0.7964953184127808
742aaf75-476a-4ab4-a95b-2d54a6fca571,0.5794364809989929,0.7233561873435974
744ef9fa-c569-493f-8848-365cac5b63ad,0.5161601901054382,0.5751330852508545
7460e52d-d3fc-4f0c-b450-020f571264c5,0.5161553025245667,0.7903348803520203
7463a2e9-634f-48d5-8652-b251f4539159,0.0,0.0
747ac846-3c33-44a8-8201-3b55aad1eaea,0.0,0.5465517044067383
747e73f2-8884-4d33-947e-e30c0b36d068,0.5089982151985168,0.5159392952919006
748ce71e-ce99-4a01-8863-0a93888a37fb,0.6814508438110352,1.0608307123184204
7498e565-50b0-4491-ac0f-f477e7511448,0.5458360910415649,0.9862775206565857
74a1da1a-3cce-4de7-adbe-14d2b307c2b9,0.0,0.7029113173484802
74adf2ed-1816-45b3-b61a-4b55a9939dfe,0.0,0.545210599899292
74b4c606-de33-428a-a4e1-8f6f2ba2abaf,0.0,0.0
74e33f8b-1bdc-4357-8b8d-8132cf3af8cf,0.5473964214324951,0.641636073589325
74e60d8e-6c95-4475-a02b-786bdbeb104b,0.0,0.509884774684906
74ecbe90-46bc-4e34-89a0-8ba0f25e32d8,0.0,0.5457894206047058
75128476-e5ef-45d8-845c-49b479a6ac78,0.6073254346847534,0.987542986869812
751355ef-bf18-4324-a2b7-d6948740e3ba,0.7250382900238037,0.8647290468215942
751aeaea-fe6e-431d-af76-d7afde5d85f4,0.0,0.560917854309082
75386143-6dd4-4b01-a187-b3c891b617c5,0.0,0.0
755fff8a-aee7-4e5e-93ec-d3aebd8fa9bf,0.0,0.6846569180488586
756cac10-0232-4f1c-81c4-61778409a22c,0.0,0.0
757673d4-f6db-4589-905e-48c9b00de9aa,0.686326265335083,1.0832526683807373
7592e7eb-2046-4cdb-9af2-fec65dfd57ae,0.0,0.0
759c2a86-1d94-47e8-9b00-b4bac27cd7d4,0.6501995325088501,0.7959374785423279
759e2c07-619e-415f-8395-86a08fd4f0c5,0.5144787430763245,0.7549163699150085
75a33abe-39fd-486a-a20f-cd34d7df35f3,0.0,0.6719987392425537
75aa8a40-26e6-450e-85a3-2f55c8c8a939,0.0,0.0
75c8f0f4-309e-4180-8055-5e2a1fa8598e,0.0,0.0
75e19488-abdf-4448-99cb-3e5976a002a7,0.0,0.0
75ef79d2-83d0-4f32-8e65-15ebb86a0ce5,0.6721480488777161,0.9028992056846619
76174e5d-9ab5-45d3-b984-18639a8dba24,0.0,0.0
7622db2c-17a0-4348-ba1b-7a32af696531,0.0,0.6610532402992249
76346282-d25f-40f1-8581-fd438d227747,0.6830949783325195,0.9310619831085205
763faf4d-662a-44a6-aee7-1431ca8006d9,0.5028370022773743,0.0
764354fa-c41f-4ef5-a945-71ce017bb3ad,0.530030369758606,0.5442599058151245
76448544-2da3-4ac6-b0a3-60b8e386c4f6,0.6271042227745056,1.0049598217010498
7655d2da-440a-4f3b-8f9c-bc4c7aead382,0.0,0.5412372946739197
766a9242-a1a8-4300-962d-e48e1b8a1741,0.5047359466552734,0.5201992988586426
766d1f0c-01e9-4430-a2fb-3b7fe469b51d,0.0,0.0
76889ed5-5317-45ba-8367-af21fbcd4f2d,0.6520982980728149,0.74796462059021
76899462-3b63-4515-a04f-cd478fede519,0.0,0.58170485496521
76a3f2d0-351c-4d8a-9324-675344d40aa2,0.7309058308601379,1.0964183807373047
76b55900-eb3d-4d25-a538-f74302ffe72d,0.5104393362998962,2.194155693054199
76bfdd1b-0ace-4a7b-9c8b-68a26fe6b927,0.0,0.0
76c78338-5470-4446-bc13-0c432490c860,0.0,0.5894419550895691
76d27ce3-0bfb-40e9-88d0-85042050c3e8,0.5497263073921204,0.655853271484375
76d583ed-47a4-4214-aca3-08ad4776e058,0.55199134349823,0.8043789267539978
76f306d1-a83b-4c86-ba41-4b5ff3ab56f2,0.0,0.0
76f38815-19c7-4993-9451-be60c18aa2ff,0.0,0.5232346653938293
76ffcdd5-90d3-4ded-8620-4e7086958465,0.8225138187408447,1.1225640773773193
7701589b-cf61-49a8-a890-764926f05ca0,0.0,0.0
77127f54-05de-4059-a2b9-7bdb4b2f3cd0,0.0,0.0
77175545-6871-48aa-8d0a-ceb7a2cf0bc9,0.0,0.634681224822998
771be7c9-49fa-4795-8fea-f0629776b174,0.6751887202262878,1.0578351020812988
771d92fc-d83e-4fdb-b875-69a251bbef4a,0.5453357100486755,0.6159077882766724
775bd1b4-7215-47d5-bbd3-26e50b0761f1,0.0,0.0
777633d0-8db7-48ca-9157-34be8cb845fe,0.0,0.0
7776ab3b-a100-4349-8d30-2b2e158de5a1,0.0,0.5758491158485413
777949ef-a886-4d75-841a-42bd631667b5,0.0,0.6489789485931396
77918d33-8f37-447a-ba46-4a99a0624f0b,0.0,0.7749320864677429
77935b14-19d6-4dd4-92db-a97b678827c9,0.0,0.0
77afee03-b5cf-4afb-bc9f-68c2fd80e9e4,0.0,0.5664862990379333
77c27a75-30b9-4f42-a4c1-5c40519f849d,0.6671311259269714,0.8588029146194458
77d44af5-fa11-4fea-9a2c-5bbfb0a9a2e5,0.0,0.0
77dcc6a2-0959-4daa-9ca7-3f1fc4e3ff7b,0.6144331097602844,0.6963567733764648
77dd0c00-d967-469a-b6a5-a7a992f57436,0.5066518783569336,0.6477110385894775
77e8b7ac-e896-4f45-9a3e-37441eba23c2,0.0,0.0
77f4bddb-4987-4a17-b5c7-5dcc2d44f397,0.0,0.0
77f99a0e-3a61-4947-95bf-acb8d9dad525,0.0,0.5568529367446899
7806fa87-329f-4115-9b64-ab54db9b2305,0.0,0.5705480575561523
780bdf95-7a92-4242-9afb-f3f7af70ac15,0.0,0.5671539306640625
78169e10-a9f3-431a-ae11-780a0b033e8e,0.6984672546386719,1.091431736946106
781fc697-8e73-48e2-8c05-789c7ab129bb,0.5078541040420532,0.0
7823b7f2-85b4-4579-aacf-52e56b13da1f,0.0,0.5924075245857239
78278d8b-c92e-4c84-bb8f-861383589d4c,0.6391096115112305,0.7306073904037476
782a7202-9014-421a-890b-6f266e98d975,0.0,0.6704395413398743
782f0e34-f82b-4f87-9b50-ba2a616bf926,0.5465822815895081,0.8876400589942932
7833ecfe-b300-46ef-b325-2d5a477f150a,0.7487810254096985,1.2816523313522339
78415d94-395e-400f-a0db-59d7c262dcb3,0.0,0.0
7843e4f3-cdae-4df0-b668-20c076d141ae,0.5635131001472473,0.8483789563179016
784991e2-1b99-4a1e-a82a-8a5ac22b65be,0.0,0.7845644950866699
784b3798-faf0-4c1e-a829-770d96480251,0.0,0.6323426961898804
784dba3f-271c-47aa-95a7-6cfdc434fdda,0.0,0.0
7852da53-3e17-4196-bb44-1c5f962a8a8b,0.5334928631782532,0.7173668146133423
7870d16c-bca7-4dcd-aa48-bc20a8ee0243,0.0,0.7000075578689575
78753afa-1b91-4060-9023-1ab47dc9afcd,0.0,0.6507296562194824
787ae174-3a84-4e17-8114-e2b705313108,0.0,0.6816070079803467
7884c486-2edf-4a30-9677-092d7725f225,0.0,0.6156437993049622
78a1aee1-103e-44a3-a7d5-9044bea191bc,0.8223269581794739,1.2139946222305298
78b25818-a9fa-4a00-99df-8f8dfed1fd7d,0.689180314540863,0.8313558101654053
78b68206-f287-4dba-91e6-a009acd09751,0.0,0.0
78d544de-5a36-4ec2-be9e-c412dfa4b1ad,0.0,0.5290670394897461
78d8a4e6-288e-42d3-ae4c-e47978327595,0.0,0.5101232528686523
78e575a7-e993-4f73-b575-570e568891ee,0.0,0.0
78e8f208-7d66-41d6-865e-77f1365bfb7e,0.0,0.7301650047302246
78faa0b3-9fcf-4c7a-b526-b2c55dc0f314,0.0,0.0
79285669-7e16-4d3c-8371-95f2480006cc,0.7653629183769226,0.9530656933784485
793ce185-4213-4b11-b2e3-2b10fafb77e5,0.0,0.6801632642745972
793d3d74-7592-4327-ac55-04cb35836bf6,0.8240219950675964,1.1316249370574951
79410da0-5a70-4fab-855c-04dca8ceecb3,0.5278009176254272,0.6394903659820557
794be728-fe4f-4915-b68e-777746b15131,0.0,0.0
795563a8-765c-4496-808e-4f99fb81b951,0.6528075933456421,1.0255060195922852
795ea935-8e64-49c8-ad97-faf44f444883,0.7003123760223389,0.8912395238876343
796f1476-343c-493d-a46b-7ed78e4f0ec8,0.0,0.0
79788057-904c-40e6-94dd-673333dad022,0.5346714854240417,0.5842552781105042
797f8631-c8bf-4203-9348-8247698a49b2,0.641086757183075,0.8626416921615601
79912c30-8a3d-4c13-9588-6986b7284572,0.0,0.6307061910629272
799ac027-713f-466d-bb6b-693f192d164b,0.6020473837852478,0.997112512588501
79a06e20-c98a-498f-8cc2-29709fbfde33,0.5929358005523682,0.8951659798622131
79b5cda0-ae57-4dc4-a31e-6536be8225de,0.0,0.0
79bcac80-04a3-411f-ba69-d87f6f3289e8,0.5956843495368958,0.7103912234306335
79db3be4-4ba7-4801-a3a5-2a528df05710,0.6975175738334656,1.162004828453064
79dd628b-34f2-4832-b40d-0c1a827a13c5,0.6800463199615479,0.7891402244567871
79df4a98-6d88-4227-a179-a642b2ecf8b6,0.0,0.6963832378387451
79e79bcd-26f6-439a-9760-7943c044412b,0.5362626910209656,0.801410973072052
79e9a6e6-ccc1-4495-828f-265d73aed242,0.0,0.0
79f5f45b-7198-4d10-b2f4-3074ae997924,0.0,0.5435831546783447
7a1552ec-c5a1-40a6-9e41-9dc3a0becb22,0.0,0.6769298315048218
7a522618-2271-4e0a-bcd0-20fe191143f6,0.0,0.5600677728652954
7a593702-a505-4875-adca-15c06f977d03,0.0,0.8526790142059326
7a5c5c69-aede-4202-a328-28db1079337e,0.0,0.0
7a65b107-fcd8-4507-99dd-f3d0b1531117,0.0,0.0
7a6a5da6-4a89-4baa-8a88-8703f3b8aa9e,0.0,0.7995061874389648
7a72ee77-a9de-4dfc-8c34-89240294cf4f,0.0,0.515100359916687
7a786e2a-d7dd-4c20-88c7-f7a96f030f87,0.0,0.0
7a7bc11c-b07b-4e5e-af98-1f75a962555f,0.5091735124588013,0.5032339096069336
7a802cb5-3ea5-46b0-8490-242641d7aa9c,0.0,0.0
7a894eef-7cb6-4d21-8bed-9802c52eb909,0.5242718458175659,0.729813277721405
7a9c2fda-58fc-49e4-b0e3-1e62614ff6dd,0.0,0.7192907333374023
7abadbb2-597a-4845-b622-83c5a21eb5fb,0.0,0.543043851852417
7abcfbb3-205c-4093-b174-1a47d2e8528c,0.6249666213989258,0.9755205512046814
7abd68f6-489f-4a52-9920-13dde63ff884,0.0,0.0
7abfa05d-5a5b-4e2c-9494-fb1cfe526f21,0.0,0.0
7ac15813-8c8c-42c0-b4a6-9c46e90a6797,0.0,0.5790085196495056
7ac5bc46-9a4c-4084-a324-53547e12a1f1,0.6677249670028687,0.8878307342529297
7ad3db9b-8657-442a-970e-0fd8648087fd,0.7702706456184387,1.1592512130737305
7aed5d80-b306-4613-a82f-4ce10700a40c,0.0,0.0
7b01ca11-4919-4650-a5d4-6cebbe803af2,0.0,0.0
7b044e83-0dda-469d-84a6-bc540fb09fe5,0.6232835650444031,0.728330671787262
7b1eee92-ae7a-42d8-892d-4e547a1184e0,0.0,0.5208555459976196
7b24b8e2-c52c-4c8b-914a-a86e313f4439,0.5037996172904968,0.5915994644165039
7b4041b5-0723-401f-8d6a-dda12d5dd091,0.0,0.5492158532142639
7b427cf2-ac3b-4e6b-b717-f24fb3d9df61,0.5924962162971497,0.6865805387496948
7b4f758a-7084-4073-bb9a-183a23730733,0.5288753509521484,0.5291234850883484
7b615dea-60ff-4c73-8d11-27f57442bd28,0.0,0.5218534469604492
7b63ac90-d284-439d-b07a-c3d522324b85,0.0,0.0
7b7ee40b-8306-4e75-98d7-5480defcd803,0.5579355955123901,0.5768899917602539
7b8c4644-fbd0-4001-aa74-09df7c37ea9b,0.0,0.5543850660324097
7b963c1c-6c3a-44a4-8989-4cf67b5f735d,0.6345677971839905,0.932824969291687
7b9eec08-2ed3-4438-acb7-3191bad02a78,0.0,0.0
7b9f6ab3-f76b-4ea5-9d2b-4ecd80f6dad1,0.0,0.0
7bad0d9e-b6cd-4e17-8b3e-216e677d31ec,0.0,0.0
7bb1cc42-fa94-4b31-b67f-254fd5d15115,0.7124950885772705,0.8773666024208069
7bbed1d7-054a-4631-b71f-9aaa2ca85501,0.663600742816925,0.8185133337974548
7bbeeecb-5696-431b-8a51-2a8152aab045,0.0,0.5864580869674683
7bd3ed5b-f215-4c0f-af93-c73e098f69d3,0.0,0.0
7bec69ba-139d-4d05-9a64-3e7abbe1ffb8,0.7410026788711548,1.057679295539856
7bed0bed-337e-48e1-a398-3d391fc3dae6,0.0,0.5546956062316895
7c0550d5-e759-408d-9fc6-4312faae7919,0.6251760721206665,0.7565076351165771
7c0823a1-3eee-4244-af49-1f46a7da65cf,0.0,0.5578978061676025
7c378065-f8c8-4361-aeef-196c34026446,0.6374589800834656,0.7285605669021606
7c413218-c771-4ead-a598-08fb078c7a0f,0.5250954627990723,0.7304022312164307
7c4e083d-bb18-4253-8496-bc1dd0627a53,0.0,0.0
7c570ff2-4eab-472f-96d2-11025bf906cd,0.0,0.6160444021224976
7c6c9c5d-1e44-41a4-b1ad-36bac97b2727,0.0,0.6149205565452576
7c7ebd7a-aa80-4a3c-bf7c-3d137dce1e52,0.0,0.0
7c995766-1fbc-42e6-a850-ca328103b683,0.0,0.0
7c9b0741-b547-4fb9-aed4-0549138fb5b2,0.707030713558197,1.0325671434402466
7cc312a9-7ef3-4ada-bab9-980cc3b44686,0.7419569492340088,1.0162206888198853
7ccfa7fd-0b9c-4e32-b49b-dbcde1ca03a1,0.0,0.5361587405204773
7ccfced2-32a2-4d9e-95e2-94c2763a46a9,0.0,0.7113113403320312
7cfa84fe-24cc-4138-9888-45714a97f262,0.0,0.0
7cfdb9f1-1de6-41f4-8bd1-286bff89036f,0.0,0.5566033720970154
7cff2c6e-f72d-4686-9e20-41ebd19d4149,0.5016922354698181,0.6627088785171509
7d0f2f2f-7d78-4e7c-a136-8b4971ffe680,0.0,0.5718697905540466
7d19fbfc-f462-4235-ac82-678ef88cbad4,0.5300186276435852,0.8147892355918884
7d235915-9e54-4a0d-aee1-670bb17c99bb,0.0,0.0
7d401842-049f-40b8-8d6a-d2c8f052faa2,0.5512721538543701,0.6554905772209167
7d4fcaef-bab0-4fef-9dc5-16c18c8bb72b,0.0,0.5247217416763306
7d66f3d2-620e-4085-bb05-a4ee6d7e8701,0.0,0.0
7d725093-c104-4883-8758-f54df740b363,0.6878730058670044,0.8153637647628784
7d74f256-e025-47ca-bf0f-30d4bc1d1724,0.0,0.0
7d763140-f596-4e49-8af4-4cc799178b68,0.0,0.0
7d7d7bfe-d108-48d0-a3f8-716233c5b457,0.6370418071746826,0.981928825378418
7d847c86-919a-4840-b5d8-6f0a764db95b,0.0,0.0
7d8e65f3-6557-4d4a-bee0-ed7c8fef78aa,0.64851313829422,0.6316497325897217
7d8f8b83-cc2e-44f2-804d-71ffa3e47c9f,0.0,0.6192015409469604
7d935826-3826-4839-b930-ed0db8c630b3,0.0,0.0
7d965410-29b6-46bd-bee6-d9b962480877,0.0,0.864512026309967
7d99f3c9-4261-40ec-8717-cf19f1212919,0.0,0.5462896227836609
7da3dde9-82d9-458b-abea-6204acc36594,0.0,0.6704760789871216
7dabe84f-4b14-44f5-be72-0e7db876e6fd,0.6511204838752747,0.9553082585334778
7db41386-f3e8-41ea-8232-0002d7fa2ffe,0.0,0.7110488414764404
7db58168-c7e8-4561-84d4-410172789bf2,0.0,0.0
7dc1e141-daa2-4266-8fc7-143bf6833b3c,0.0,0.5995625853538513
7dce1ed3-0795-4748-91cc-07391ac50eb6,0.0,0.6112825870513916
7ddabd0e-5d1e-49a0-99a3-da79cb764dcc,0.534180760383606,0.6585076451301575
7e0f078f-4a80-4bab-959e-4ea76655030f,0.0,0.0
7e24c200-7db6-4111-a1a0-e0c9d3f80142,0.0,0.5513070225715637
7e3167b7-0c61-403a-843c-a581bacaa17f,0.0,0.6605167984962463
7e48c5d1-eae8-4742-8dc7-cc81343d5988,0.6294160485267639,1.0124330520629883
7e4e7688-7c04-46ab-abd2-b5a424618408,0.5184712409973145,0.6739659905433655
7e76a484-d3f2-4a6c-b63b-6214e928d339,0.0,0.5545647144317627
7e7acd4e-0a75-42ec-be4e-b7016dab0ae0,0.6330230236053467,1.0097150802612305
7e7e7d35-fbf0-47e0-8b77-97116826122d,0.544755756855011,0.6728927493095398
7e9e1356-3bf6-42c4-a1a9-e475074ee327,0.0,0.0
7ea1fdd0-6364-49cc-b8e0-83a4a87e1ede,0.0,0.0
7ea831db-d954-4353-90f5-bfa54192091f,0.0,0.5192952156066895
7ead04d1-2f73-43bb-9787-860dff1d47c1,0.0,0.7013067007064819
7ebc6ffa-c6fd-42ba-936f-2018c332a2b9,0.0,0.0
7ebcd6d4-e6c0-4f0b-8617-80217fa2c90a,0.0,0.0
7ecab68f-09e3-4b4a-8f5c-0b8c3c0e66bf,0.0,0.5438898801803589
7ee0825e-3105-4c06-9c2e-a42221cf7369,0.0,0.5264836549758911
7ee97dc6-26ad-4df8-bee0-a77c01429835,0.0,0.0
7efe4add-f2b9-4f58-8ada-157ad68c9d25,0.585983395576477,0.9688008427619934
7f01e6df-fc4f-493f-b98c-aba6de58b120,0.0,0.0
7f0a5ccd-981f-422a-9afa-83389545b857,0.0,0.5987873673439026
7f45a9a5-1a90-4198-b3cc-bc0d52b96926,0.0,0.6509440541267395
7f467ec5-fc8e-4c8e-93b2-4438ac48c9c5,0.0,0.5274825096130371
7f5bccaf-0a2a-48b0-b812-5fc171ed6ee4,0.0,0.8171433210372925
7f62cd19-1a96-4818-b636-effa0141bb96,0.0,0.0
7f647303-ee0f-4106-b0a2-f72a032b63bb,0.0,0.5997015237808228
7f6cc60b-e0e6-450b-a8a7-d51879d5fede,0.5567508935928345,0.8625518083572388
7f6ef277-735e-4f3d-b6e8-51fa80c78e27,0.0,0.0
7f800f6e-49f4-48ff-8820-2aa73cb39eff,0.0,0.0
7f824117-de67-4a54-b1dc-f889e8d2cb8f,0.0,0.533572256565094
7f912daf-b096-492c-a12d-3f370298a8ce,0.0,0.0
7f927011-95ef-4775-80ce-7c836bd6706e,0.0,0.5442410707473755
7f95b3eb-90fc-458b-9f82-5106b61d063e,0.0,0.0
7fad2acf-4c5d-45d6-9528-a9f38b6f05bb,0.6131309866905212,0.6667030453681946
7fc98ec2-2256-418c-8e5c-e4ab00dfb45a,0.5322027802467346,0.6691136360168457
7fd14270-1cb7-4a06-ae7f-c77ad2b1f89f,0.0,0.502790093421936
7fdd6758-0c73-48a0-917a-cf8d39401579,0.5814136266708374,0.740905225276947
7fdfdeec-cd8d-459c-adf0-10b8275928ee,0.0,0.5048640966415405
7fe1677c-c83e-4b0e-8f32-e92471df7bdb,0.5091971755027771,0.5828471779823303
7fed7e59-df71-49f5-85f2-dafd6c39a54b,0.577932596206665,0.5872451663017273
7ff1a3f1-6dd1-4e26-aab7-710653df52e3,0.7279135584831238,1.0628069639205933
7ff792f3-f199-4f6c-8412-84b8981f8799,0.0,0.57220059633255
7ffa65cc-89d6-4383-b60c-286f48fcb972,0.0,0.932499349117279
80189e40-7427-4617-9dcb-af44f5ee952b,0.0,0.5681552290916443
8020dc07-873e-42ec-9fc3-07dc927ef60a,0.0,0.5070467591285706
803120cc-3250-494c-b564-5c0e1173a8cd,0.0,0.0
804847a1-5f32-4a2e-9943-3ee6cfe1df71,0.5486923456192017,1.058070182800293
8056f537-10fe-4109-b58a-a3390604ec36,0.7919968962669373,1.407634973526001
8072d4c2-0114-4830-a1d8-d677092e1f42,0.0,0.0
807806c6-3d9b-41f8-a726-36eaf9e45d07,0.0,0.7659167647361755
80923569-1d95-4728-91ad-759e76336910,0.6060828566551208,0.752765953540802
80b05e38-2152-4af3-a50f-0774f107a8a9,0.0,0.6053990721702576
80b11f17-ade2-40fe-b76e-e5713bb5c33d,0.565582275390625,0.6098958849906921
80b653a8-0c17-40de-8461-5c024db780c5,0.5245140790939331,0.672424852848053
80b70f5d-1ef1-4186-b48b-ddc50ad67da3,0.0,0.540543258190155
80bfdfba-0fef-4b77-9ede-ed33fe915bbc,0.0,0.0
80c37179-2187-43e3-a0ff-134aa4eec4e9,0.0,0.5514726638793945
80d2861f-d182-4cce-a763-39fef56bbdae,0.0,0.0
80d584d0-a3c7-48b1-b64a-87d8c4d4f6d2,0.0,0.0
80e19489-b231-47e5-a40c-c21898d6415c,0.0,0.527599573135376
80e3f016-c16c-4ce4-8348-b3ee12504fc7,0.0,0.0
80ee1073-d454-40fc-97d6-8b3080d1b840,0.0,0.0
810a0f43-aad7-4b81-b89f-a3f2dda8cb34,0.7970038652420044,0.9899982213973999
811aa626-8ab4-4f13-a573-c011814dbbbb,0.5330821871757507,0.5823038816452026
8123f937-b4ca-4e08-99d7-178919b5ac63,0.0,0.5004846453666687
81267a6b-414c-45f5-80c1-d5fb06b4ec82,0.5931180119514465,0.8439876437187195
813163bf-f951-4488-ab4b-07c24b9da2d7,0.5205034017562866,0.5101147890090942
814d0088-5d2f-43a8-a8d1-6bef54414f82,0.6126336455345154,0.9921993613243103
814f91bd-87b5-4b77-89d2-db552a37a886,0.64274001121521,0.9540550112724304
81895b32-4af6-41cd-81ba-5636205b38f7,0.685738205909729,0.8275910019874573
818f5b8e-f225-4c41-9c5c-4957a0d7ddee,0.5810032486915588,0.5973747372627258
81922203-4b1b-4792-b9f9-76d03e1abeb9,0.5202393531799316,0.5911069512367249
81aa1338-0cea-4786-8f3b-1f729f541640,0.0,0.5733655095100403
81b0c5a4-962c-4813-8da4-2bd3d0565edc,0.5055981278419495,0.5433081388473511
81b5f21c-6a2f-4921-9a4a-0687910e4b75,0.5912145972251892,0.9700354337692261
81b7cd93-fea6-4b05-83ac-94f8944a7b0e,0.5697305798530579,0.7516881227493286
81c2ed72-824e-4e57-aa1b-2658c923c85a,0.0,0.0
81d442b6-7f08-4338-97ea-693336a07e79,0.0,0.5486913323402405
81dadfca-664c-4176-b663-98fe5d2bcce8,0.0,0.0
81f5f7c8-c7ed-4f2d-b36f-4346750f80d4,0.7568690776824951,0.991156816482544
8203dd0a-1de4-4264-a11e-1469a37d67bc,0.0,0.621889591217041
82042b91-5578-458a-871e-7e7e7cdf43b8,0.0,0.0
820f2657-e145-4374-b79a-23d06ab91e72,0.6827763915061951,0.7885199785232544
8211dab2-67e4-4e3a-bd0a-c35408f8dd6d,0.5726717114448547,0.8747225999832153
8218e2f4-db4d-4ffd-ba2b-0beedef68b38,0.6094920635223389,0.9866809248924255
82239754-4a18-49f0-b89a-2f473ddcff8a,0.0,0.5147598385810852
82461330-7a63-4411-94cf-f6d4df057071,0.6596276164054871,0.786575973033905
826793dc-867e-41e3-9d22-f0ba053980bf,0.7166654467582703,0.882779598236084
827dc6ac-f49c-473a-bd6b-8ee3fc235092,0.0,0.0
8285ab0f-019c-4c48-95c6-286ac6184ed0,0.0,0.5823448896408081
82902cd4-cd8c-44fa-b539-e570f5809bbd,0.669318675994873,0.9894616007804871
82a59897-d434-4e79-81fb-31863b24af15,0.0,0.0
82be61b6-37d1-4f3e-bb13-d721562c886a,0.0,0.0
82c95b9b-0cf8-4cb6-92a7-be8e01ae27f9,0.5151905417442322,0.7315517067909241
82ccacb2-cf2b-436c-932a-dc4fdc839fb5,0.0,0.5953956842422485
82d6e87c-b4a3-4c17-8cf4-d4a9b485e587,0.0,0.7051135897636414
82d871de-ad50-42e4-be1c-761966075f7a,0.0,0.6093080639839172
82ed89ff-601e-4e0e-8892-7665157da4c1,0.0,0.0
82f47105-d98a-4eeb-b13e-d1513db2fe6f,0.5266490578651428,0.6329309344291687
830056f4-4beb-46fd-aa5b-fdff90d6acf0,0.0,0.0
8306e42e-f122-4d78-9deb-1aa8b98939bc,0.5231971740722656,0.9008694291114807
8319f3c5-a9dd-4efa-a775-d6b71b081e77,0.0,0.515174388885498
832328cd-675d-4e19-8690-d195cd9867d3,0.0,0.0
833299eb-dc34-4a4d-b14a-847d6040e6ef,0.0,0.8161991834640503
83366e38-2848-4005-83df-b1d481dc89cb,0.0,0.5416977405548096
8339494e-286f-4b29-928a-43ff28402478,0.5852270126342773,0.8907792568206787
833a5890-491c-43a9-82d7-e1f6dd3a0658,0.5299012660980225,0.834165632724762
835b905e-6ffc-432b-bee9-ef39a37df441,0.7581596970558167,1.0519938468933105
839225ff-ec18-4a93-9080-1235f61ae16b,0.0,0.0
83b2ea7a-2325-4e4d-aadd-81efa7aafbee,0.523012101650238,0.5015811324119568
83b86c77-8c07-4b58-bae1-ebec153fc9c1,0.0,0.5061976313591003
83c72588-55ef-40d1-bca0-b8c2fa3f7f3d,0.7230840921401978,1.0801204442977905
83ca16a2-9c8e-499a-a187-714448e493d4,0.5371370315551758,0.6403360366821289
83ca9605-8880-4806-97d6-1cc3efacd6eb,0.672581136226654,0.9972591400146484
83cdf971-45de-4412-869c-02d19a10c9be,0.0,0.0
83d7d06d-0217-44d2-b2d6-2332228b0b89,0.6181009411811829,0.9445825219154358
83f3d273-04f8-4f13-86cd-729366df198d,0.0,0.0
840d00c8-25ee-4de0-a5a9-bc95fff1cbfd,0.0,0.5863898992538452
845121da-541a-4e31-96e2-158f1e2b440b,0.0,0.0
84605b50-9be1-4aed-a543-014888e72f78,0.688528299331665,0.8449756503105164
84696937-01b2-4f09-9955-cde84230a972,0.0,0.589214563369751
8475bd24-fcea-4c0c-b307-887badedb7b7,0.5197594165802002,0.9271453022956848
847bef57-eee6-4286-ae04-9ec5fb71bed2,0.5363244414329529,0.6000039577484131
847d7810-a00e-4343-bf73-335107bfd2d1,0.632393479347229,1.0145998001098633
8495107f-a5f6-4fa1-84f0-42edbe86887f,0.0,0.5410833358764648
849c3e6a-12fa-4452-ab2b-97cf5f3935ff,0.5249925851821899,0.6087849140167236
84a345d5-7ac8-4280-bf58-1f3bfbd87eb3,0.6035805344581604,0.9822096228599548
84b207f4-5ce0-4790-a78b-ede0c1d0a975,0.0,0.0
84bb89be-0623-4af2-bab7-a0e265713268,0.0,0.5200191736221313
84bd678f-2458-4dce-bc6f-a842542478a4,0.0,0.0
84db0873-a842-46e2-9d06-081c586800e3,0.50950026512146,0.8238545656204224
84e1d697-f3b9-41db-987f-f195d4a7de33,0.0,0.0
84e78d22-8ab9-499f-a932-9e3145baa215,0.0,0.0
84ec7112-53c5-42b8-95a6-416a39f0a9f0,0.0,0.0
84edf366-8061-4eea-a61b-e89b70c3f2a4,0.0,0.0
84f1b05b-96c0-4ccf-942d-a9278c81a458,0.8724535703659058,1.1197437047958374
84fd7c93-2e7b-4ab7-b89b-b70a82ea1804,0.0,0.0
85025186-60e5-40c4-b5b8-7b7d630d8e2b,0.0,0.0
850902ba-d29b-4e88-a82d-8b6b6e3ab7b7,0.0,0.0
85148227-d3d6-474d-817d-2787458366ba,0.5677812099456787,0.846470296382904
85184d89-298f-420f-9859-44b182f87424,0.0,0.0
851e21f6-d30e-43ea-9933-18e2b5efaf9a,0.7646133303642273,1.2502155303955078
85299f11-040d-4510-a0fd-5481a98bccfd,0.0,0.0
85317ee6-593b-4ccc-a156-4db7be5d542f,0.0,0.7230466604232788
853372a3-45b3-4b0a-84ca-ae1f55b8c118,0.0,0.5918097496032715
85337bd2-70e5-46f0-8abb-e574ebc0e992,0.0,0.6167500615119934
8535b877-3aa1-4b74-bf27-adae8e5fb292,0.5913263559341431,0.892035186290741
856115f1-6c03-482d-8e4a-86533b31e2f1,0.0,0.7982310652732849
8563d71f-c4aa-4fdf-8eca-7cbb50b30308,0.0,0.0
856d1044-7751-4571-8429-0c4b8a1378eb,0.0,0.5141027569770813
85904992-0764-491b-bed9-6c82ec009486,0.5393446087837219,0.7531838417053223
859769bc-0844-41ad-a39f-eef02deb14e3,0.0,0.0
859c8eba-329b-4e2b-aa09-0e02cd92112a,0.0,0.6781853437423706
85ae91e3-e8ae-4e9d-b3d6-c7758299eff3,0.0,0.0
85bcdcac-db41-44a9-ab29-ccdcb7123940,0.0,0.0
85d422ae-ee5b-4fd9-bb70-0605d13628fb,0.0,0.6134729981422424
85e2b7e1-4cc3-4bd4-98a4-1b88740d00b4,0.0,0.671485960483551
85ff79b4-44e4-4d06-956e-371c49f6fa25,0.0,0.0
861d44b4-5af5-4bda-86b1-186fd6f0c6d3,0.5417216420173645,0.8623928427696228
8622119c-887e-43dc-8cad-50f8d44032de,0.0,0.0
8634d698-e5c5-4017-ae60-2a99d916c5eb,0.0,0.0
86563556-b2d0-4f07-a4f0-8a44c2c7dd3a,0.5659216642379761,0.5582292675971985
866f7c5c-9c95-44b4-afc5-1a3d6e0bc93f,0.672214150428772,1.0076342821121216
866f8935-2c33-4c7a-aa57-2a0c18283ab7,0.584527850151062,0.6815917491912842
8675d9b5-8484-4d2e-aaf1-959ec0334880,0.0,0.8102818131446838
869b5507-9e04-46d7-ad40-0edda0bf150e,0.0,0.0
86a0f592-d86d-4f54-bd0a-143258887b5a,0.6078784465789795,0.6605936288833618
86de83c3-2c40-45ab-879e-680bff4a6b82,0.0,0.0
86e124bc-32b3-44c6-bf29-c1c4f217d0b4,0.6424896717071533,1.0058917999267578
8701c32c-1c09-440c-8e75-ae9c33ae2086,0.0,0.5097718238830566
8709ac9f-9671-4520-a08e-993387d12e1b,0.5060327649116516,0.8805665969848633
871bab4e-b62d-46f9-863d-850806132161,0.0,0.6034141182899475
873088fd-afe0-4d15-8aae-40730da979f8,0.0,0.0
8737e210-41d9-4014-a6a2-70c12b559bca,0.0,0.0
8740e931-ef84-4e16-87be-22f59d9adf79,0.7395135760307312,0.8388040065765381
8751cb2e-dd70-472c-bc2e-390006cc5d55,0.0,0.0
875baac9-71cb-4790-8aca-8030f4132a33,0.0,0.0
876381c3-1296-4222-9691-1503270993f1,0.0,0.0
87851043-7996-4cbb-a6a1-66675ba0eea2,0.0,0.0
8789d718-6df6-419b-9e31-33cbd90d735b,0.0,0.6288271546363831
87b3746a-9603-4ee7-b7cd-52826867b128,0.7522575855255127,1.0096226930618286
87b55dbc-eabc-41a1-b2fa-ef34ec97c3f1,0.0,0.6781448125839233
87d61ade-d6e5-4070-b18e-6788e5e20633,0.0,0.0
87dfdd49-9720-409e-815a-bae720629784,0.5710508227348328,0.6817179322242737
87dfde44-5b71-430f-b993-3612a21f629e,0.6492918133735657,0.9658700823783875
87e0befb-632d-4714-ba89-06ee47ebc7c2,0.0,0.6783546209335327
87e3caf4-f5d3-4d7e-91c7-14649c8ac8ad,0.5594035387039185,1.0797053575515747
87e534c7-4d8a-4485-9904-355223790f86,0.0,0.0
87f7f68e-b1e2-497e-8351-a711e2b49071,0.0,0.0
87ff4ca3-037b-463a-87dc-4c869f699cdd,0.5332803130149841,0.6556570529937744
880bdc93-8823-47ea-a101-1c0527165f4d,0.6168040633201599,0.8466655015945435
880c2da5-e6ca-40dc-b80b-ae6463a66dbf,0.0,0.7246143221855164
8811594c-ee52-446b-8723-9fa9a1d3e430,0.6452831029891968,0.8115204572677612
88284787-2e2e-446d-b538-7acd6fba066d,0.6034719944000244,0.9078638553619385
8829b365-459c-4c68-b3fe-9f1532bdc5ea,0.0,0.5221065282821655
882f8ef1-fbe3-4e03-85ba-d62bf6fb6b40,0.6158230304718018,0.9913322925567627
8831de8e-bbe6-4bea-a35a-ee8256ac492f,0.0,0.5350761413574219
885e729c-1d2f-4635-802f-196001ad5310,0.5587955713272095,0.9538020491600037
885e7d88-ffa2-4711-babe-c4c37d5c0abe,0.0,0.0
8860ea34-2ddf-4e04-b7c8-83958f49704b,0.619840145111084,0.9949933290481567
886bfc27-d2f8-46e6-afa3-b030751dc98f,0.6273640990257263,0.7758652567863464
88719a1e-62ea-42ac-827e-04c8d675529f,0.0,0.0
887e3fb3-d460-4d21-b05f-633de90f4fef,0.6313888430595398,0.895605742931366
888e89fe-4a92-47d2-95d8-faecc09af9be,0.0,0.5544439554214478
8895046a-46c4-423d-bf38-6993b38ed89d,0.5426508188247681,0.8340895175933838
889e16a2-581d-4eee-b985-b013c3cd1859,0.6292955279350281,1.0093199014663696
88a063b3-4ac3-4647-97d4-1e668347117d,0.0,0.5579149127006531
88f98238-84ad-4cfc-98b4-517df0f88983,0.5017610192298889,0.7618663907051086
8900ff9b-c9ab-4c54-a402-c74989877fd8,0.0,0.0
8902897d-3b7e-4102-aeee-f82bc8233c26,0.0,0.5867952108383179
8917b0c6-8bb0-4ca0-ba70-16b6ee2cb29f,0.5802940726280212,0.6520581245422363
8922f178-72b8-483c-a305-8a1b05a6ddf9,0.0,0.7102667689323425
892d2712-7b41-4400-bb62-7ff5a96750b6,0.0,0.0
8938fd8f-af7b-4659-b59a-e07b7479faf6,0.6488396525382996,0.9006127119064331
8939ee1c-8f47-488b-a9d2-e43c132ef060,0.7026040554046631,1.0500749349594116
89430f90-fce4-4e4a-acdd-47ab264455f8,0.0,0.0
895f3a56-0189-456b-a0cc-eca45ad6f73a,0.0,0.6596301198005676
896daf28-fb26-4a7e-84c0-a237d87503d4,0.0,0.5033239722251892
896f11b9-1087-4275-a522-cc448289b5c8,0.0,0.7983142137527466
89bb92e0-e36c-480d-bc41-e02421c6efa8,0.0,0.0
89d3f83e-123f-47da-9756-aa5bb6012644,0.0,0.0
89dacfe9-4d91-4811-9020-6c41a00c2451,0.0,0.0
89e5c25a-cd93-4362-9683-f130a932d4a1,0.6959145069122314,0.9130480885505676
89e92c7d-5cec-4303-a894-f79dc3dba1d6,0.0,0.5459659099578857
8a0371f8-04ef-40c7-99b1-d2f1583faba7,0.5561899542808533,0.9218761324882507
8a1a1bee-aa71-413e-b85a-f69a4c42f001,0.6338165402412415,1.015708327293396
8a1a30bb-42f7-4be2-9ef2-e5f12c196a30,0.0,0.5793288350105286
8a1b788b-447f-491c-accc-cee6ab7123db,0.6037744879722595,0.9942827224731445
8a240dee-a218-4409-8025-579d9f09eb25,0.0,0.6387404799461365
8a277adb-0472-40e8-b89e-08e74691964f,0.0,0.5265482664108276
8a2eb3b6-bb8e-4e5d-b884-897fc128b7b3,0.0,0.6029483675956726
8a3d546d-9c8b-475c-956a-de80faea099c,0.0,0.5325257182121277
8a46adb1-c9f9-4683-b51a-f71610011505,0.0,0.7795962691307068
8a5927b1-eb6f-4e04-8c18-d1e54b74bc6e,0.0,0.5594335794448853
8a6b6af8-0ed3-4c61-a7e1-ff224dff0541,0.0,0.0
8a71d807-2691-4453-bffe-27c0ca9759bd,0.0,0.0
8a7346c4-5cca-4254-8af8-9abe8b3260a5,0.7981211543083191,1.3073430061340332
8a767818-c465-4f7c-9ac7-876839ff5a93,0.0,0.0
8a787b1f-317d-41b6-97b0-068f6988a67d,0.5897924304008484,0.9052190780639648
8a79e04f-2da7-4213-aee4-6663f11e1a69,0.0,0.5069060921669006
8a7bbd16-c3e9-4245-acd4-29eaf21ff49f,0.0,0.5206508040428162
8aa4e74c-3da7-4425-a811-f3562b3cf7cd,0.0,0.5991889238357544
8aabc74a-792d-44ca-93ce-85a89ea86ded,0.5382189750671387,0.6546120047569275
8ab98f2f-6156-47a6-8150-34e9631e1df4,0.6630639433860779,0.8663733005523682
8ac70f49-1ad5-4a76-9281-51ccf0ff1b55,0.0,0.0
8acfce62-e58a-485e-9a82-4ab8663d62b4,0.0,0.0
8ad876f8-3026-428c-b261-12870757b5a1,0.0,0.5939594507217407
8adb9f08-65e5-46ae-9978-542b669ca209,0.5335866212844849,0.6130915284156799
8ae034a7-86d9-4fd2-a33d-8a5993c961d3,0.0,0.5871186256408691
8ae6c2fe-3e68-4271-a56d-42b11b721092,0.0,0.5286973714828491
8b272a71-a42d-48d3-a312-bd73c1a0bd56,0.0,0.0
8b4aad44-1563-4ce2-a364-354ed52b8fa0,0.6771465539932251,1.1057231426239014
8b4fd2bc-fb07-482f-99ac-dbd2563f82fb,0.5510814785957336,0.9756529331207275
8b56d31f-db38-4380-becf-57d01315751f,0.0,0.5138118267059326
8b8b7708-cfb8-4504-b933-4d670a550dab,0.5061241984367371,0.7850463390350342
8b8f9f45-5266-45f7-b7a4-489935a691e4,0.54410719871521,0.5800929069519043
8b948fba-416e-40f5-b87e-0fbdd0ac5fee,0.0,0.0
8b9d8f5e-c6be-4825-9b05-b5a9444c5315,0.0,0.7649387121200562
8b9fcccd-807e-4836-9213-0667fd2c6eeb,0.0,0.0
8ba5cbc7-ceb6-41a9-b0e5-15c322550d81,0.800434947013855,1.1967648267745972
8ba86565-9440-45ad-b045-01d6a57f817e,0.0,0.0
8bb73f9d-2dce-4af9-b4eb-64bc5e14dbf0,0.0,0.6887809038162231
8bba2ac0-b690-4150-bad4-2fa82c3b7bcb,0.0,0.0
8bccd9de-9def-409d-80c6-af45c18eee90,0.0,0.6763705015182495
8bf62c47-a3cb-4cd2-9bc1-30ce724d7a6c,0.6413476467132568,0.6751209497451782
8bfc8d01-8258-4f8e-a8d4-8a09ea80dd9c,0.6305534243583679,1.0056241750717163
8c1878db-e322-4bf5-a230-a73c83c9a632,0.8022859692573547,1.1185874938964844
8c202af2-f13c-42c4-8b1f-ed9652d2ae03,0.5452492833137512,1.1291468143463135
8c2395f9-4700-44ea-a7cc-c9033755b6c5,0.0,0.5537638068199158
8c2956bd-a81f-412d-bddb-67b88c0d101b,0.0,0.569681704044342
8c29bedc-3fd7-4f5d-a1e8-6b31b9d4cf0c,0.71207594871521,0.9685052633285522
8c2a5ae0-25c6-4c4b-b8ea-cc1315963273,0.7003206610679626,0.8675705194473267
8c34ff1a-e381-4efc-8353-0cd0fbe37aaf,0.0,0.0
8c4523c2-6719-481f-bdd4-de0694b7cf38,0.0,0.0
8c45fc61-e3d1-47b2-9ad5-971a710a890c,0.0,0.7462997436523438
8c55c0c5-e4ef-4980-954c-ee28e19c8fb2,0.0,0.0
8c5813d7-9094-49b9-8ea6-b04a426c0e3d,0.8113964200019836,1.296173095703125
8c5972d7-63e2-4b7e-9a1b-002af0d1f6fa,0.0,0.6453211307525635
8c5ba345-be3e-4226-b517-4ff434ce9c8d,0.681023120880127,0.8397700786590576
8c6f28b6-c3e4-4af5-a919-7513701afdaa,0.580249547958374,0.956079363822937
8c880860-fb18-4361-974a-722425c848ae,0.0,0.6457828879356384
8c95d1da-60d0-4da6-b707-ea4daac7fe24,0.0,0.5768582224845886
8c97c8be-967c-45c1-8e68-ff156343ed04,0.0,0.5076172947883606
8ca94eca-14e4-491c-9ef4-8ab46d7df5c7,0.0,0.0
8cc30a7a-6d74-4326-a478-825c2552f61e,0.0,0.5845641493797302
8ccefe7d-2b7c-4065-96d7-99f6e5d0f6a8,0.5259345769882202,0.9489550590515137
8cff901a-ba34-4a2e-9208-0afe46dfa97d,0.5658978223800659,0.7255589365959167
8cffe0c0-2e94-4189-baf8-1c2360f9ca8b,0.5854005813598633,0.8886239528656006
8d047b38-133b-49cf-9a5b-c586b581191c,0.8239718079566956,1.389910340309143
8d092524-5730-4b0a-a7a8-056ff6025b7b,0.0,0.0
8d3477fd-0329-4786-aa85-d6c2f29e22ae,0.0,0.0
8d379911-5438-4bf7-ab4c-90a5dbbb3947,0.0,0.0
8d47ea46-9e44-48f1-9671-0c3c70185ffa,0.5910489559173584,0.8898674845695496
8d5129d1-b2b5-4a59-8873-9e4ce07611a7,0.542215883731842,0.9163601994514465
8d55aa4d-7a1d-4009-8e5e-86f81ff5b87f,0.0,0.6077784299850464
8d599e96-76f0-49f5-99e7-3c0ff11d1b30,0.0,0.5935715436935425
8d6ec1f5-a493-42df-82aa-b126307b4fd1,0.0,0.594929039478302
8d848572-01e3-4402-91b9-d7e857861f86,0.0,0.0
8d9582d5-a94f-40ca-b742-3f93bd1d4951,0.7001509666442871,0.913466215133667
8dae44f1-b52c-4803-a507-7b344d1eb7ea,0.0,0.0
8dc37c10-2e3a-4073-a440-0b8feea2fd1d,0.7907997369766235,1.1189005374908447
8dc9f3b0-f61b-4f1f-8e05-d7cb379bcd6c,0.5818961262702942,0.8109735250473022
8dd3cf8e-99b3-47cc-a85d-271a7c5d5503,0.0,0.5560624599456787
8dd8759e-78b5-4b3d-919b-5c5329342550,0.0,0.0
8de47e88-4836-4a43-8594-fc713bab7b3c,0.0,0.0
8dfaa3b0-69a8-4b5a-825a-f2d0b3bd9803,0.6168303489685059,0.9974135160446167
8e0a8766-ec48-4e13-98d1-8d7fb676f197,0.5840374827384949,0.6484686136245728
8e0b120b-e377-4b1e-8c5f-855b6c1e441d,0.7081573009490967,0.7456444501876831
8e125e59-1c52-42a4-bdc4-e514e104f3d8,0.6359184384346008,0.7577504515647888
8e1731df-36bc-40eb-991b-e97d5a871f80,0.5715034604072571,1.5616395473480225
8e17b4df-1d4e-454b-a403-187ab8838dc3,0.5162155032157898,0.5243682265281677
8e1d5efa-16db-4b84-8e1c-38ab7d2d32d8,0.0,0.0
8e2c1242-18af-493d-81ab-48c2b05caba1,0.0,0.0
8e34999d-be4c-4377-afd5-5fd5fcc5f800,0.0,0.0
8e35e7ed-2aac-4fde-8172-b75e89cfb700,0.0,0.525363564491272
8e6155c6-df6d-4ede-a3ed-e709ff14fb99,0.0,0.0
8e6c4c5b-233e-4abf-a71a-a05f36bf7e50,0.787915825843811,1.2029588222503662
8e6fa485-3b6a-43e1-a072-0ef46c060f17,0.0,0.5224799513816833
8e829bd6-7804-482c-9039-94b8d37d86e4,0.0,0.8708916902542114
8e9a029f-336c-4ea5-b3c1-d84b2d8cacab,0.5295984745025635,0.623296320438385
8e9b50b9-37cb-49c9-bd09-6c624c9304eb,0.0,0.832330584526062
8ea24215-261b-45fc-abee-dc2923f9b6ed,0.0,0.0
8ecb36a6-79e2-4653-81dd-6559b9c11a17,0.605566680431366,0.8027211427688599
8ed44d87-4d30-4da9-a522-a09e3b098bdd,0.0,0.0
8edca3b0-4caf-41cb-ae7d-fa24c45178ec,0.5081301331520081,0.5419455766677856
8ee52916-0ec1-4a99-8978-a9ea5ebbabe6,0.5754632949829102,0.6585014462471008
8f097ac1-4077-41e6-85ad-43750139e92b,0.0,0.0
8f156218-317f-432b-aadc-6730cd87f074,0.0,0.6024713516235352
8f17fb43-691c-4eea-92b8-4e84e10eb577,0.0,0.0
8f1a4f13-ef48-4c9e-aa70-28f628a8541b,0.5146281719207764,0.5384541153907776
8f21b404-4dae-44ed-91da-188a68c216f2,0.515290379524231,0.5963873863220215
8f32368b-e145-490c-ad25-bdfbf15dd42d,0.0,0.5950196385383606
8f341284-113e-4c47-bcf4-2d57aba07f68,0.0,0.0
8f37feeb-27a0-4ba3-b81c-b38de7035415,0.5411284565925598,0.6680433750152588
8f4f0a2b-f0e3-49a7-9d52-1649350964ea,0.0,0.0
8f5efd38-6a84-4dbd-b67b-554edde46571,0.0,0.0
8f6e3e06-9d5a-470d-8646-80148e8f5a5f,0.0,0.8230782151222229
8f750196-7467-4d5f-a904-7e1f121cdf11,0.0,0.0
8f820a2d-0a0c-4b43-b840-8a929238a2d7,0.5157103538513184,0.5136916041374207
8f87604e-f654-4041-a123-11a0fa2427d9,0.0,0.0
8f8ca33d-5b62-4ad8-a85e-b84e7db30d3c,0.5213689208030701,1.0035699605941772
8fc1c361-fd10-4067-b64a-1ddb63606f9d,0.0,0.0
8fe55dbb-483c-41e5-8e74-d29efc9ee938,0.5440006256103516,0.7384594082832336
8fec6f4c-4980-4ab5-87df-94ebfee74343,0.0,0.6055878400802612
8fefb592-7314-4d3d-8669-0d12d40f085d,0.0,0.0
8ff46445-3263-42b7-8b87-bbc2b64da40a,0.5242435336112976,0.5400527715682983
900a3d1c-aa24-45eb-b4c2-2f049e78f6d4,0.0,0.5609848499298096
90218b4d-c4be-4c8b-889e-3c09c4c85f5e,0.0,0.6759313941001892
90268cc6-ae21-4ece-ba54-7f23d9c1b1aa,0.6361210942268372,0.9568055868148804
902beee2-02c8-4201-a975-a7ea62dba6c0,0.6073302030563354,0.8031203150749207
9045d926-aa10-4b96-9d0e-19383a3c53c2,0.5361394882202148,0.8002609014511108
905b709f-9bd8-4b81-b420-16074e0df694,0.7147657871246338,0.9962023496627808
906b0375-f5ed-4c37-9d34-2e80551b9f63,0.6258118152618408,0.7253645658493042
908372c3-e9e5-4852-b65a-7e9b61505b65,0.660355269908905,0.6686189770698547
9085a161-0257-4b19-a238-7618965c3d5d,0.6221653819084167,0.9977011680603027
909ba81e-dd93-4800-aa39-063926486701,0.5111786723136902,0.661163866519928
909d5723-d760-4cab-89f1-e2037b87bc34,0.6760721206665039,0.94936603307724
909f13e8-4388-4c3d-bfc4-f82fb12f4e8e,0.5844814777374268,0.7176930904388428
90d081de-cefb-428b-9f0b-23593d5369aa,0.0,0.0
90e431bd-d0ab-4bec-b3f3-c735eff2be99,0.0,0.0
90ed395b-7c02-4928-9cb6-d4461b6a5db6,0.5646832585334778,0.744322657585144
90f08f31-9476-4069-88c2-87be119a972b,0.0,0.0
90ffa810-57f4-4679-befc-c061a4685730,0.517373263835907,0.555548906326294
9107d931-d4b1-426f-84d1-57eb86fbed05,0.8679915070533752,1.1693636178970337
910b61f3-7969-4aa2-8d77-607f54905db3,0.6547712087631226,0.8371917009353638
911ebb68-af31-43cb-bf8e-3b4128be20cb,0.0,0.64635169506073
912cfb03-a4cb-4f5a-adbe-8a441b6ad1ad,0.5600888729095459,0.7932905554771423
912d34db-401c-4359-8c81-1126b34c34df,0.653984546661377,0.9700281620025635
9132ab89-ae05-4ea5-a0c0-0ff678781234,0.7125000357627869,0.8425842523574829
91376afa-5c0b-4470-8bd6-b281cccd06ca,0.0,0.5592799186706543
914721fd-707e-49f3-8765-82a7e2cc3fa5,0.5353944301605225,0.9292590022087097
915909bb-6a6b-4b69-9679-ebde4cda6576,0.7421144247055054,1.245002031326294
916e41b6-b4db-41ee-9f13-544ad14fc718,0.5573787093162537,0.6733061075210571
917625f5-7da2-4a5f-97df-0b6cfdcb1534,0.0,0.0
91c0bbfc-285c-43a5-9397-00f840953728,0.5672734379768372,0.86589515209198
91c878d5-c471-4c5d-aa25-a1eda25d7937,0.0,0.0
91ca6f5f-00ee-49dc-bd85-298dc81c3a42,0.5783299207687378,0.7316963076591492
91cf2839-9d66-4ed9-bbc6-ede23277b94f,0.5328415632247925,0.5413191318511963
91d2e210-a00a-4a2a-929f-7cb6fb1bee30,0.5176472067832947,0.0
91dea2d7-4b8e-4297-aacd-309d0ad883f5,0.0,0.0
91ede117-ba52-42ed-abdf-00825c6d038a,0.6113324165344238,0.99714195728302
91ee2040-fae0-46b9-8e4e-a1f9428a3143,0.5889663696289062,0.9738864898681641
9208ef67-71e9-44ea-b1b3-53b303dcda4b,0.0,0.5194375514984131
920c845e-9f98-4e8a-9085-25483f2a56f7,0.5669065117835999,0.7252681255340576
920f2fe4-2df5-44a5-bda2-a5417c84bdeb,0.0,0.6816436052322388
9242b1d3-1841-4ad8-a45c-951337c8996c,0.5393792390823364,0.5285792946815491
92552588-12d8-4e4c-91bd-1ea49fd9ee44,0.6137868165969849,0.7207101583480835
92733460-6ace-42ec-a63e-7697c53f002e,0.6118289232254028,0.9906768202781677
927a7d43-9301-43ce-8f45-5705a3304029,0.0,0.5460761189460754
9282a87e-788a-4db2-8d8f-ff9147bf8d14,0.0,0.5979034304618835
928da644-5efc-4ae9-9ecd-26a492e6b5ad,0.6963508725166321,1.3440078496932983
928f1f10-e664-4202-9dae-d921a6c99ed7,0.6069492697715759,0.687028706073761
92b111ee-b7cb-4e19-8c96-9713c53521c3,0.0,0.0
92c94b11-5fc2-4ca1-964c-552e3a26e0ed,0.0,0.0
92d324b9-70f6-4ee6-ac29-f117c4f459f8,0.0,0.0
92d9b844-cca1-4489-a7c7-5aef6d122a3e,0.6138945817947388,0.8957512378692627
92e1cbc2-1abf-4100-85aa-1c47db2e9b01,0.0,0.6014370322227478
92eab9b7-a416-4ba8-bc53-cf6835f4d9b7,0.8121622800827026,1.0934213399887085
931178e7-ac23-4529-a5ba-49a5d832ecaa,0.0,0.0
931521e7-bd21-425e-aefd-a1b30f60e9e7,0.0,0.5518391132354736
9321fe60-3683-46fd-9e00-fc81cf9b009a,0.0,0.0
9323b3d1-3bb7-488e-bef4-660b8c11cff9,0.0,0.50965416431427
93305443-94bf-424f-a03f-95f5f5ff2fdc,0.0,0.0
9331d490-0bc5-4943-98e7-a6deb2934090,0.5164071321487427,0.5961079001426697
93477aeb-8d06-4268-86bf-78d5b5d836e8,0.0,0.0
936450bd-4dec-4e71-a033-e6453af05c31,0.0,0.6587262749671936
93739373-d8ad-4b70-a1e9-d9f177f9efa0,0.5361050963401794,0.6792586445808411
93794ba6-bce8-40e5-a6cc-a42c1d98a459,0.553749144077301,1.0094053745269775
93810002-cb67-4d8e-902b-779854be89a2,0.5396589636802673,0.5662338733673096
939290cd-5502-46b9-bf56-3f9c288cea24,0.6638765931129456,0.6561996936798096
93a686ca-3131-4a74-a399-b3d854f556db,0.5112988948822021,0.0
93ae45e4-eae3-40f4-9cdf-c04bcc32435e,0.0,0.0
93b5e846-a3cb-4095-b285-e2d25882033d,0.6260592937469482,0.8208668828010559
93bf9864-0f3f-444b-9fd1-06a3074d1096,0.5862217545509338,0.9021733403205872
93cafc44-39e6-485e-8f59-ad60f6ad8c69,0.5749133229255676,0.653831422328949
93cba62c-9357-4252-a1fb-995726a1f7e0,0.0,0.0
93d55777-81a4-4e86-a107-807342168211,0.5239130258560181,0.8173554539680481
93eaed1f-b9c4-4cef-8ddc-dbf867b9a7af,0.0,0.7493469715118408
94037d73-8a45-4bee-99f1-a4abb36b08e7,0.5648983716964722,0.8711881041526794
941334d3-08ad-4e79-b278-de768ec49ac8,0.0,0.7044503688812256
942b5a18-eb7b-49e9-adaf-9ee030b4e11d,0.5097064971923828,0.5881059765815735
942dc49d-c2c9-42c5-8c1e-e35da3691b24,0.0,0.6646860241889954
9435bd3f-5604-4e9b-a084-f6ff7e1a9e98,0.0,0.5676742196083069
945e27ca-ff69-4551-a5c6-c12531d65e45,0.0,0.0
948ec6c7-77ff-423b-b2e3-09e1114902f0,0.5976338982582092,1.0262360572814941
949acfc7-5d13-4c90-91f3-c8f4ac9d4d2b,0.5761032700538635,0.6545056700706482
94c28560-237e-4b3f-b34a-a0fa89882895,0.0,0.0
94c305c5-76c3-4184-9893-662f8cf06fc2,0.0,0.5365899205207825
94cb8d8d-3f45-471d-8ff2-edcb29eb0774,0.5167477130889893,0.5816152095794678
94cfc741-816d-402f-813e-e4a221f97976,0.0,0.0
94d159c9-dbf4-4e33-9142-28c21141054a,0.0,0.5174309015274048
94f03c11-7d3f-4587-bd9e-cafd17e09a50,0.6059743165969849,0.9103831052780151
94f53403-6a87-4d7b-a168-31f08c6ba0c3,0.0,0.0
9507ff26-4aeb-4f86-ac85-cd44749ef15f,0.6310762166976929,1.0152467489242554
952390a3-00cd-44d5-a191-2d54213b408a,0.0,0.0
953569bc-76dc-4470-a1dd-cbfb928cd395,0.0,0.5530334115028381
95452309-4ef2-4a16-a468-d3bd30efd97f,0.6210438013076782,1.0075560808181763
9549e678-5592-4caa-bc4b-37b88262ef9c,0.0,0.0
955e9b92-0e3d-4a1f-ae7a-9564101ba426,0.710586428642273,0.8043210506439209
956b0628-e4db-4fbb-969d-e7a7d4f0907e,0.0,0.0
9573e9d8-0e32-432a-88da-3c7bbccff840,0.0,0.5878410339355469
95a12f9f-2352-4863-81ec-1d7f15c522fe,0.5431081056594849,1.0573105812072754
95a5d172-0dc9-4122-ba74-986d27d9f513,0.6827252507209778,1.044774055480957
95a8150c-425f-4302-b442-1e3e6442804e,0.0,0.6221588850021362
95ad8ce1-eb99-4785-a299-b404e23bef01,0.0,0.0
95ad9bdc-f3b2-4956-80e2-3e8fc8fff7e3,0.0,0.5970498919487
95badc5a-be1b-40d3-9410-d53280f5ef72,0.544858455657959,0.6407333612442017
95c076ca-076e-4908-8145-1a43371abce4,0.0,0.9880124926567078
95d72ce3-d610-456d-af3e-0712d342b6a4,0.8253232836723328,1.2280253171920776
95d7dc3f-2655-4486-89a9-7b5144b427f0,0.0,0.5894754528999329
95f5aa2b-070c-4b5d-859b-5dad9c39b76d,0.0,0.0
95fc4460-adee-4cbd-91ba-225cf9de1d6e,0.0,0.0
95fcf3c1-4efd-4f87-90d9-0eb197940aae,0.0,0.6200620532035828
9607c4c8-3aad-4706-87c8-afba98bcdaee,0.0,0.5363787412643433
962b07b5-4dc3-4678-b2aa-b0fd4260504b,0.6738522052764893,1.0588836669921875
9649d8c4-89d7-4308-aee0-8be44658cb93,0.0,0.0
964c3d2b-aa96-4b8e-a5c9-283395933498,0.6402741074562073,0.8941625356674194
96739708-4411-45f5-9afc-3aa6f8b680c4,0.6657488346099854,1.1671055555343628
9680602b-054f-422f-8390-1c2726520255,0.0,0.0
96832dd9-e0a3-4226-88e2-4c7643063242,0.5119065046310425,0.6713154911994934
9686b5de-fcc7-45a1-a431-048f34c66638,0.0,0.6144201755523682
96892b92-40e1-4099-829a-fc19ea65cd72,0.0,0.0
9689ac8d-89b7-4ac6-9cc2-bc757a119140,0.0,0.5324746370315552
969110ab-981f-454c-861c-2798ff8064de,0.0,0.0
96978417-ec81-4b98-91e0-49407ae911e9,0.0,0.807609498500824
9699b25e-ed51-42b8-b12d-b7e03cc17474,0.713158905506134,1.0017852783203125
96a495bd-637d-489f-98fe-0022d2e8a457,0.6802396774291992,0.7719659805297852
96b18577-b304-4038-a3f9-7e0fb33068cc,0.0,0.6093918681144714
96cdf89a-50bc-4dce-8daf-c90547c53175,0.6010808348655701,0.98765629529953
96d04052-f986-4894-adab-07144424f4a9,0.0,0.6071111559867859
96dcb711-2cdc-4d13-b624-76bba735deb3,0.0,0.5576550364494324
96ece70c-5c22-48d8-b99a-a373d2a93789,0.5948395729064941,0.8981582522392273
96fe3a42-6593-449b-9819-40a7428e9190,0.0,0.0
9707f0bf-8152-4b51-a34f-ed502858016c,0.0,0.0
973fff01-6d88-4e7b-88f2-efe3142b9cdc,0.5839983224868774,0.761485755443573
97423d30-4888-4d85-a1ff-c0a4efc8f1de,0.6046968102455139,0.783382773399353
97445856-a23f-4ea3-8da7-b7fa916bd2ac,0.5341742038726807,0.7294380068778992
9747ff44-bd13-4fbb-a490-9d0ac22334c5,0.7286226749420166,1.1170083284378052
97491616-c189-4618-ad56-9310480cbae2,0.0,0.5009725689888
976370f1-9b2b-4c5d-a710-a279179610a4,0.0,0.5447195172309875
97693631-c53e-49be-adbb-2376072dc91d,0.0,0.0
9770d49c-e304-4da8-993f-8bfa5ac40916,0.0,0.5868143439292908
977663e2-030d-44f8-be06-50600c7ddc58,0.7112764716148376,0.7121572494506836
977ca43d-95ba-4ecc-bdb4-7c249d8c4991,0.0,0.0
9780f1cd-8116-4c46-86ab-51f9a29607de,0.0,0.0
978aa09d-ce80-41dc-85e8-f3ca23f25af5,0.0,0.5762355923652649
9791ef77-c9bb-483e-9eab-3e34d206bd72,0.0,0.5986958146095276
97a2e251-1bab-4fb6-9aa9-25f143b3348e,0.0,0.6290643811225891
97abb3ff-b723-47fd-b416-6484fe998b66,0.0,0.0
980c9010-6014-4c7b-b5e6-7b6977a46f47,0.5495719909667969,0.5329602956771851
982311f6-89ec-436f-a025-9156e243d390,0.5513435006141663,0.7398194670677185
982e5468-4f8f-4f7e-83ae-6dd138fb44d7,0.7243455052375793,1.137068271636963
984096e2-b301-4417-aa23-f08d7398f09f,0.5484422445297241,0.9513023495674133
9848a7f1-18e9-4763-9daf-4c9a73f9db34,0.0,0.5740551948547363
98530ea2-fa62-4a83-8cb0-f35f00d3de03,0.0,0.5380382537841797
985633d5-282a-4e9a-806d-f084c3d25f08,0.5068813562393188,0.6573812961578369
9861ba10-2c34-470e-bbff-269d2eefc9e4,0.0,0.0
986e3ada-4b7c-4c5e-9c49-dc0d71f22c72,0.7509644627571106,1.1172503232955933
986e880f-4979-45e5-b8c9-730eb68f33c2,0.0,0.0
9880cdcc-4613-4e5a-8a7c-db3d7f3f63a1,0.0,0.0
988606a5-c726-48e3-a7f9-b77a142469e0,0.0,0.7058656215667725
98a2cc27-6744-4a4c-8fba-e87b4c008e3f,0.0,0.6118696331977844
98ac0948-a839-4db7-b91e-538053472a6b,0.5838887095451355,0.6747650504112244
98b01e56-e448-400b-91dd-6ab85aa6c16c,0.0,0.5530641674995422
98b1d67d-764c-456d-892b-b6e06fcfe400,0.0,0.5537223815917969
98c0cac7-0c42-4c24-83d7-5699dd7bf71a,0.6180211305618286,1.3242427110671997
98c85e4c-82cc-4b75-82da-f7bba6a58bab,0.0,0.0
98d499e3-ea38-4872-aa11-06ab60eca917,0.0,0.6502887606620789
98d88a0e-ce17-4200-a7fb-aeec185971b8,0.0,0.6819114089012146
98da7a89-ef92-420b-b3d3-76d79e2fe10d,0.0,0.0
98e4b7d5-245e-444a-8e97-67cb60136403,0.7802189588546753,1.1249189376831055
98fa3e06-10b8-4824-9e80-7851a60173f7,0.5434248447418213,0.679448127746582
991d371d-2e22-4ad5-9c02-b4bd1c208527,0.0,0.0
99207fbb-3129-407d-aeb6-82589f4177b0,0.0,0.0
99225624-b9a3-4314-9646-f5f34518625c,0.0,0.0
992e1c57-af32-4985-adac-eb0d9e2d3d9f,0.0,0.0
9949653d-d824-4075-b387-47af7c9e3aa4,0.0,0.5549212694168091
99624e90-e7e8-49a0-acaf-ddba213ca861,0.0,0.0
996cb522-56e6-415e-8a49-c5e0b70a29f8,0.0,0.5272203683853149
9978536f-f484-4b54-87e0-59e1b692f3b0,0.5057858228683472,0.7619354128837585
997d49c8-c9bc-457f-b251-da7da9be8399,0.0,0.6280027031898499
998eacfe-1f75-4fa4-9a35-1b6168c19c31,0.0,0.5590255260467529
9994d12e-f858-4b87-9e32-7bcb4a5d908b,0.0,0.5013463497161865
99a211ef-26da-4e28-bd85-f4864aa54155,0.0,0.6865118145942688
99af664a-2bb9-4964-98f9-d42b909529fd,0.6458744406700134,0.98996901512146
99c2f6d0-eb51-439b-a439-d40bd207bde0,0.5215234160423279,0.7906121611595154
99c404c2-c584-43bf-9493-6d4f95c01c16,0.6788767576217651,0.8409121036529541
99c5a9d1-0876-4afa-818a-32dff66ccca6,0.0,0.0
9a152353-ef6e-4ffe-a2fd-1208b31baab4,0.5099667906761169,0.5458720326423645
9a3712b5-c1f7-442f-9f36-852835efb233,0.0,0.0
9a3b4583-8bfb-45df-9933-2ee681721c69,0.0,0.0
9a413a4f-3f85-4e76-a168-f9efeaf766e1,0.0,0.5604501962661743
9a55ffdc-5f15-4f26-9bb9-bae4f0d29e9f,0.0,0.5159000754356384
9a5a5b6d-01fe-4a29-a5a3-a9dea943835f,0.8480513691902161,1.2327907085418701
9a7917c4-bc9e-49ca-803b-7650607bf28c,0.0,0.0
9a7d8bf4-dd92-456e-bf6e-99bb6d137f3e,0.0,0.8089261054992676
9a83e55f-4e0a-4a61-84e8-bcebc68d49b6,0.5523582100868225,0.6291557550430298
9a840dd1-51a6-4986-b0aa-0b7e1521bad9,0.5298585891723633,0.5827599763870239
9a98b1e4-7ac5-48b0-9597-a641b702e2c6,0.0,0.0
9a9b338e-e7b0-426c-9e5d-8e0e459eff62,0.0,0.0
9abf3c97-f1b4-441e-8c3f-eda487b459f4,0.5039878487586975,0.7449735999107361
9ac48aea-9569-4c30-84ef-f291cbcaf61e,0.0,0.0
9ad2af51-d02f-4e99-aceb-3ff5eb2cc18e,0.0,0.0
9ae9290e-070d-4282-b876-e944f39902ca,0.0,0.0
9aef5207-a1f5-40c6-85c6-4d1389298b4b,0.6112064719200134,0.6638052463531494
9aefd870-2840-4458-9bab-df91c88a964c,0.0,0.0
9afb1685-f237-4814-859c-a4b3c96ebbe5,0.0,0.5711866617202759
9b1c0471-62aa-4c24-919b-3826ea2bf880,0.0,0.0
9b201ae1-2122-475b-9237-efbcc3715e98,0.0,0.0
9b24fca9-adeb-4a24-a481-0cd76319c263,0.565338134765625,0.9819831252098083
9b3b9e8c-6360-4f9e-842f-698cbab69b65,0.7614983916282654,1.1354010105133057
9b5597e4-f5ff-4ef7-8f7c-a4276c51a849,0.0,0.7519071698188782
9b5abbb3-7da4-4934-8c16-ec077dafc64a,0.0,0.6185545921325684
9b5b4b1c-2d34-4341-9b88-3c991ed0b343,0.566141664981842,0.8251827955245972
9b612d46-a4a7-40c6-bfc0-7a7b162192a4,0.0,0.0
9b6472ec-6abf-4872-b810-76e9ac9c2428,0.5248870253562927,0.9926389455795288
9b7eba8e-efad-4cd4-b33a-3fd393f8b896,0.0,0.0
9b88ade5-83b0-499f-aa7c-93f0dbb0506f,0.0,0.0
9bb14195-e4cc-4918-a364-e4c2a86802e1,0.0,0.0
9bb1bc68-1636-445e-9042-55151598f4c9,0.0,0.5773581266403198
9bb9b8a5-79b0-4d04-876f-21b00de892a2,0.0,0.0
9bc80b8c-4532-481a-90fc-e4bea35bac62,0.0,0.0
9bcccfa4-cc63-4e2f-8bf4-4b5c3166e01b,0.0,0.594407320022583
9bdb5d65-dafb-44bc-a2d2-ebf4e5fa7b04,0.8250949382781982,1.1580060720443726
9be415dd-e253-4211-b2e0-a4c3d584fd79,0.0,0.0
9be559e8-211e-48c6-a8de-e88ae3a0919d,0.0,0.0
9beb202a-3c0e-44f3-b5f5-223eb37e8e83,0.0,0.0
9c01adcf-3b74-46a9-8c9b-6fcc173bfc9e,0.5340920090675354,0.6891975402832031
9c05f2d5-1df0-4232-871e-e1e30dc0d35e,0.0,0.5846728682518005
9c07356c-9689-4725-a28a-455dd3adbeca,0.6199503540992737,0.7212849855422974
9c1c10b9-73d8-42f4-94cf-e4b95d2ef010,0.0,0.0
9c1e2f24-ef3e-4483-8675-567abadb4831,0.0,0.623500406742096
9c1e9664-d046-4b31-bfd0-dffcc5031178,0.6088518500328064,0.9840498566627502
9c277b51-02ae-4067-a0f2-a786a788bcda,0.0,0.0
9c48f514-3e14-4c78-a9e3-033dec5ab7cb,0.6150721311569214,0.6889956593513489
9c63dd77-9343-4b9d-a318-57e7f448822f,0.0,0.0
9c835a22-6202-43d0-97a6-a2b3c9691950,0.6715237498283386,0.8263731002807617
9cc6a62d-5afe-4152-9d7e-54fb9c0e3c51,0.6551363468170166,0.9277197122573853
9ce0c608-58a9-41fb-9807-c5750a9e389d,0.0,0.0
9ce892d0-294b-414c-88d2-fd87a602349a,0.0,0.5305638909339905
9d073062-8d61-4fac-900a-3b25734065c5,0.0,0.5608142018318176
9d079b1a-8080-459b-8f96-eef0a56a60be,0.0,0.0
9d1b0920-d925-4989-8e1d-7d6f1f4da268,0.5068837404251099,0.788726270198822
9d1b1298-0a88-440a-b04c-180ee69efa9d,0.0,0.5536330938339233
9d31da75-353f-478a-8dcd-7ca6d0b5c875,0.0,0.0
9d4113e7-a0ad-40a7-88d5-141963fdc7d4,0.613586962223053,1.0012261867523193
9d48372f-7fbd-4209-9ff6-ec778ffcfb3d,0.0,0.0
9d70be10-e81d-4db3-b8ea-28edc783b311,0.505774974822998,0.0
9d764207-7437-442a-90ae-9b9ce7e1d07d,0.5198001265525818,0.6203654408454895
9d7a7592-d680-42e5-9fe9-0f9934dbab88,0.6419387459754944,0.9775550365447998
9d7b54f0-4faf-4f31-86d6-f955bb16ff65,0.0,0.5869425535202026
9d7f9920-64e5-4206-85a5-c51456559c16,0.0,0.549703061580658
9d807527-e0aa-4d92-9d6e-e3e14b2956eb,0.0,0.0
9d87e8b8-ecab-4cd0-978a-296312b947f5,0.0,0.0
9daad353-6e47-4783-8e44-40cd73ed3b50,0.6714709997177124,1.122078776359558
9dbc51d0-8d6c-4415-b1df-1d88297f3ad0,0.7291555404663086,0.9834455251693726
9dcc5d63-41b5-4197-b32e-79781862d808,0.0,0.6783831119537354
9de22615-22e3-4ee2-830e-35b53801d2bf,0.0,0.6506942510604858
9e06b8d7-0c22-49be-9250-ff8ce7a92064,0.0,0.5630133748054504
9e0826ad-b5b3-41a6-9b02-407f660deb25,0.0,0.5715746283531189
9e2076ef-c690-4058-95a4-dd68106cccc4,0.0,0.7223387360572815
9e22fc40-8439-4fda-b781-10a304dc15c6,0.5003975033760071,0.7601341009140015
9e30505a-1436-4686-971b-f92f3c6ed512,0.0,0.0
9e314b47-44c7-48c9-9225-3c0e3640f60b,0.5048264861106873,0.5219460129737854
9e398088-85b5-491d-9571-c0478c8e2084,0.0,0.5352815389633179
9e41b8a9-0aa7-4d05-87d6-ca5d59841ca6,0.0,0.0
9e4c1970-6be6-4fff-a4bf-0b6a29e664fc,0.6234123706817627,0.79478919506073
9e4d193c-4160-461a-aa40-b76a06931a4c,0.5320454239845276,0.7519375085830688
9e5bcf63-e87f-4e6d-b087-65e52a621c07,0.0,0.5541808009147644
9e78b880-8c76-499d-983d-466aa5b271b7,0.5497226119041443,0.6106724143028259
9e985c57-a53e-45a3-96b3-5c64dea2a81b,0.6285715699195862,0.8251332640647888
9ea81e6e-a79c-439c-b43b-37ddcd111cf3,0.0,0.6703426837921143
9eaf572f-b814-414c-8dbd-4c59010abc29,0.0,0.5501521229743958
9eb9d3db-e606-4de4-980b-0d4b5f1e839c,0.0,0.0
9ed7e6d1-6b0b-4b9c-ab42-d055c742330e,0.7428632378578186,1.0610367059707642
9edabd9f-fe3c-4584-a1d2-47f309cc421c,0.5596696138381958,0.8499581813812256
9eef220a-777b-4521-862c-9b2e4a0c81c4,0.0,0.527279794216156
9eef6a33-32d7-4205-84ff-919ca61d193c,0.5062053799629211,0.7643535733222961
9efbb500-76b7-434c-aef7-d77e7b347d46,0.0,0.5841115713119507
9f54d876-91df-4293-b158-db670b2cf5e4,0.5430613160133362,0.8489895462989807
9f64d22d-00fc-4648-9e29-05e2c4bfacfa,0.0,0.5767918229103088
9f687c6d-d6f5-4f66-b9a8-700bb94fa998,0.6011807918548584,0.904988706111908
9f69e0d3-757b-4016-a052-34521891b197,0.0,0.6138660907745361
9f74f518-5958-4eb7-861d-7347a1edbd25,0.5464840531349182,0.9392340779304504
9f775a47-7aa4-4bf0-b821-27f8aacc39a7,0.0,0.566291868686676
9f8124ba-051b-4e9b-8241-d84c553968fe,0.5770192742347717,0.7093531489372253
9f812cad-e27e-4c11-978c-116b178e2d52,0.0,0.5003727674484253
9f8299d0-44e7-46d5-9508-f5e379c11666,0.0,0.6106010675430298
9fa48702-616f-49f0-9eb1-06b6dd042958,0.0,0.5722017884254456
9fa4c1f8-0e67-4daa-9730-8093b707999f,0.0,0.0
9fba1ec6-98a0-41bb-91e0-d304f00c3088,0.5026754140853882,0.5864704847335815
9fbfc4e0-687d-488f-b693-04c37d412830,0.0,0.0
9fc157c5-791c-47da-b444-da4d168d9f00,0.6605366468429565,0.6975224614143372
9fcf8d87-8f45-4db1-8028-74c2d06cdec2,0.0,0.6660836338996887
9fdc71cf-f0fc-46b1-a474-6660b8d1fa74,0.6932730078697205,0.9676685333251953
9ff6b1bf-324d-4831-9913-130ded8b675e,0.5771307349205017,0.8815211653709412
a012284e-ed1f-4c40-80aa-acfb201d35fd,0.5091429948806763,0.6599725484848022
a0164a8b-f6b2-4926-89d7-29a46e6d0cf0,0.0,0.6360599398612976
a01f902f-1abe-47ac-803b-09e8163bedb2,0.0,0.572521984577179
a02a20c7-b041-4ae6-8905-0dc540397ab5,0.0,0.0
a02c1acd-9c68-47ce-87b1-712fda990837,0.0,0.0
a06f4f68-8ff6-4a4a-8806-dc12dd123bf4,0.0,0.0
a09dd514-c97d-4ce9-8163-4d83f3bf96cb,0.0,0.5128423571586609
a0be4b10-2ca5-4ba4-a8ed-cb78dee292eb,0.0,0.0
a0d8a77d-e664-454e-af33-33b06250cb3a,0.0,0.7516478300094604
a0ee58c9-8654-4b5a-a482-954b3e3c9d49,0.0,0.0
a0fd3d58-e526-4dda-8a8b-fe79d21e07f8,0.6526312232017517,0.8574798703193665
a1057fc8-2a9c-47c5-b0bf-473a48a292f2,0.0,0.0
a113a03c-6272-4ccd-96b8-361e5da0b568,0.0,0.0
a12d01bc-ceab-4f06-9fba-45b92fce83e6,0.0,0.7160629034042358
a13bc36c-6248-4c78-8375-c4422a19c860,0.0,0.0
a13c5401-f72c-4e07-8798-1331622dbfed,0.0,0.0
a13f3d1c-c2db-437c-a3bb-edc9133e9f4c,0.510360598564148,1.0138912200927734
a1535a00-c85e-48b6-9deb-60fba4a83298,0.0,0.0
a1535cf8-d37f-4b88-a9d8-b3abb41c617b,0.0,0.5592252016067505
a15f283e-0222-452a-899d-72682f79fe8d,0.0,0.627862811088562
a178535a-c7a3-4b03-8935-3d03395634ec,0.0,0.0
a1816eb1-c789-4ed4-8a07-06496aa4fe2f,0.6810490489006042,0.927268922328949
a1f68ac6-7bc6-4cbd-b8db-891e3555eb6d,0.0,0.0
a1f74b70-290a-4a89-9966-7e41d08d586a,0.0,0.0
a1fa579f-76af-4efc-8ac2-01ef259baa82,0.5059144496917725,0.5604211688041687
a200a576-a2bf-423d-9a62-58066f9335eb,0.0,0.7634145021438599
a209aa19-23d7-4fbd-acca-3968b7cd8ec2,0.0,0.0
a21efb76-2c46-478c-be29-40e582aa36c6,0.0,0.5061917304992676
a226ca11-1c19-45d1-a4c7-e397de62f7f9,0.0,0.0
a22f5073-a269-4107-95cd-e0f1da4ec4c3,0.7021592855453491,1.139479637145996
a244b053-65fe-44ae-a957-94acf3beaa6c,0.0,0.0
a2559969-c7a9-4272-8400-69007358ff31,0.5401895046234131,0.6801457405090332
a25b350f-6091-499b-9047-b2b11eb9defe,0.5340414643287659,0.7487032413482666
a25eac8b-b9b2-47c1-a7b4-d9e7ce6b1694,0.5699160099029541,0.8860524892807007
a26d24b8-7e2a-4813-a019-5bedbc9ed734,0.6232550144195557,1.0084912776947021
a286426a-9d82-4df5-8215-adece6f02ca4,0.0,0.0
a2867e5a-9ade-4279-bf13-b58b61c7bf2a,0.0,0.6619028449058533
a2869ed4-7040-4c21-b3b2-4cb523f1199e,0.0,0.6362283825874329
a28f6fbd-4107-405a-837d-a1bb39f68dd7,0.5130965709686279,0.6639996767044067
a298b0ec-b6cb-48e6-b785-3870b961ae34,0.0,0.7437921166419983
a2994e1e-4aab-4d91-8a4e-51311b5e2651,0.0,0.0
a2b8b7f6-4b8e-4bc1-a1a0-c0fdfb749511,0.5669984221458435,0.7238293290138245
a2d64bfe-0868-4b79-8acc-f63078f3e31b,0.5067917704582214,0.5970638394355774
a2e1681a-86ca-4d2f-9baf-ae60f64c4c93,0.0,0.0
a2f672a4-2e9b-43f9-b451-9ecf53a8eb3f,0.5023137331008911,0.5253623723983765
a2f686a2-1464-4712-a164-2b58f1a85c86,0.0,0.0
a2fd66eb-c47a-440f-b4ff-ea18d397d51e,0.6342055797576904,0.7781931161880493
a2ff76d7-0399-412f-9031-09222cad5757,0.0,0.6504195332527161
a30fe9c4-bdd2-49f7-9428-121e9c7b093c,0.6008838415145874,0.6611248850822449
a31bbb2c-1510-4a57-97bf-777d3f22264c,0.614782452583313,0.6658760905265808
a31e74b9-7ff8-4805-a14b-46bc31df9211,0.0,0.0
a31f88b5-48a2-42d9-a7c5-600b62ffa291,0.0,0.0
a332a8de-dc4b-4875-b693-665449c36da5,0.0,0.6231456398963928
a332b447-2b21-450d-b25c-148eb64d340c,0.5930129885673523,0.8945538401603699
a33ab6e5-9fdf-4e22-81f5-a6740113640b,0.6163336634635925,1.036993145942688
a3527e79-4bc3-4aa9-a284-55d1154e6a55,0.0,0.0
a35935d5-a9f2-4e71-8f45-ddedb53d5ea6,0.5116347670555115,0.6218730211257935
a389142d-7428-47cc-a2d2-83608b130292,0.0,0.5370210409164429
a3c6a100-85dc-4445-a5dc-8a2276e2197b,0.7089100480079651,1.8742519617080688
a3c7309b-d273-4df8-b163-ee8ef5a389f3,0.0,0.5218398571014404
a3cd1f1a-75c9-48e0-add1-0403853e4e81,0.0,0.5572023987770081
a3d6bda1-ffa1-4fcd-a7af-de7369d81e84,0.6459863185882568,0.9365704655647278
a3ebbc6d-720d-4d16-98c6-242b8447c4b1,0.5291389226913452,0.5929409861564636
a402159b-552f-407a-806a-bb56f4c494c6,0.0,0.0
a403dff6-9596-46ed-995d-b5d2ee7cb137,0.5200866460800171,0.6090487837791443
a40c0731-a6e8-41d1-b004-3c003a4b1130,0.5848168730735779,0.9618037343025208
a411590b-081e-4c32-aa17-351a9ce4ade5,0.5195009112358093,0.8132868409156799
a4192773-0bd5-4ed3-a522-768cbb7e7be8,0.6037353277206421,0.8630259037017822
a41e3bb9-8690-4002-a1a2-59729f16538e,0.0,0.0
a430bd51-930b-4218-8533-e912a3bd051b,0.0,0.562862753868103
a43cbd3c-675e-4513-b001-3b7e8374253a,0.5127606391906738,0.7804079651832581
a43ef09c-ea47-428b-b157-b23838b0cf7e,0.0,0.0
a4550d42-e38c-4790-9d3a-cc27871ed96e,0.0,0.0
a460e26e-7204-4316-83b8-b252fc100308,0.6908520460128784,0.8514235615730286
a4641da5-dc67-4bc0-bfde-2a15ba05bc27,0.7780492901802063,1.2046600580215454
a47d62c9-47d2-475d-a9bb-6e67d557be1f,0.0,0.0
a4951685-2b77-4445-8943-c0742e4fe7bc,0.0,0.0
a4a10ae3-864f-420d-bba0-d6bf8dbd5188,0.0,0.5051662921905518
a4a63451-2c9d-41b5-bcc0-f843418368f9,0.0,0.0
a4a73253-61a6-4ba7-b64c-2c4e3cbeba34,0.0,0.5196948647499084
a4f05dd9-8a11-4b93-96b0-815ef3fa6ce1,0.0,0.0
a5038769-aeef-40f8-b329-ad93eed1462f,0.0,0.7388079166412354
a50c6878-1bf5-4788-8299-ecea36f40c78,0.0,0.5988271832466125
a55131b9-6881-4689-9966-41600ba716bc,0.0,0.7190789580345154
a5569eb2-c76d-48d7-a132-e9fe36bf0e81,0.6515795588493347,0.7634500861167908
a5699dbd-8440-4156-a3c7-116ed66688ac,0.0,0.6933225393295288
a570db9d-a353-4d2f-8961-bcf7c6dbd4bb,0.6244708299636841,0.8017247319221497
a574dbb4-921a-421f-b167-cf1c24663029,0.6785858869552612,0.9828254580497742
a581859a-7194-4dcc-b2f9-35f22917f9d4,0.0,0.5062658190727234
a58e2014-d962-4d97-bfd5-be43a94f5eb4,0.0,0.0
a595592e-7ff0-43f5-a070-25dc931b7dae,0.0,0.6064308285713196
a59fe6f0-1dad-4355-94ea-66b3119ad2c1,0.0,0.5080380439758301
a5a4ab0a-4d3a-4191-b5ec-330504b07203,0.6250051259994507,1.0060793161392212
a5a7f9f3-5dd1-44db-8b3e-9b94e71faa07,0.5094864964485168,0.6429030299186707
a5b1a308-0a01-4414-80da-2a5e37944907,0.0,0.0
a5bece73-453a-4e07-ab3a-eff766ea3990,0.8719412088394165,1.1224967241287231
a5f006ae-7c72-46f5-ab8a-afcc4b57a813,0.5401550531387329,0.6348862051963806
a5f135e5-6457-4476-940e-eb9c301cb067,0.0,0.0
a6068b5d-6553-4f01-a8b5-a06677ffe26a,0.0,0.0
a611070c-2917-43ea-b02b-8a35b045cabe,0.6163822412490845,0.8189854025840759
a613c8d9-893f-4b62-89e2-018013707604,0.5890038013458252,0.739785373210907
a6208f44-6f9b-4cab-aa02-061680a3d09c,0.0,0.0
a630cd4e-f65a-45ec-a577-baa8b5b8826c,0.8605085611343384,1.1671102046966553
a634d334-26c0-4f12-85f0-88c08602cc40,0.0,0.0
a642e84b-b0de-4492-ba8b-594e0493265f,0.6594226360321045,0.8404247760772705
a652aeb8-5bd2-4e3c-92c2-8b6198a9373a,0.0,0.5119131207466125
a6647420-4d22-4b03-bfa9-de0efca34c00,0.6266950964927673,0.7316319346427917
a6755336-9d07-489a-ba0f-1ecb6051ab19,0.7452120184898376,0.966261088848114
a6802a51-a3cf-472b-9668-9bdc9b6cabde,0.5513456463813782,0.9177317023277283
a68dc7bd-7027-4ce0-bbff-954ae2d44971,0.0,0.7049084901809692
a6b0bcc9-735d-4e79-9bd4-c84329060ad6,0.0,0.0
a6b1f3e2-3582-4ed2-9e48-8c20f04e76a5,0.6737340092658997,0.7192697525024414
a6b4d151-2cca-4d0c-bc63-2bac1893854c,0.0,0.5894864797592163
a6bece4d-bb95-48f0-b7b2-0d4987102e00,0.0,0.0
a6dc6bb9-2302-461c-98c0-0cfc41aa8611,0.0,0.6181459426879883
a6e28345-cb1e-407b-9897-10ea6d1f9da9,0.6128267645835876,1.1515529155731201
a6f17f24-14e1-436e-b76d-53c6a8c207f8,0.6405429244041443,0.9813017249107361
a718d519-5120-47b6-a741-37248a853076,0.0,0.0
a71de68a-2bed-4876-a57e-26fa535cc74f,0.0,0.0
a72d74e2-da24-4a4a-bf42-a41153d1fbc2,0.0,0.5580626726150513
a7477207-9b40-4f4d-b62d-2ff3b98909de,0.6313977837562561,0.6141842007637024
a75e660a-aaaa-4709-8150-6197f63d6cce,0.7469982504844666,1.2685879468917847
a7685a38-1ed3-4e97-ba1e-fd26e0b13b53,0.0,0.0
a76938ce-fe2b-4cf3-a72e-2a3617a1f84f,0.0,0.5114374756813049
a7766d89-0697-466e-a3e2-11c31dfdb7d1,0.552169919013977,0.6857456564903259
a77956b2-4da7-453c-8b44-3dc37d0bea56,0.0,0.0
a7919f86-7dfd-49b5-990c-43f5e2772630,0.0,0.6072797179222107
a79e5a6d-5322-417e-b4d9-85ca5b95316b,0.5319815278053284,0.5153383016586304
a7a3c1d0-f8cd-46f0-9b94-e84a82f392a4,0.5873415470123291,0.7043401598930359
a7a54c20-78cf-4e5e-91dd-37cf22293b0e,0.0,0.6528205871582031
a7aaca85-1e75-44c6-8d20-d60301d22112,0.5265878438949585,0.9141559600830078
a7b1c91f-b541-401b-a2ec-bad9afdb7cfe,0.0,0.5494108200073242
a7b6b987-e384-4448-babd-17adfca04cdf,0.5707247257232666,0.9724360704421997
a7c1a28e-23c8-47d7-a187-1baf96abfbe4,0.5485028028488159,0.6572311520576477
a7c94065-1fe3-4b4b-85c3-5d28a00a0a81,0.0,0.5312808156013489
a7ce67d6-8488-4779-be7e-28fe2ffb82c5,0.0,0.6233291029930115
a7d1e3c9-77fc-42c3-aeb6-e644f1ffbc7b,0.6642943024635315,0.9393337368965149
a7d9c12d-7541-42fe-ae18-94177ab23171,0.0,0.5803403258323669
a7eca0be-f497-4695-97c8-88190eeba3f9,0.0,0.7007741332054138
a7eef3d9-c7cc-49ed-b48f-74fb2856b2ba,0.7832118272781372,1.113044023513794
a80621d0-3ef4-428b-a31b-d9857919616a,0.0,0.0
a80637e6-291a-4e35-995e-76b943aa52dc,0.5291680693626404,0.5977480411529541
a80afe7c-bd82-4535-9e1d-2bbdb0dcf847,0.0,0.5185161232948303
a80c1a30-d013-45b6-84be-92901531314d,0.5924055576324463,0.9145134091377258
a8117d35-d12b-4f1c-8089-7c6a2dd73d78,0.5947537422180176,0.8655674457550049
a819fc1a-06db-44da-9050-5f2e6fe93d75,0.0,0.0
a835684f-fd25-4d46-914a-45e13cb9a8db,0.5178672075271606,0.5222960710525513
a83619ed-0b74-4588-b828-ed85f6d5b5d0,0.7028045654296875,1.011260747909546
a83c8914-f802-40e4-b6c9-2ffeedfb9e6e,0.7180415391921997,0.9834750890731812
a841aa2d-6bca-4f6f-9e5a-8335d574ec65,0.6410977840423584,1.005226969718933
a84b9fd0-cca6-4920-85c0-3429fca6a67d,0.5122796297073364,0.7421674728393555
a85c3ad7-8f56-43ad-b5d4-3a837e0fb877,0.6102582812309265,0.9938022494316101
a85ecdaf-44fb-4efc-8d64-e956b1b39a47,0.63079833984375,1.0288282632827759
a8631127-a23c-4e24-85f5-992eee00b82a,0.0,0.5833965539932251
a86637c0-ae07-4fd0-90f9-06a3f1fa1292,0.0,0.5805996060371399
a88334aa-340c-450d-93ef-414cd6da4de3,0.0,0.677967369556427
a8845096-96b4-40ef-a716-34b5b2df81a3,0.55377197265625,0.7129004597663879
a892e118-bba8-4021-8ef0-83f5a9c5067d,0.7178178429603577,1.0493024587631226
a89ed487-91cd-41e3-9444-27d53692dda6,0.5887423157691956,0.8074947595596313
a8cb7fda-a826-4c51-a2f5-936c5feea412,0.7854775786399841,0.9641749858856201
a8e42a0d-881e-4d04-b7c6-b7908d46fa78,0.0,0.5020730495452881
a9441dcc-7ef6-4851-bf75-c603f30c37c2,0.5188989043235779,0.6984920501708984
a94bfbe2-8f08-427b-b06b-0da836403e44,0.5239596366882324,0.7679193615913391
a94df3f9-a48f-4abc-a268-4739398482df,0.0,0.6842514276504517
a97d6201-2216-463b-bf81-a1dbf088ad3b,0.5631529092788696,0.7653273344039917
a996b723-32a2-416b-9986-7bedd024f688,0.0,0.5916274189949036
a99e5550-f6af-4e82-9cb5-6d538ad158b0,0.0,0.0
a9b1a46d-601f-4357-8618-83fe6d692b80,0.7122459411621094,1.9078580141067505
a9b1bb3e-8ecf-41ef-8f3e-a45dc413bfe3,0.0,0.0
a9e5614c-3cc6-4dfa-abd9-5864e127e24c,0.6839086413383484,0.9954039454460144
a9e98598-8e0f-46c4-b4d3-a92a8ca955c6,0.0,0.0
a9f0dfeb-f350-4b07-bdbd-6e90d074cd86,0.5326412916183472,0.5548630356788635
a9fb0108-f271-47d3-b03e-8075861365d7,0.0,0.5984825491905212
a9fc23b1-f37c-468d-a19c-4f9193d07948,0.585582435131073,0.6688345074653625
aa09f2d3-d7d5-46c3-ac01-4526f65bb649,0.588856041431427,0.7900123000144958
aa0d20f5-c769-4914-b6c6-5bf884baad5c,0.0,0.0
aa0e553b-e27e-4cda-b1ce-815bcc22dc48,0.5894976258277893,0.8884356021881104
aa150065-7aed-443c-b81f-21eadfde3744,0.0,0.0
aa20b6d0-7bad-473f-bddb-2b3403aa5253,0.0,0.0
aa422afb-8cf3-448d-b422-56f31a3faa13,0.7287294268608093,1.2011662721633911
aa42cb82-6848-4260-b2c5-2e6a482db8a2,0.0,0.0
aa487b90-f005-4e52-b124-edcfe721713c,0.0,0.6489055752754211
aa4c331e-b43b-4f95-a26d-ac7d5132a66e,0.0,0.5989416837692261
aa50e76e-e4dc-43dc-8229-be85dc096129,0.0,0.0
aa60757f-2fad-49fb-85fd-a697d76654e7,0.0,0.0
aa64c469-de20-4f46-9af0-cfcfcbb8dcad,0.0,0.0
aa67b58d-5018-43c2-bc22-7a96205cca4e,0.0,0.6080979704856873
aa69fa4f-b8f2-42a7-9ef2-58d02718d39e,0.0,0.0
aa6db841-6f25-4cdd-b4f4-35dec0e6e917,0.5883861780166626,0.6375817060470581
aa7cc4b1-9b68-42a7-9117-58dc2f87a55f,0.0,0.639062225818634
aa7e5c1e-f743-426d-a777-90d61b025c75,0.0,0.7559844255447388
aa85018e-7c9e-4eec-b6f1-acd42f5d3072,0.0,0.5380741357803345
aa945653-5bd8-4959-8779-8f4cef7da1c5,0.0,0.0
aa97add3-06c7-4e12-a70d-42f06565bd4c,0.0,0.0
aa9fef58-de19-4cee-b225-f0739eb98c68,0.0,0.0
aab5026b-a255-46e0-bb71-f50047a80d66,0.0,0.0
aacbd4db-7673-4245-99ea-36aeef7c0587,0.6235353946685791,1.0078792572021484
aad684a5-36dd-44a1-8850-2c9d37ed32b4,0.6307342648506165,1.0089631080627441
aae11f3a-a5da-4ce5-892c-04b11480bd45,0.6814472675323486,0.8465803265571594
aae630c4-cc3e-4b02-88fd-475f81e6d1ba,0.0,0.5748467445373535
aaef30e2-2bce-46c3-972f-6284dcaf82bc,0.0,0.0
aaf1bf1f-8b80-480a-80de-3150469d3b60,0.0,0.0
aaf2334f-41ea-453f-86f5-1026d391d8cf,0.5910228490829468,0.8587538599967957
aaf3abc2-910b-4001-bdf4-a41623e2301f,0.0,0.0
ab08a45b-cb0a-4b17-883a-ce82159569b8,0.0,0.0
ab1be773-2b70-46d0-8db3-12760bdb5557,0.0,0.7546195387840271
ab3f1e4b-8ce9-4536-b4cf-5117ec7d3859,0.508604884147644,0.5846973061561584
ab510855-74ba-4c17-86f2-6bed679d572e,0.0,0.5451460480690002
ab550b61-63ea-4195-a47f-c94d1a936dfb,0.0,0.0
ab59fb86-af4d-49ed-9625-f927ae814a8d,0.6242978572845459,0.7920934557914734
ab5e4824-9460-4585-8b8f-53652b650f37,0.0,0.0
ab6ebbd2-6923-4125-842d-437e7de4d77a,0.0,0.5703912377357483
ab717102-067c-4a1e-8a02-8ef8d622054c,0.0,0.0
ab7f380d-abfc-4a99-92b6-9fc1335cc3ea,0.5171109437942505,0.0
ab8d3e65-0e01-4e91-b853-7ccf2fd9465c,0.0,0.6225021481513977
ab92bd6a-7be0-48d8-a5be-984339a31274,0.0,0.0
abae3cf4-c37e-48f4-abc5-3b706df7848e,0.5671460032463074,0.8251218199729919
abb074ee-b73b-4c73-a9d5-a13f94395b04,0.6075729727745056,0.9820863604545593
abb6dd8c-d6e6-49c3-ae3f-1fb55c7435a4,0.8474477529525757,1.2063531875610352
abce48ba-cecc-4fb4-a303-31fecb1fb988,0.0,0.0
abe61fb2-ac1f-42b2-939d-9461bc68f7ae,0.0,0.0
abf31eb1-cbd7-425c-a48b-97a9eb2ba322,0.0,0.0
ac0b12e1-d7fe-4920-b42b-811aebdc477a,0.0,0.0
ac0d024d-bf14-473a-91d8-d82d453f586b,0.0,0.5841811299324036
ac1f1062-eeb6-404e-b214-8187a4e0b1bc,0.5430021286010742,0.6049741506576538
ac41ff8a-8d57-43c9-9e29-304b85717dda,0.5446073412895203,0.8252224326133728
ac769e7e-7ca7-400d-953a-ea6f977271cb,0.0,0.5016665458679199
ac76d752-2460-4c19-bb05-dd3050cc17f1,0.0,0.0
ac8e7535-4b40-4734-974b-416bd8bca2a9,0.0,0.0
aca07c95-2669-4458-b47d-12067060cf0a,0.0,0.5854790806770325
acd3f530-a48d-4a90-9ad0-2d3afb1fd8f3,0.0,0.8374808430671692
acd89da2-196b-43e2-85d3-10a56990e029,0.6986039280891418,0.7651432752609253
acea93d6-31c1-412b-bc6c-35c6bd98d523,0.0,0.6692463159561157
acebda9e-6730-49cb-b50e-4e477b9a8b98,0.0,0.0
acf715f7-08d0-4cd1-b58a-f2bb21269901,0.0,0.5587650537490845
acfb0bf3-0e88-43c5-9ca2-fb1e134daa4c,0.0,0.6459996700286865
acfb0e6b-4715-4e66-b7c0-ed431d07b02d,0.0,0.0
ad086d4c-9b01-4536-8b19-47aecbcbd9b7,0.0,0.0
ad0b2a2d-1d4a-414c-b1a2-cf9496ddfbb8,0.0,0.0
ad12cc73-4e6b-4af8-8a8f-8cbb5e574762,0.5476211905479431,0.6180754899978638
ad282f5b-84e8-44b4-91db-210b5000522d,0.7333841323852539,1.2149286270141602
ad457595-e9eb-4284-be7f-ce837973a5d4,0.5230993628501892,1.0948542356491089
ad536504-9c2c-46fe-83a2-50c6fec8b4ac,0.5040279626846313,0.5363638997077942
ad5fcaca-a481-4eae-8ce9-dcbca5f0c44a,0.0,0.0
ad6d4e16-2e42-491b-93ec-00907f1169b9,0.6738089323043823,0.8904901742935181
ada64f04-bcec-4e0e-8a48-ff02bae398d5,0.0,0.6573038101196289
ada926d0-0647-4f7e-b206-4cafd7b7f959,0.0,0.7178301811218262
adc5b935-6016-4a56-8542-7dfdeac65ace,0.5756592750549316,0.6573390960693359
add5efe2-1337-4d70-a796-b86e8c448a16,0.5025878548622131,0.9002665877342224
ade83bd0-d196-4516-af10-466c1105f61f,0.0,0.0
adef599e-e5ed-4fff-9030-c6a1259625a7,0.0,0.5915873646736145
adf4ea15-5b54-4223-9bf3-be40d8898fe8,0.0,0.0
ae01e384-2385-47eb-8daf-1f4714b77cb8,0.5214520692825317,0.6843271255493164
ae0f4587-e6da-4e01-bbd1-195a8192574f,0.550868570804596,0.677778959274292
ae1a3562-c527-435f-8f33-d507ef212d0a,0.0,0.0
ae22f148-623e-4301-b7c2-5efe0cb33edc,0.0,0.0
ae2611e0-251e-49e4-83fa-3dd7916d4b1d,0.7309924364089966,1.0005459785461426
ae3c4764-fe47-4feb-8bd0-0a6f2a52d041,0.0,0.0
ae4b1758-26f4-47e8-a0c5-777c8475913c,0.0,0.0
ae50af47-8473-438b-8cb3-7efaaad70089,0.5705374479293823,0.6321975588798523
ae53986c-2484-48a8-9fa0-5dd831840741,0.7168272137641907,1.049652099609375
ae7fe815-9758-4ad8-ac21-65427b0e5863,0.5745896697044373,0.6949867010116577
ae826b7b-7418-4701-811d-ce586aee02af,0.6052069664001465,0.9871511459350586
aeb5a6d4-9f4c-4d6e-bd56-5c9df6ca3c43,0.5791116952896118,0.6681628227233887
aeb9caa5-acda-4140-83fc-47928bc9f2ae,0.0,0.6568488478660583
aebb2a94-fa8a-4482-9378-d87e2906f54e,0.6812160015106201,0.7621965408325195
aecb9683-2fe5-4466-a252-8dde95daf350,0.5728227496147156,0.9868463277816772
aee1a36e-914a-47db-9608-ecd897fc9f6e,0.6126697063446045,0.8865043520927429
af0b9da7-1c07-48e5-a08f-81d4d930c1ba,0.0,0.7823241949081421
af11138d-0723-4a97-9df5-38b913f26e00,0.0,0.5651969909667969
af1942a4-454e-427a-b6ab-b2570ea3f07f,0.0,0.0
af1ce35b-241f-4d73-80cc-8c8bf2f28579,0.6952837705612183,1.0475558042526245
af293543-e3cc-4061-87a2-4a35d308ea9d,0.0,0.0
af45ac6b-54b1-4de9-af3e-a4b495e09c01,0.0,0.0
af654590-67c0-4a92-88af-8a28e83766bb,0.0,0.5140596628189087
af7cffa7-2a01-46cf-b1c1-0a96ce5e64f9,0.0,0.7351619601249695
af82eaa5-2034-4734-b307-e88c81fce95f,0.5250183939933777,0.5643262267112732
af8e8cf0-d98f-45c1-b1ba-928ff047a18e,0.0,0.6431991457939148
af97f6f8-a2c6-4355-918a-80683dd1bb36,0.0,0.5400396585464478
afa0aad5-e5cc-40cb-8948-bd7a4c916732,0.0,0.0
afabd616-bb7e-42af-9f9e-3a99fd7bcc46,0.0,0.6263644695281982
afb003f9-6c39-4ce1-bc52-6b6c146c831a,0.6080692410469055,0.9838334918022156
afe3d6a0-f836-4a71-819e-74a5856441d2,0.0,0.0
afe648d1-757b-4485-be0e-ad51a6672026,0.0,0.0
afe8237f-2d97-4bf7-b690-a419d5611399,0.0,0.6099353432655334
afe8612e-872f-4713-a58b-c8e8e89bc242,0.0,0.6086692810058594
aff9b186-6257-4fc5-8f39-11b79b7fff0c,0.5304827690124512,0.6097213625907898
affdcec8-111c-47aa-b70e-f8326cc33004,0.5430417656898499,0.6129871010780334
b000306a-f4a1-44d0-8a4c-8d60d34e7461,0.6085304021835327,0.8713548183441162
b0005a2e-ee4a-4ae0-9792-efbc117e5792,0.0,0.0
b0021699-cf23-4c5f-819c-b0eb2be4f4df,0.0,0.0
b0078247-17fd-4e9f-81d8-b5ea6c256073,0.5669215321540833,0.7291589379310608
b0084e57-7008-43b1-961b-cf2e209efd9c,0.0,0.5497437119483948
b0147194-2ec1-4bab-a203-c5092a00eebe,0.5439299941062927,1.115225911140442
b016bf9f-9c89-4a57-849e-34667d50fce4,0.0,0.6467679142951965
b01dedf0-1f69-4bce-87c6-786c0ccb0426,0.7703679203987122,1.0548498630523682
b0259dbf-fddf-4ea6-b4bd-bcab4281d715,0.0,0.0
b0379c07-2e92-4fd1-8969-c52e538042ff,0.5222638845443726,0.5458099842071533
b037ba3f-a460-46cc-87f6-26dbc9bf90ea,0.0,0.0
b0450e89-b835-4428-acd2-aa2af7bcdacd,0.5768483281135559,0.9768449068069458
b04f00d1-5b78-4cdc-96c1-cb1a3d9915ac,0.0,0.0
b05433a6-5f42-40fd-b340-7351113ae2f2,0.0,0.0
b0544b93-9d3b-42cb-ba70-b2c2bd9a63be,0.5247901082038879,0.5860142707824707
b06905ff-0f08-41e6-baac-b7d0e71fda11,0.5193309187889099,0.7854712605476379
b083e572-532e-49ec-a9bd-0bd45fe1f145,0.5644326210021973,0.553423285484314
b0855bf6-8770-4313-a717-25514c2b8d66,0.5743321776390076,0.9769282937049866
b097050e-4d9f-4398-9b53-735397ea89ee,0.0,0.0
b09b46e8-465b-470f-a002-1117229bf39c,0.0,0.0
b0a196d5-ff8d-4cf4-8f2e-93c3520f1ec4,0.0,0.6502290964126587
b0a5f402-53e1-4cce-b5cc-69cc8fd1e6bf,0.6016097068786621,0.9093002080917358
b0a80cf4-25b2-42c3-82b8-f47fa4b692dd,0.0,0.6916468143463135
b0a95a6d-bcae-44b5-8904-12f2738ce6af,0.0,0.0
b0b7ed9c-c668-47bb-96d7-e4a4f6f1b4b4,0.0,0.6012190580368042
b0c178e1-0f64-4c43-9bac-8a42f6e680e2,0.5846216082572937,0.5901361703872681
b0c64d69-4af5-48e8-ad27-604fa6202830,0.0,0.7233293056488037
b0cb59b2-8843-4542-81cd-fbbe0a94c2f5,0.0,0.0
b0d10b35-f8b2-4d9b-b162-5e6d74f38939,0.0,0.0
b0f3b6ad-c9a7-41bd-8da8-25169452f7f8,0.6310268640518188,0.7319356203079224
b0f983ad-709e-435f-aaa8-ff2dba33955e,0.5045061111450195,0.5133606195449829
b1111dea-97c6-45d6-b4e4-9d939773fbf1,0.0,0.0
b122b147-fb9c-4a0d-b9c1-38cde2db09d8,0.6878949403762817,0.8524460196495056
b135f2fa-32c5-4c6c-baad-b8f60d78f7d9,0.5437130331993103,0.8950397372245789
b1437a96-343b-45e2-bb8e-13c7717406eb,0.0,0.5345072746276855
b143d501-966c-48ea-8418-0d3be0800167,0.0,0.6081928610801697
b145da26-715b-459d-8210-fe053902d2b9,0.0,0.545310378074646
b147d9dd-9575-4d73-ad36-8b1679878d9a,0.0,0.6563513278961182
b150f6a6-d187-49ff-984d-51831c9bf17c,0.5587663650512695,0.6582066416740417
b16778c9-ddcb-4b33-a7d0-3ee6aae77dbf,0.5243666172027588,0.8344940543174744
b16f2d64-2d84-48ff-be15-00fff042188c,0.7077767848968506,0.9683908224105835
b1724d2c-7114-4687-b123-e1baf689dc81,0.0,0.6587369441986084
b18d4825-ee09-401a-8c8a-20b3abbecf0f,0.0,0.6412656903266907
b18e7690-1742-4d75-b09c-41ec22bf2a49,0.5166800022125244,0.7577747106552124
b1944cde-df10-4e64-a8df-f656c897c8e9,0.0,0.0
b1982602-8779-47df-ad97-4d7987df12ba,0.5941476225852966,0.892740786075592
b1a071cf-6f04-4b42-b51e-b6070546d061,0.0,0.0
b1b2b8be-f9a0-4ecd-888e-247649dc071c,0.0,0.6111724376678467
b1b42219-2a15-403a-8e58-cd9553a995f3,0.0,0.0
b1c2142d-612f-40cb-bfce-d7a113ce7235,0.5125077366828918,0.6152024269104004
b1ecd396-3a48-4d02-91bd-aafe2c251cd3,0.0,0.0
b22696d1-fb41-4d3a-87a5-32452fbf9952,0.5935744047164917,0.8999526500701904
b2311073-45f8-4f14-95d9-f5d82ce739a9,0.0,0.0
b2436b41-cfd9-4051-a51b-f178f1908e17,0.6068268418312073,0.6025090217590332
b2561396-da7b-4711-858e-52044be341a7,0.0,0.0
b26818c8-2a09-4742-8682-984b1c967f09,0.0,0.0
b290bbc2-8de9-4179-9a6c-08dc1e01b9d1,0.6512811183929443,1.0132689476013184
b29a58a7-220f-43f6-ac6b-882d6a28a884,0.505815327167511,0.5665006041526794
b2a0e0df-dd11-4bd9-9045-1374789eb704,0.63072669506073,1.0067354440689087
b2a4d73e-7b38-4f30-acfd-d0559cf1b000,0.0,0.0
b2aa8eab-b7d2-4da8-baac-567c1e146c2a,0.0,0.5874196290969849
b2b1f45c-a2cd-4e83-bb03-163678b156d1,0.0,0.0
b2bf5a54-a551-4356-b873-4b2aeab6effa,0.0,0.6193773150444031
b2cedde1-1812-42e2-8f3f-d8413f8835f6,0.5414789319038391,0.7481483221054077
b2cf6c05-5966-4b6b-af4d-cb095c17a0e1,0.0,0.0
b2db8daf-3f19-4f0d-9a97-332518a72bd8,0.522402822971344,0.7155445218086243
b2fef1d9-7231-4860-bc54-a4936035040f,0.6121553778648376,0.9497555494308472
b2ff1198-4d00-4157-880a-216fc5de8358,0.0,0.5754302740097046
b3206f46-bb85-4fe6-96e0-b14d8911deca,0.0,0.0
b32b46f8-074d-4b67-8605-b10f5b0c6073,0.0,0.5338128805160522
b3322a7c-b955-4c43-b9b7-348e90d6b864,0.7588390707969666,1.0625497102737427
b34641cc-fd15-459e-85d4-fbc2103c8e24,0.7320977449417114,0.9249075651168823
b34fe7a8-67ac-42dd-944c-243a61c16deb,0.613277018070221,1.0024346113204956
b352a785-0cff-4457-adae-82289b876fe3,0.6700537800788879,0.6724036931991577
b358da47-553f-4b7a-a1e9-53238c78d963,0.507111668586731,0.933525800704956
b3642c27-39e6-4e53-a755-819a2d459ec4,0.0,0.0
b3786ce8-c7b7-40ba-9cdf-a6d10422e922,0.6428039073944092,1.034075379371643
b3866d3c-486b-40e3-b6ca-4e63fa96b05c,0.0,0.7149171829223633
b39ff21b-375b-4533-82a0-db91668c0b76,0.6831798553466797,1.1501097679138184
b3c9cd55-9b1f-461f-b800-8bb502b822a3,0.5955488085746765,0.7544195652008057
b3cc65c0-9176-495d-82f9-6ef10bc5ab15,0.0,0.0
b3e67140-ba0b-4444-bdfd-70aeedde3c0a,0.0,0.7758676409721375
b40bd78d-84db-40d9-b26d-7854c7b5c580,0.5271223187446594,0.5461021661758423
b415d00f-5ee6-483e-946c-a8b60ef0b04f,0.0,0.5013333559036255
b429ca53-5a2c-452c-9c05-5a4aeda14355,0.6228293776512146,1.0001680850982666
b42cc950-4a2a-445e-970e-7ad720d20de2,0.0,0.0
b4322760-c26c-4e29-92bb-eda660ca82b8,0.0,0.5514474511146545
b43fc6af-c934-4920-804c-816d965ad584,0.0,0.0
b4461e25-3a66-42b0-9c2d-6493f9701a4e,0.0,0.0
b44ae3fd-ea7f-42d7-944f-5b84cc7e9c7a,0.0,0.0
b44ec953-f168-4578-9c19-70ef06e648ca,0.6220099925994873,0.7308619022369385
b455e3da-0378-41a7-a04f-3d438da6a435,0.0,0.5484261512756348
b461891d-72f3-450b-b8ba-382af63f1d5e,0.0,0.5658390522003174
b4ac6034-dd9b-4643-bb82-2ff37e0a4a32,0.0,0.0
b4b29e58-9732-48ae-9783-88c09021b8ed,0.0,0.6098996996879578
b4baf059-b700-4706-9baf-5a73a2d33632,0.0,0.0
b4c690e6-2df3-4eaf-82a4-59a6da5c972b,0.5245730876922607,0.5448840260505676
b4da5be1-553b-4c00-91b2-0112f4ce2321,0.0,0.6781192421913147
b4e18104-7598-4e90-b5c3-5b1b9ee78140,0.6234627962112427,0.6660875082015991
b4e2e3f0-5c69-4cc2-88d4-da6a7850ddf8,0.772191047668457,1.046419620513916
b4ef91d8-ef24-4bd0-9bed-977fa87f3140,0.0,0.5036215782165527
b4f5b96e-2024-44b0-830c-900ffc8d6a3f,0.0,0.0
b508783d-a8fb-4d60-8d65-f10c95c4d918,0.0,0.0
b5095c84-b701-4dc1-956f-a69649d752c9,0.7415789365768433,1.2413649559020996
b51b6a91-0c8f-4243-bd7b-f6047e9c50ac,0.0,0.0
b53131ed-96bc-4fad-ad12-d61002664653,0.0,0.0
b5587e0d-aece-497c-bfff-a1e27b9f70a3,0.0,0.0
b55b694e-35bf-4071-a670-6d5291886074,0.5682958364486694,0.6780475974082947
b56243b2-b734-441b-b35e-2ce950baf4fa,0.0,0.7552556395530701
b56b5e19-a50a-46a4-a426-7c978f16060a,0.0,0.6718344688415527
b5726b56-1c89-422a-8d2a-fe3be4e59cdf,0.0,0.5472298860549927
b576730b-9fec-4e65-961c-3dc2882e1b02,0.6926623582839966,0.990338146686554
b57e1adb-af44-45a1-bd71-5f06bc605078,0.5240941643714905,0.713933527469635
b594f760-0ad3-4cf3-85ef-ab7dcfe1df1e,0.6040721535682678,0.979703426361084
b59965c1-ef64-485e-b87c-cf8e5eba800c,0.6171830296516418,0.9871848225593567
b5a1e081-c730-4d59-8d10-066985e2a352,0.0,0.5038005709648132
b5a9d761-5b82-470d-9086-7b1b1c91783c,0.5125583410263062,0.86454176902771
b5aedf2a-db79-4ea8-bdc9-2412e870d0e1,0.6530755758285522,1.3304141759872437
b5baa54a-7eb3-4b99-bfe5-8d65fe4e172f,0.6439932584762573,0.9434625506401062
b5c42823-db34-433e-bf3e-be9d32c17998,0.0,0.6627055406570435
b5c4ef4e-d905-48c0-9e6b-ca79eae4dbcc,0.5342429280281067,0.7358130812644958
b5d56a70-3c4e-425e-a833-958eb915b091,0.0,0.5341545939445496
b5dd30f5-8c33-4877-82ff-79d642d5f163,0.0,0.0
b5ee8d4d-2d0e-4add-9485-0ab0f5f9221e,0.0,0.0
b6090b0e-8918-4f00-8fb7-b58a36832b31,0.6545003056526184,1.0179563760757446
b624b7f0-02e3-492f-9252-77eef7cc47fb,0.5901851654052734,0.9106467962265015
b65bb758-991e-48ab-9591-5a843bd6df2d,0.0,0.7729464173316956
b67a6fb0-2dab-4545-84d6-db244d101820,0.0,0.0
b6870f6d-ebcd-4e58-b978-eeab74ef38b2,0.0,0.0
b68aa18b-10cb-44f1-88f4-80f100b07749,0.8007505536079407,1.106852650642395
b69644ed-ea6d-41bc-847d-e0b3ff898db9,0.0,0.0
b6a25203-3be8-4691-a485-59db9bece243,0.0,0.590886116027832
b6a406aa-f19c-4ef9-93df-e52d9fe0d8a1,0.6297923922538757,1.006535291671753
b6acb312-2e01-4302-9029-8a0d0b82eb0f,0.644949197769165,0.8517240285873413
b6afb749-8bb5-40c9-8aa8-e67de6797e1c,0.0,0.7629818916320801
b6bba203-dafc-49f7-aff5-3933be80cfd8,0.0,0.0
b6d8df8b-cecd-42bc-9cdc-0a0ad0328d19,0.5295345187187195,0.531171441078186
b6d9ae0c-6e38-4b1c-b08d-dfdce88308f0,0.0,0.0
b6dc153a-2a00-4371-85d2-52cc39580730,0.0,0.5040484070777893
b6dc4874-3706-4f9d-a1de-348b291b1259,0.0,0.0
b6dc95bf-3a15-49b9-bed6-764e93aff0fc,0.0,0.7030225396156311
b6e17b6d-a332-44fc-8f85-2be8f2f16018,0.536128044128418,0.5396468043327332
b7145485-f2c8-404e-8ba4-7fd32316b21c,0.0,0.612808346748352
b722c750-c19f-40c0-bba8-37096b886d91,0.5569189190864563,0.7417851090431213
b73548a5-90c7-4da7-ba8a-5773958d3a5e,0.0,0.5651626586914062
b73bd766-c97a-4ee4-9260-d950c83703ee,0.0,0.5803791284561157
b7505a1c-20cc-4516-a3f0-a562f733355a,0.5706148743629456,0.7346339225769043
b76d3e43-3222-4ba3-b913-ceaaf4188a3e,0.0,0.5899765491485596
b772078e-a000-41d7-a605-e31def213c7f,0.0,0.6859663724899292
b77e4130-54c3-41e2-a37e-282b3bada885,0.0,0.6299378871917725
b7a8cb44-8035-4636-82a1-f3e9e02c0944,0.6521779894828796,1.4252607822418213
b7b19e10-8d30-4e89-92d2-e6ceab1a07d3,0.0,0.0
b7b58e24-29e3-48a7-9481-890eb9ac56ee,0.0,0.0
b7bf8a97-44a6-4b50-aee8-b0f72a5bfa5d,0.0,0.8398528695106506
b7d18a08-09b7-40c7-917d-debb3e7a85da,0.0,0.0
b7d57bb6-a083-49f9-882d-160b674699c6,0.0,0.6172253489494324
b7e7ef65-706b-4ad2-b2ec-7bc06c341a87,0.0,0.6057612299919128
b7ebf507-7ab7-4262-9fc0-f7c8a49f5dda,0.7348035573959351,1.1940253973007202
b7eceedd-b8cb-45bc-bcf2-b055a3aaaa0b,0.0,0.5231403112411499
b7f1528e-3bcf-4539-b4c1-bf4763c6eb76,0.8768558502197266,1.2323449850082397
b808199d-55ea-4f65-821e-14616d059b53,0.0,0.6734822988510132
b80a5bd4-5b72-438c-bfbb-e1c10211df82,0.6166108846664429,0.9956468343734741
b84ffe21-b52d-4cce-8a5b-2a8366baaa56,0.0,0.0
b8534834-94bd-4e2b-a299-f64160fc5b0c,0.0,0.7001060247421265
b868028b-7f00-435d-be79-25ab2180c163,0.0,0.6567431092262268
b86be1e4-7fcb-4d95-805a-f8e5c09dd498,0.9054155945777892,1.1925334930419922
b86c42be-1731-4dda-97bf-bccace0c9f57,0.0,0.0
b8714d08-adad-4f84-bfa2-885b4400aa06,0.0,0.0
b893df1a-459a-4f8a-b5cb-8a49b9201d1b,0.5053378343582153,0.7771942019462585
b8ac0e48-6a4d-4aae-9bb5-ecc33c219d3f,0.0,0.0
b8acf826-6f48-463d-b7c5-27096e1bc15f,0.6636908054351807,0.9612867832183838
b8b3a8a2-ff45-4af8-895e-44aa539aadf2,0.689096212387085,0.8314131498336792
b8b78b4d-6af3-4769-898d-57067a119747,0.0,0.5021224021911621
b8ba5818-cab0-4cff-9cfb-8e53201d86b8,0.0,0.658104658126831
b8dac688-19b2-4342-b754-79803ca2d828,0.0,0.0
b8ddf42c-2372-4b05-9907-6fec0e20e26c,0.0,0.0
b8de13cb-806f-429f-9546-ebd87889c4c7,0.6943656206130981,1.0839591026306152
b8e37c32-9bb3-4a12-a224-8b41614f8438,0.0,0.5675625801086426
b90e4daf-aed7-4806-b76f-e8d4f9f8ab0b,0.0,0.0
b92df33a-6ebe-46c0-9712-2197dea5bb2b,0.0,0.0
b93802be-47d9-4f50-b4f4-9523a2e40868,0.0,0.5109490156173706
b94adc22-f344-4c76-bed8-d8d6fd008738,0.0,0.0
b94d5768-5393-43b9-9e65-af8f5a3e2668,0.0,0.0
b95a41c7-8b6d-4832-aa45-e4a4619253c7,0.514285683631897,0.7588279843330383
b96c8228-16d6-47a7-bf58-a2b2561498b1,0.5434386730194092,0.5949520468711853
b9756e4f-0655-4dfe-9ccb-63b2e3a64d33,0.5878094434738159,0.885913074016571
b97a4d9f-2a57-449b-a96f-e451c85160a4,0.0,0.570344865322113
b98ef8b2-7805-4115-8b3b-34fd0d9ad04b,0.0,0.6507407426834106
b99182e4-ed45-4f8c-bd9c-55e64836eb47,0.0,0.0
b99a3e35-ad10-4187-8fdd-178870f72c04,0.0,0.6098639965057373
b9a1eba8-ebec-4e38-a585-1a88cc431626,0.0,0.0
b9a69e0f-4a8e-4c8b-9d67-93d3d1edc58e,0.8276500701904297,1.1779006719589233
b9ac463e-ae4a-4b67-9ca5-e28fcdfa84d1,0.5248777866363525,0.8854016065597534
b9bb3d78-8269-44cf-9683-b57e92abcd29,0.5657991766929626,0.9712602496147156
b9da90ac-4cb0-4b45-9189-2041eb97a6a0,0.0,0.0
b9e13765-c097-4df2-a73d-43062abf4430,0.64617919921875,0.7739220261573792
b9e25333-ae36-45e7-9d06-366a4e733ff1,0.6653578877449036,0.9575064182281494
b9e57c79-1941-46c8-b4a4-a545c7728ea1,0.6705654859542847,0.8890707492828369
b9f35522-d5cd-4541-a7a1-432a63dbabcf,0.6474089622497559,0.7622162699699402
ba09d508-de64-4eba-9c7a-539b6d32a074,0.0,0.6943088173866272
ba1554d3-3470-4ad5-b72c-908d7d61313f,0.0,0.0
ba165877-e04c-4d85-aabb-f09b5658179b,0.0,0.0
ba394183-f7f9-401c-bf18-a8e8ced2933b,0.0,0.0
ba67cfd3-df62-4474-b050-e44047d6e828,0.6822118759155273,1.3656446933746338
ba726d50-380f-4d9f-a053-e73eb1527668,0.563493013381958,1.0332844257354736
ba76cc3f-6345-480d-bd96-cbdc0a3b8831,0.0,0.7524973750114441
ba82e4b8-1307-4d9d-9931-4e56ddfee2ea,0.0,0.6857274174690247
ba9246b6-1154-4f2c-82d2-f16b191b6711,0.0,0.837096631526947
baa11f03-c259-4e45-b251-941af0b54824,0.5054976344108582,0.558125913143158
baaacf34-af5c-4db9-a289-c76bc5e41286,0.5880611538887024,0.6484032869338989
bab1a921-598f-4d45-ab52-af5f792335b2,0.0,0.0
bab2dea5-d130-4819-b4bc-9f10a582ab75,0.0,0.0
bab36dbc-829b-4b0d-bc69-48bcf679cb7e,0.0,0.5438957810401917
bab63853-929f-464b-a5ee-eecfc341c807,0.0,0.0
bacd83eb-0daa-47f0-b8ce-f4091e054296,0.7035094499588013,1.7221063375473022
bad77555-5a2e-468c-b11d-4899a02028d4,0.538267970085144,0.5961599946022034
bad89903-3158-4d26-838e-b5e3bef714bf,0.0,0.9693750143051147
bae8275d-1492-4e79-b8fb-9728e5064ca1,0.0,0.7749923467636108
baf10e1c-2d97-4b8c-840e-4ce36085d27a,0.0,0.0
baf3d9f5-e206-4ba4-84bd-dd5fd364d0bc,0.0,0.0
baf4cb6c-2316-479f-8225-4828f9d3536a,0.0,0.0
baf75cae-c7f7-48ad-8725-2f135a06dae6,0.0,0.5008722543716431
bb0f3a8b-6925-46d0-a7e2-719a69d83ce4,0.0,0.5944564938545227
bb1446df-4ac7-486a-8bd1-bd2409f05e25,0.0,0.5347945690155029
bb2048ce-8ea8-4970-8399-4b53ef425166,0.6022583246231079,0.9164670705795288
bb245770-c4ba-4ed6-96bf-97961684b377,0.0,0.0
bb25e965-374c-4e80-bd05-d90dd09ee8c2,0.5803438425064087,0.7847357392311096
bb29afc1-b23e-45cf-a67a-b54f07f72606,0.6326720118522644,0.8218783140182495
bb38db2e-f34a-43b4-9dfe-e529bb1e5feb,0.0,0.7023165822029114
bb4df4c4-d9f6-403c-8585-d7e486b4e56a,0.5121042132377625,0.6578797698020935
bb501e9f-cfb4-48fb-b92d-693067396df9,0.6839691400527954,0.7728003263473511
bb538323-759b-44e3-882f-2be735be4ec8,0.0,0.0
bb53c9a7-80f1-4645-99fd-3994933f3ffa,0.7798328399658203,0.975304365158081
bb64f8b7-a4c4-4cc8-96eb-fb5b5aadb605,0.0,0.5834264755249023
bb91a177-1a14-4ca6-a621-3b623adadce1,0.0,0.0
bb96211e-0d04-4db6-8451-14f506d58643,0.510960042476654,0.7602828145027161
bb9a8a53-b0ca-4196-9ce8-c58a6fe3d592,0.0,0.6180282831192017
bbb339a8-fcc1-4a73-ac51-7c6f5a01b5c7,0.5146077275276184,0.50141441822052
bbbc14a7-bdea-4e9b-a49a-e0b107c2a1ca,0.5187811255455017,0.6529554128646851
bbce8931-6817-4371-85de-232c9145ee92,0.0,0.0
bbcf970c-e89d-4aa4-9da2-bd956e595268,0.0,0.0
bbd031f1-3305-44a7-9dbd-b41a93faba38,0.6317456960678101,1.0137133598327637
bbe911d8-13d4-4207-975a-f5b14fd1dc58,0.0,0.0
bbfafec5-d93b-4725-9722-0aee0836d8e3,0.6337823867797852,0.8761101365089417
bbfd48c7-1d20-441e-a02e-676a37bcccd4,0.749424159526825,1.192634105682373
bc18630d-1ae6-4c96-9df6-35626f76d8fd,0.6827865839004517,0.8901952505111694
bc1e362c-4d43-456f-bbd8-4e41fecf14fe,0.0,0.659053385257721
bc2b772f-7910-447e-ad71-7f9e3e2e2764,0.5716283917427063,0.7395247220993042
bc52bca0-eb10-4268-a92b-6a33bd28f2da,0.0,0.5973990559577942
bc5e5a71-34be-4a85-96ca-f0d4307e59f9,0.0,0.7222038507461548
bc5e904b-3ba0-4946-86dc-7d040f47ba0e,0.5014039874076843,0.6502255201339722
bc68c990-4db2-4062-9934-c7cbb7ebe9ad,0.5600065588951111,0.7701123952865601
bc74923d-81d1-4c35-bab1-5b4433f11047,0.0,0.5319752097129822
bc76069a-069e-4545-a4aa-2174c55d33e5,0.5547177791595459,0.7443650960922241
bc933f3a-b649-4916-a9ee-d74282d970da,0.5588943958282471,1.0821161270141602
bc94042a-4d4b-473f-822d-5718f4423c00,0.5754562020301819,1.0843605995178223
bcb7cf26-3945-4227-95bd-e672a689452a,0.0,0.5080646872520447
bcc8276e-8f38-483b-b235-57f8777796b9,0.0,0.0
bcd2154a-e947-4de8-892b-0a5664cb5583,0.5239052772521973,0.5180032849311829
bcd61ea5-34b9-45df-80a2-8a13da809346,0.0,0.0
bd098849-3fd7-4dbd-bc1e-8c9671bdd7dd,0.0,0.6576676964759827
bd0b6829-beb8-44b4-b4c9-bdcf22b649bd,0.0,0.7129086256027222
bd14c88c-7097-4220-8d5d-dd4ce670f45f,0.0,0.0
bd36527d-c404-479b-a049-9076369036a5,0.6263713836669922,0.6939569711685181
bd3aeed7-53aa-445d-9b5c-5b628749fea9,0.6309522986412048,0.696205198764801
bd434be9-4fd6-40cf-825f-2fd2903a94b5,0.0,0.0
bd59488b-e53b-44c0-9e2f-4be5b92436c0,0.0,0.0
bd68f5b0-d0c9-4d52-b3ac-d0f2c29246cd,0.0,0.0
bd6bd020-6f54-473c-ad03-ba08f063c2cf,0.0,0.0
bd87691b-ad78-42fd-b23e-08120132c82a,0.0,0.0
bd983739-ab26-4d3c-a740-dcd4d64dc801,0.6331027150154114,1.7316021919250488
bd984bd5-056e-45e2-96c2-e1bb5091cecf,0.0,0.0
bda3825b-9e30-4691-9e26-22312228635e,0.0,0.0
bdb9486e-43f6-49ce-be08-d893e242c961,0.0,0.0
bdd7b300-03f3-4207-a962-57a33ac3ea15,0.0,0.0
bde6cb4f-0d79-4e83-98dc-a7ef1830bb77,0.0,0.0
bdeb06e9-d9de-40e2-a787-32691489db2d,0.0,0.0
bdee259b-dc49-4c34-a65b-f06f9b19acc3,0.0,0.0
be26040a-450f-4681-bf4f-78dd43714cae,0.5111061334609985,0.6224805116653442
be2e52e3-90ae-4647-87a6-2b4676ec3b91,0.0,0.5840814709663391
be308e27-92a5-44db-b42c-a77eaac56bd1,0.0,0.6297763586044312
be38a931-3567-4964-8fda-b8298571e193,0.0,0.0
be43c78f-daca-4b04-8d2d-d67477427d6a,0.5454891324043274,0.9365834593772888
be593a59-331a-4acf-a667-d3be74f2796f,0.6798074245452881,0.9391295909881592
be737135-cbd4-4da2-9a38-4befb4e6272c,0.0,0.0
be76f2eb-c05a-4940-8ed5-7a9ac41696fb,0.0,0.0
bea5cff4-ea1d-4dfe-ad52-438d47ebbd24,0.0,0.574568510055542
beb767b6-3a2e-445f-a4bb-a67711e1ccb7,0.5187351703643799,1.0285953283309937
beb7e917-788e-4454-ae53-d740611a1002,0.6553128957748413,0.8854616284370422
bebc9749-c266-42bc-a688-70c6d6669ab3,0.0,0.0
bec4f0db-fa4c-46c5-b68f-532ba215bbce,0.5379894375801086,0.6500827670097351
becb2fea-a951-4b6d-b367-a196a759ca8d,0.6693700551986694,1.0759550333023071
bed4f2cd-5762-4aa4-881b-639724401829,0.0,0.0
bed66d0e-f9f7-40cf-800b-d9ce65628d0d,0.5024033784866333,0.7442843914031982
beda48ed-ce7d-451a-9aa8-93aba6e6ccc3,0.5250514149665833,0.9137642979621887
bee61343-b7cf-41a6-b755-dae81eda11d3,0.0,0.0
beed6b8e-2ae6-40ca-a58d-84755a8df169,0.0,0.0
befb6f91-2245-4c99-bdb8-2244ec33494f,0.0,0.0
befb7a13-9df3-4489-b708-a840f06b7290,0.0,0.6281426548957825
bf01709a-5542-458c-a94a-212c31ff32d7,0.0,0.0
bf157a28-8f06-4b0b-85de-c384e780c61a,0.714263379573822,1.0208066701889038
bf18c8a1-fbab-4d5e-bc7d-57352a4edf3c,0.0,0.795945942401886
bf20e79b-e065-4cc9-bc86-0248906ab31e,0.0,0.6552016735076904
bf2d0ae5-f106-4334-84b2-b29c6276696d,0.0,0.0
bf39db9f-c1af-4f1e-9357-48ec22723872,0.0,0.5931478142738342
bf433187-fd51-41b5-9861-5b28a8896e48,0.5825448632240295,0.6928800940513611
bf449f2a-3228-48b6-b8c7-9cabdb89d66c,0.0,0.8322730660438538
bf4825b4-3396-4f6b-b01e-ff751062b242,0.0,0.0
bf5a0d03-4694-41bf-b178-919e92157a3b,0.5583820343017578,0.9342811107635498
bf7146d4-d66e-41a5-be1f-36150a51bf95,0.0,0.0
bf7cc5af-9ac2-429c-8109-b8f866523f8f,0.5497652888298035,0.6597729325294495
bf7e57b7-97af-46de-bff4-936631233ec3,0.7902531027793884,1.1815378665924072
bf8bbc50-e433-43d0-8e2c-f11c67a58211,0.659379780292511,0.8063995838165283
bf92bad7-ebeb-4cd6-a764-270f3752de41,0.0,0.6849246025085449
bf9785c8-a0cd-40f8-a720-56cae8e9bae5,0.0,0.5091541409492493
bfcf2e0e-0fea-4760-89cf-9fd7f0e91269,0.0,0.5121645927429199
bfd35fcb-184a-4d46-89ec-9e3c23555761,0.0,0.6685226559638977
bfdd37e7-63ad-4ec2-8472-88836be9d1b3,0.5327657461166382,0.5990419387817383
bfdedef9-863e-4008-bf9d-17d0087dce63,0.0,0.5295047163963318
bfdf7180-9eb6-40df-84ca-aa12dd70054b,0.710854172706604,1.0123000144958496
bfe1e5c6-9b91-4655-a388-60e582243b44,0.0,0.599187433719635
bff27d56-4012-4a78-ab6a-6a9f883654ac,0.0,0.0
bff84918-a263-4343-96b7-038eaeb3158c,0.6942839026451111,1.1129597425460815
bff85ff5-ab2f-40be-a061-be6cec0469e5,0.0,0.0
c02bd3ae-b715-453f-b3a9-15b65af14c3a,0.0,0.5990006923675537
c049290e-eb27-4427-a863-3e444a7b39dd,0.0,0.5077174305915833
c04e8f44-a34b-4bc6-8e56-b8dcbf034870,0.5231762528419495,0.9129073619842529
c05c9b4d-9970-4f5f-8849-551d4c8f3109,0.0,0.0
c0640395-a2df-4463-aef2-b8ceb3a3aab8,0.0,0.5292415618896484
c0671189-54f3-4b6d-ae8e-b31d8d84907d,0.6004634499549866,0.9922103881835938
c075bcc8-5173-4856-a319-9b87ce873763,0.0,0.5878152847290039
c087204e-df37-4059-961e-cec27b41fbf4,0.6185879707336426,0.9594546556472778
c0ac5e7a-f48e-4737-ba32-d3f475adfbb2,0.0,0.0
c0b2cb0c-573f-40fc-afc6-bbd4e7a0835b,0.0,0.5000956654548645
c0b5534f-371b-4ad2-b43a-df0a616a5046,0.6287413835525513,1.010865569114685
c0c2e67a-0268-4ff2-afc7-c0197d943e72,0.0,0.6272383332252502
c0d5743a-e14f-4afa-bfd4-6c8470b5d260,0.0,0.5623058676719666
c0d7db3d-e261-4886-ab62-f18af4f350a7,0.0,0.0
c0e353cb-0222-4424-82ce-02d13dcb1fed,0.0,0.5779539346694946
c0f8ded0-bb7a-4d72-aedf-9984962238a3,0.0,0.5464056730270386
c1021f92-c631-42da-9bf3-89b5e70b51ba,0.0,0.0
c11527db-3de0-4ed8-a6d9-1a3589f1102f,0.0,0.563997745513916
c122d2e4-3e51-4c62-b928-4e5ed04cb72c,0.0,0.6794411540031433
c126f8e3-9530-4378-9a2b-e1c2c1f7bbe8,0.0,0.5285422205924988
c12b4cc9-c8dc-4e80-bfb6-aa419c5ecc77,0.6408513784408569,0.7986732721328735
c1304282-4de1-4c9f-934e-624db077ed32,0.564314067363739,0.8684317469596863
c142b74e-dc2f-4997-81e4-24313cf23fac,0.5235292911529541,0.5735508799552917
c14b3a2e-165e-417c-996d-03a22adbfdbe,0.0,0.0
c156b42b-0093-41c5-af80-b8f99a2de536,0.0,0.5438992381095886
c176d935-4b83-4629-b5cc-55b9f3ce7010,0.0,0.0
c17c6b08-e840-473b-90e0-862e7234cee2,0.5251858234405518,0.53333979845047
c18abd76-28f0-4c06-980d-6c17db9b8e66,0.5075675249099731,0.7963992357254028
c18b0ae4-9529-42c9-97c7-546721fabad0,0.0,0.0
c1a217ba-ff31-46c0-a875-6e50fbdd6cbd,0.0,0.5030733942985535
c1aa3c0a-0284-445e-b4d3-d9f7e8bdf707,0.5636642575263977,0.7185524702072144
c1ad974e-a958-4121-bd7e-ad8cd8061c39,0.0,0.6346055865287781
c1c8bb4b-7d92-4c3a-95d4-2eca5548dc14,0.0,0.0
c1ce96ae-51df-468a-a599-d0fc539880af,0.0,0.5486571788787842
c1d21935-904c-47f8-bb13-fbbc65da9a33,0.5856373906135559,0.6889243721961975
c1d6902e-c44a-4c2a-a410-ed61bf36e4df,0.5443684458732605,0.5633382797241211
c1e6da76-9def-4336-9e3b-ae0326b4eeb8,0.0,0.0
c1ed7ff8-8611-4ff2-ac54-009dc917c994,0.0,0.6275236010551453
c1f6f827-7b42-4695-a663-9fa92d6e76a3,0.5248152613639832,0.5863593816757202
c2027af8-7338-4446-aa23-98a9e8f4f3f1,0.0,0.551670253276825
c202d6b0-975c-4d46-aa49-55613f4bce69,0.0,0.5263429880142212
c21d585c-0b68-4c87-a837-73c7ccf7d983,0.0,0.5205013155937195
c2257e28-4ebf-4c50-8f10-41163d338269,0.0,0.569811999797821
c2516a83-ccb5-40e2-92b5-3c0b4fb1a593,0.576751708984375,0.9414066076278687
c2574768-a593-4059-92e7-3632c449f3f8,0.0,0.5337197184562683
c26ea2b9-25d6-4a43-95a9-f94ce6628ba2,0.6081517338752747,0.7250977754592896
c27714e4-1d68-4c8e-9627-5f23de69b322,0.0,0.0
c27b0a8d-4956-46d4-a54a-da0eb6adfe74,0.0,0.8359594345092773
c27d21da-f39d-40e1-a8ea-1174f885c1c0,0.0,0.0
c27e3be9-8b57-4b91-a589-c6e329d5076b,0.5757627487182617,0.7918835878372192
c27f0258-c07a-4de9-8e7f-529a6956024c,0.0,0.9564521312713623
c2852af7-d894-4438-863d-a3665dfc2e6f,0.0,0.5836142897605896
c2896bc3-993b-43bb-8f70-f11e4f244941,0.0,0.670597493648529
c28b8c60-1883-493f-af43-1da5e2d7f77b,0.0,0.8274292349815369
c29851e1-f73f-45c8-a82b-3ee85dcc730d,0.0,0.0
c2a2c43f-7d04-4449-8d79-7eb84fd2c66b,0.7051224112510681,1.0430254936218262
c2a5785b-1e01-420b-8910-3499d64bec02,0.0,0.0
c2d96693-8175-4539-bb9f-a39a031d994c,0.0,0.5106744170188904
c2de8cff-da58-4b29-a033-b0c60dcdd2e0,0.0,0.0
c2e548d6-a7c4-4c3c-9bd4-6685c82e8077,0.610079824924469,0.7307183146476746
c30f9b9b-6c6b-48c1-a67e-d0260a627184,0.0,0.7855634689331055
c319463a-49ca-4271-b3d0-b1dc9d018471,0.0,0.5960293412208557
c323897a-49ce-4c3a-9955-3388eecfc841,0.0,0.0
c35b3c80-fd10-4c7f-9fc5-817ea1c4346e,0.0,0.0
c363bd0c-dfe3-432e-9408-11276b2f16d4,0.0,0.0
c3900406-a36a-4003-ab1e-2483d6e7d739,0.0,0.5889069437980652
c393c047-94ab-4b9f-ba3b-a4b700a76e69,0.0,0.6668161749839783
c39553c5-4b56-44b3-9d57-2c3fc298f9d2,0.0,0.0
c3974144-ac13-4468-90ae-b764371354f8,0.6397336721420288,0.8412950038909912
c3975ab1-0f4f-4dd6-95e8-6a69f2c3a81b,0.0,0.0
c399e03e-6c75-444c-b86e-2ba8a31d3b5e,0.0,0.0
c3a39c87-2fd6-4371-bc2a-bfd68eedccc9,0.0,0.652275025844574
c3c8f768-5c48-4c11-91e0-99a5e6ec99e1,0.0,0.0
c3d3c8a7-3b06-49a1-abee-6fbd9de7a670,0.5249225497245789,1.1419810056686401
c3e3f727-d58b-4b29-8967-d63a6d282c9b,0.0,0.9007465243339539
c3e90324-e8f7-4c79-b12c-ab249b1c6e7b,0.0,0.674295961856842
c3f851d6-6bc1-4fe0-a3e4-fb0e6c9d5b94,0.0,0.0
c415dcd6-5fde-473a-9394-d9976315a643,0.0,0.7209628820419312
c4162d7d-a3eb-4004-87ef-0f7f44e54f02,0.0,0.0
c419506b-67b7-46e6-b4c1-6e3d9806b2ef,0.0,0.0
c4316ac7-5e8f-4c37-a17c-fb75c6ee4bd4,0.6070578694343567,0.9007623791694641
c4327150-c383-4806-8931-75ea35c513b5,0.0,0.5015108585357666
c439b5b1-fc73-4f82-83a6-b16c091dd6e7,0.0,0.0
c43daeac-2bbb-40ab-80c1-d44412999735,0.6165430545806885,0.7528987526893616
c4400e92-aab7-4c54-a9ab-3026acc606ae,0.6220318675041199,0.6296267509460449
c441593e-9fdf-4f1d-b6e7-48d8a023ddec,0.5689106583595276,0.8393194675445557
c44ab94e-a888-4fcf-9df1-96c24e7642e5,0.0,0.5707685351371765
c44f25e8-66dc-419e-a26a-6cf72fd9c3c3,0.0,0.0
c45716d1-34e2-4331-b2aa-191ae5f6382b,0.0,0.0
c45af513-bd63-4d9e-a547-4beef0d8db28,0.0,0.5758035778999329
c474325a-89c6-445d-a222-ba516f245c47,0.0,0.0
c487cd86-3030-43b3-9b99-d928c1bec5d8,0.0,0.5497313737869263
c4890768-cc45-4111-b4b9-18ddf0621fd9,0.6140954494476318,0.7304273247718811
c48d8a1a-3494-44d3-883b-bd04b2906886,0.5935652852058411,0.9032467603683472
c4982a2d-3049-40e5-b12d-c02318e66351,0.6013877987861633,0.9888715147972107
c4a1f9dc-4f6a-4f48-9a68-7335b3bc3695,0.0,0.5984106063842773
c4b6df81-803f-41b9-b2fc-65a7cea9f686,0.6293120384216309,0.9267594218254089
c4b845e3-ad94-4a81-a6ab-ff07afb64121,0.0,0.7775223851203918
c4b954dc-1b6b-4411-9214-1ab81eb44f54,0.0,0.0
c4c17215-d4ff-494f-a195-462c857abf84,0.0,0.0
c4c7873f-e833-4731-801d-072baac009f9,0.629016101360321,1.0066618919372559
c4d29fbe-57d5-4ee0-bf6a-9beb5a273174,0.0,0.0
c4da6a22-e28e-4c22-884b-1382b4a00c2b,0.5377621650695801,1.0381828546524048
c4e6df9d-b828-429a-92ac-1c62fcef7979,0.5619454979896545,0.9132726788520813
c4f5f32e-ad87-442a-a089-62aec2d3f405,0.6088151335716248,0.8084805011749268
c4fb6573-60e7-4409-a9cb-28eaee2c90ba,0.0,0.0
c507559d-5ef3-42fe-87ab-3788e7e15349,0.629772961139679,1.0167198181152344
c50c7304-375f-4a8c-8ab1-3af6253de41b,0.0,0.0
c5101fce-dd30-4ba8-97ba-c0f1ddaad16c,0.7797286510467529,1.0554324388504028
c54079f1-19b5-4e3b-b64a-d223eef8e60f,0.5540853142738342,0.7335195541381836
c5564df8-30b4-4848-8aa0-3723f7db325f,0.8444143533706665,1.180283546447754
c580689d-dc18-46fb-a46d-89036df0cb6e,0.0,0.0
c581c8d0-48a7-4c4c-b191-c80e57904565,0.5774983167648315,0.7899516820907593
c594eae8-f265-4bc0-9cae-4a4ca35bf5a7,0.5136896967887878,0.5757362246513367
c59da2e0-9083-4743-9d64-799bb7995cf1,0.5483754873275757,0.578231155872345
c5ac944a-5f71-4d92-9ce1-8bdad5a685df,0.0,0.6101582050323486
c5b8dea9-31ba-4f13-917e-1e393f46b440,0.0,0.6439858078956604
c5d02557-957b-46db-8c66-cd0fc6b7d42d,0.6512696743011475,1.04305899143219
c5e19674-bbaa-491f-84b4-92fb3da35ea4,0.0,0.5186893343925476
c5ff1c87-1198-4acf-990f-28cf5d8fbe7f,0.0,0.8222860097885132
c612f1ad-96e5-4ee0-9fc7-c78cf06fdc7e,0.0,0.6859248876571655
c61b93aa-2197-466c-b197-d7b2b710c909,0.6049113273620605,0.727193295955658
c6234aa2-a71c-42a3-9ac7-61fc13ec8761,0.0,0.0
c62591f1-a329-458a-a7d2-24ae70abb100,0.0,0.5919911861419678
c6363def-d142-443e-bbf4-4fb6e5068848,0.5461726784706116,0.5649579763412476
c648c1e6-1aa6-4b9b-9ad1-089ea43de6dd,0.0,0.0
c64a5cbd-0cbc-43e8-b4dd-1e2b5681d052,0.0,0.0
c64ff5bd-661c-4b6e-b536-b0f36ffaa485,0.0,0.6666041016578674
c65dc660-e3e6-4b33-81c8-59f8b2acbfd7,0.5723394155502319,0.8801634311676025
c65f4e7f-077f-43f2-91d1-efea85ef5fa7,0.0,0.0
c672d10d-1d2b-4ecb-a58c-e89189db3bdc,0.5767918229103088,0.5789445042610168
c697225a-e367-4f40-af6f-b09c467fded6,0.6995818018913269,0.9637649655342102
c6b48366-c6de-4bb9-bd28-19fef35ff3d9,0.0,0.0
c6c040a4-037e-483b-8aa4-a3316d57313a,0.0,0.0
c6cbdde2-3956-4ca8-8a53-8981c3544677,0.5601210594177246,0.7031115889549255
c6cdb952-4972-4e4a-b145-d0e00f72f74d,0.0,0.0
c6f3a216-6a00-4880-9122-30c9b0119197,0.6906779408454895,1.0882320404052734
c6f96b3f-13f1-48a3-a40d-98cd326ded1c,0.0,0.5581337213516235
c70f3cf1-2f51-40d2-b778-4e8895e5e4f5,0.0,0.0
c71a4b4d-0efa-406c-be8b-df7111e4e281,0.0,0.6032032370567322
c7278343-34ab-4af3-bb7f-35079ac46510,0.5610554218292236,0.9536354541778564
c72e386d-37e7-416c-aaf5-2c91635df903,0.6221752166748047,0.9679242372512817
c7418b1b-ced9-4e3f-b429-4f64e41e69ef,0.0,0.0
c76c1fa8-e201-4328-94b0-dc995dcc3936,0.0,0.0
c782e616-6fd0-4b74-aa99-96d9d5cb75c4,0.0,0.5465288758277893
c78bd2bd-67a5-436c-a22f-76ff18f622ec,0.0,0.0
c7b5a3af-5a91-40e5-a78f-c3e042e32ac4,0.6152784824371338,0.7718795537948608
c7c1b263-0b46-4f62-9bd8-2bfa28b52008,0.7907689809799194,1.324758529663086
c7c4527e-f275-44b6-a2a1-e3d931d684fb,0.5773987770080566,0.9150146245956421
c7d7f5b8-7ac8-4540-a3b4-0bbb1ee7ab28,0.0,0.6400005221366882
c7dbd6b6-fe2c-48e6-a52c-c7ffaca54054,0.0,0.0
c8120d5c-df96-408e-ad5a-bd4cc7998c0a,0.0,0.5202392935752869
c8241563-5db3-402a-85c0-e1435578ca39,0.705022931098938,0.8049905896186829
c83f9b8b-3dc3-40a9-bf89-db4dbde1a9db,0.0,0.0
c84366c6-b82e-417e-b3a3-3cad1cb8614b,0.5043601393699646,0.5450054407119751
c8486db7-09f7-4ddd-b96c-149c48fb57bf,0.0,0.0
c84f3a22-c57e-4102-9fa0-4890666cfa38,0.5395286083221436,0.5376617312431335
c85eefe3-801d-415e-966f-ad8b8ba52dad,0.0,0.0
c863e30c-6647-42a6-9d03-664b4b173ff2,0.6138936281204224,1.1476168632507324
c86bc909-4d5d-4630-9aa7-fca1f1f7d2af,0.0,0.5244876742362976
c878141d-8640-453d-9e69-83a90f25cb82,0.0,0.0
c878caea-6408-494b-84a7-41e444e3631a,0.0,0.0
c87ee6e0-818b-4e66-be18-51fa93a886b4,0.0,0.5167415142059326
c886a44e-c2f9-45ad-8d91-761a7bdc2476,0.63264000415802,1.0161950588226318
c88de233-a041-410e-9507-364d54e5cd3e,0.5850937366485596,0.9611755609512329
c895cbc6-ca0b-4bad-aac7-e6e458e04480,0.0,0.0
c8a929b9-56bb-4c34-ac10-034759752894,0.0,0.0
c8ec1624-e934-426d-b657-51613e4490b1,0.522746741771698,0.5803539752960205
c90f9ab3-9eb1-4392-8c09-894a18e7e333,0.0,0.0
c91b1800-df19-4580-86a9-47df691253ee,0.5122479200363159,0.0
c92463e8-665c-4e26-87da-f7dbf7e9e3fc,0.0,0.5359882116317749
c92e5456-6f53-4b77-8ef5-755a7a884f99,0.0,0.6111191511154175
c93cb4f6-3be1-4afe-820c-4f3807c7fb99,0.603000283241272,0.9928197860717773
c949bb1f-b85f-4424-8a79-ecf62ba67e52,0.0,0.6666093468666077
c94ebb76-2eca-49ce-a96e-467d9047d61f,0.0,0.0
c966c42b-1c1e-414a-a93a-4a025eb75446,0.0,0.0
c96e7f88-e6c9-458e-94b6-70a9e8425499,0.5668333768844604,0.800447940826416
c97265b9-3b93-4d14-99c7-d53b97cea6bb,0.0,0.0
c9be99b9-3007-474e-ba4d-1842fec2d55d,0.0,0.0
c9cbee95-424f-4d90-8112-68103dbe8487,0.0,0.0
c9df3dfd-7715-49bc-a786-c78b97b13fad,0.0,0.7024050951004028
c9e27d5d-3ce7-4ad9-859d-78d2f95605d2,0.0,0.0
ca019268-5890-4bc6-8165-9d1b413cd3a1,0.0,0.0
ca0c2d0c-701b-467a-8925-f69d13174f9f,0.6465440988540649,0.805547833442688
ca0fc780-f49a-44e8-b415-b1e4df819291,0.6082755923271179,0.7022276520729065
ca182ce5-29c5-4d3f-98fa-79fb4ad786e1,0.6369114518165588,1.0711206197738647
ca1b8d0f-e0ad-4a30-95be-67efb3ee0feb,0.0,0.5741773843765259
ca42e1fc-0b8a-4091-904a-ad579551f66a,0.5861161947250366,0.9786632061004639
ca4859b5-89f4-41e4-932c-0e16ff0c160a,0.0,0.5948006510734558
ca60aab3-f298-4522-b5f3-33591ad971ed,0.7153944373130798,1.09089994430542
ca76382a-3a9a-4c71-803a-ed42544bcd46,0.0,0.0
ca98707f-881c-468e-8a30-8813d411fe5f,0.7433110475540161,0.9285682439804077
ca993c11-ae10-4797-b631-1e9982aaba68,0.6853981614112854,0.7597255706787109
ca9f3c01-737a-48bb-8b7b-c04db07f3426,0.6212264895439148,1.0052675008773804
caba586a-17ff-4b2f-b4ce-ccc054d53418,0.0,0.0
cac52cfb-87eb-4c74-bff2-6d96ef9847b7,0.6088448166847229,0.9835377335548401
cacb81f2-f1cc-4e18-b854-9bbe34c26d1a,0.5395921468734741,0.6309971809387207
cacfc764-0c6b-4824-8af9-f92543e04e46,0.5228182077407837,0.6633323431015015
caed073e-bd2b-4085-ae28-eeb60004cbef,0.6531273722648621,0.9764238595962524
cb1d7259-ea45-4cf7-9e4e-bd9e4522aad3,0.0,0.0
cb23da5f-654b-4247-bbba-d3d78128f342,0.6169531345367432,1.0023527145385742
cb2fb391-5ad7-4ac4-8142-70f39928d8e4,0.0,0.0
cb3180a0-2344-4a4c-a618-391fe2d21d8a,0.0,0.6680641770362854
cb333935-7fe5-45a9-9512-ce692fad48a7,0.6833673119544983,1.1735373735427856
cb35b988-1ec9-47b6-9347-637040614fde,0.0,0.0
cb68d0c8-8c99-472c-b8f7-3c6b9732eb1e,0.7108728885650635,0.9016768932342529
cb6dbbfb-26de-455e-80f2-416952db05e4,0.0,0.522689700126648
cb6de84d-f280-4a43-845d-57b5fd13a545,0.0,0.5256611108779907
cb8fa1df-afa6-4fb4-9db5-ebcbdd2c00bf,0.0,0.0
cb9cfe39-9a2d-45db-af2d-ef1ed54a8877,0.0,0.0
cba7936b-4758-4b96-8692-c6f7b3aa6697,0.619502604007721,0.9901418089866638
cbb80459-e355-4485-8957-4376792b0e68,0.0,0.6033059358596802
cbb9fbb3-4755-489b-a919-5887243a1d3b,0.0,0.6034767627716064
cbbc1fed-f501-4498-a831-09ac8bfb2b1b,0.0,0.0
cbc67e6b-e6a3-450c-8152-12610d6608ab,0.6479966640472412,0.7465688586235046
cbd415b3-929c-43ca-baf7-c32a3dab2455,0.0,0.0
cc06b8bf-0158-498e-aa9f-20394d9135d8,0.7754281163215637,1.0352332592010498
cc1a9fca-1be8-4837-b863-615011a6c601,0.6255528926849365,0.9680477380752563
cc25476b-a5d5-4f88-9316-f7dc71f875c0,0.0,0.5344538688659668
cc3aefe4-9f00-47a2-8600-45c14a442434,0.5855457186698914,0.8908728361129761
cc53f716-bc79-4963-b0f5-18411921f23b,0.0,0.6016759276390076
cc5fb8f0-3d02-454b-8227-0abf90228dec,0.5207787156105042,0.8263235092163086
cc717c61-c9a4-47e1-9e57-f380eebe9c33,0.0,0.5285366773605347
cc77f791-dab5-4bb8-ad3f-22f9c91f0505,0.0,0.7116892337799072
cc820c34-19aa-476a-b2e3-241808124167,0.0,0.6519248485565186
cc87b450-07bb-497f-891d-e1893d2a791d,0.5214233994483948,0.527455747127533
cca2502a-aa63-487a-ba4e-c6191827c376,0.0,0.6105241775512695
cca63c4a-5759-4b27-a22a-9d2d80fb0881,0.5950464606285095,0.8897967338562012
ccad7613-63bd-4739-8bb0-97750f7617ae,0.628082811832428,0.9355989098548889
ccbc08aa-12f1-430a-a1b2-4a9b0cab9e1e,0.0,0.0
ccd0fbd0-b3b7-4172-8da8-0a2333750504,0.5562205910682678,0.5450969338417053
ccdc8b83-0056-4334-8801-ff6a381e04ed,0.0,0.0
cce87150-a5f9-4267-ab5f-92f70ecc3ac7,0.0,0.5211363434791565
ccfa36e0-c761-4acf-89bb-e2e996cb3670,0.6283572912216187,0.8794735670089722
cd0968d9-3746-45b9-9d0a-07145e8c065e,0.556605339050293,0.859727144241333
cd0d6ea1-ff91-4a05-86db-fec5397964d0,0.0,0.6625969409942627
cd14be20-5adc-4fe1-8787-fcf25fb19df5,0.6421116590499878,0.707763671875
cd18d217-f1a1-45d1-b3e3-2bda35785597,0.8468520045280457,1.5841771364212036
cd2e97e9-3e6f-4a6a-9aac-35caf50d4d0e,0.5422257781028748,0.7366251945495605
cd3936fd-f587-4487-9752-873c8ac15af0,0.0,0.0
cd4400af-70ff-4261-826d-720d15d5933a,0.5362165570259094,0.6901059150695801
cd4eddba-78e3-4fb7-a362-0029eadf8ee6,0.0,0.0
cd53bad7-8aad-410a-ba60-bdacf1ea85cd,0.6110020279884338,0.9078720211982727
cd55b41d-ca93-4e95-9b18-999d5312b051,0.0,0.6494963765144348
cd6067f3-22fa-4a1a-90d1-10920500df50,0.6057286262512207,0.9369993805885315
cd61b897-9a1d-417f-a10d-fbd0c03fb25b,0.624300479888916,0.7464280724525452
cd649f2c-5408-4255-bf9d-5803836a38dd,0.6080369353294373,0.6777488589286804
cd673f10-0d1c-4050-ad21-5a5d77411bae,0.0,0.0
cd71f229-c9b1-4fcc-b270-53e5af0e6224,0.0,0.7062227129936218
cd78bd43-0c6c-4d8d-a31e-6bdac6c468df,0.0,0.5894607901573181
cd7fe2e2-8f23-4fa2-beee-c82025773fea,0.0,0.6399428248405457
cdc68eb3-1059-4039-929f-9921b9207312,0.6677443385124207,0.8573966026306152
cdccd595-a742-44cc-983b-948c18786ba6,0.0,0.0
cdcede88-1e43-4c3e-aaad-1380f4177535,0.0,0.6822887659072876
cde0565c-dbab-48ba-933b-7291263d2a56,0.5943068265914917,0.9085044264793396
cdf4bd0f-0f91-4014-ad7a-c4e1ef7e4995,0.5759029984474182,0.7468591332435608
cdfa56da-9844-4289-ae74-693573e39d50,0.0,0.0
ce0e4d56-e3ad-40b6-97e2-3d34c247887f,0.0,0.6943816542625427
ce13df2a-3878-46ca-9062-e94919cbe2a0,0.0,0.5979589223861694
ce337b73-72dc-4898-9e99-41d393ad00aa,0.0,0.53033047914505
ce35c4f4-fbc0-4cb7-8f8a-b52ea0d83009,0.0,0.8591412305831909
ce43c3ed-d6f2-4cef-a3c6-c8a8bed38cc0,0.5300812721252441,0.5875494480133057
ce4e80b2-db5f-45ba-b318-800e08513e00,0.0,0.0
ce679c9c-ae9c-4f02-8138-104e6fe0f211,0.0,0.0
ce6fea89-b805-458f-a5e7-f22f0d3d1089,0.609528124332428,0.9884784817695618
ce8f8747-ed0a-40b4-b157-231c069ff62c,0.0,0.0
cea7c5ae-2799-43bb-b1b9-9c583ea83577,0.0,0.568223774433136
ceac4ad1-c61f-4400-bcfb-7f104375613d,0.7823682427406311,1.0919302701950073
cec70cf7-ce06-4688-ae51-07cc92406c2a,0.5330467820167542,0.5806284546852112
cecb6ea2-c7bd-4230-a70d-93c2c51bcc20,0.0,0.0
cee2b506-2b47-465d-a6e1-99559eb56111,0.7022455334663391,1.1093018054962158
cef4f8ae-6aa0-44d2-b964-68d82bd61395,0.5867612361907959,0.6609269976615906
cef5ccb6-e96d-41e6-94f4-e4e4085f4c50,0.0,0.5570594668388367
cf048474-b551-4381-bf2a-934bda3bd34a,0.0,0.0
cf0b2501-a01a-4e63-bc64-4ec5daa323fc,0.0,0.7347813248634338
cf29040e-b465-48ca-924c-0370adf7ba0a,0.0,0.0
cf31e5c4-af8c-4800-a7f0-1b7793024a9a,0.0,0.6597889065742493
cf3c8030-9741-453b-b4a9-82b20bb4d1de,0.0,0.6570101976394653
cf44e454-8e9e-4a8b-b29e-417750be692b,0.0,0.0
cf53217d-c5a8-468f-a804-771f038ccda1,0.0,0.0
cf57f301-245e-4894-9429-31c21bb633e2,0.5507481694221497,0.6203850507736206
cf5a3eb8-23b8-481a-983c-f3951da33398,0.0,0.6012898683547974
cf61710b-7202-4a62-9dc3-580a40e01c1e,0.0,0.0
cf7032d2-2781-4534-a2b1-ff5ef72fe2c8,0.0,0.5527576804161072
cf86df6f-11f6-40d4-a058-855f4f241d3d,0.0,0.5175378918647766
cf984f43-40a7-4966-996b-c282e44929c3,0.0,0.527541995048523
cfbff0b3-90bb-44f6-9f56-b11b63208a47,0.0,0.5643424987792969
cfc8c46b-0c68-4e74-a83f-62ad5d0b563f,0.5270158648490906,0.676140546798706
cfcfca9e-4e8a-4401-9900-32feddcc5faf,0.5819510221481323,0.7820221185684204
cfe235d8-19ed-4b4f-b4a7-fac9ecd61588,0.0,0.5499035120010376
cfefad2a-1357-42ac-bef9-a1da56b2796a,0.5768662095069885,0.9666084051132202
cff3f725-ce2e-4d45-806d-78bd8d1f531f,0.0,0.0
cff7c4ec-41da-43ad-a529-6d52277a353c,0.0,0.0
d00c9def-bbd0-44ca-a565-ccb4370ec625,0.8935341835021973,1.6661549806594849
d00d1d5e-e8e4-4f9d-9bbc-4527312d8c23,0.0,0.0
d0188245-bfba-4c7f-a421-7a9fbbadd996,0.5479544997215271,0.6003013849258423
d0192b6a-c2d3-45e7-ba71-cb27c27ee61c,0.0,0.0
d03340e9-d212-4567-b0a3-d9620e6a333c,0.0,0.5164228081703186
d0459f23-c378-4dba-9f90-bc91892ee91f,0.0,0.523055374622345
d054a5e8-c8ad-4f92-bda6-39b7af03e79c,0.0,0.0
d06ef67e-db9f-40b2-9c5c-387ae161d2b6,0.5999647378921509,0.9307750463485718
d077e033-9acd-48a2-a219-fc2c45adbf69,0.841366708278656,1.3830351829528809
d0871436-f431-4d36-a33d-cd5860e8a9c3,0.0,0.5512912273406982
d09037dc-7585-4e9e-aa8b-31b1199f5fe7,0.695236086845398,0.7379225492477417
d094c03d-9368-4d46-afc2-c80f55516734,0.0,0.0
d09e7d3a-a95c-41c2-b657-fcd3d4ea2621,0.5244134664535522,0.8347440958023071
d0b56d71-1c50-4cd7-9cd5-fa8d12d6327d,0.0,0.0
d0ba61a8-a7d3-4826-b0c8-5b88671a063c,0.6137706637382507,0.9895133376121521
d0bcd12c-6562-4caf-bc3a-7550c436f613,0.0,0.0
d0dac6b6-81d6-408d-a0c8-07c2dcf30d32,0.5952059030532837,0.7029284238815308
d0e7dbb5-61c2-4815-96cd-1d671427e287,0.5478595495223999,0.6039641499519348
d0f92938-5751-429f-9297-6e0595b2c5b9,0.6205202341079712,0.6199001669883728
d0fb7de6-8bb5-425d-a8f6-54979a17c626,0.0,0.6387866735458374
d104928a-0bc1-4da6-b9c4-71200f34b575,0.0,0.7328804135322571
d10e4871-555e-45ce-b904-ad24addf8a86,0.6403951644897461,0.8727636337280273
d11a5ca3-7185-416a-82c2-5798aa347608,0.0,0.617255449295044
d11d7a7b-619b-494c-9406-ffa950d4f18a,0.6006129384040833,0.9293293952941895
d11fe4d4-b8ff-433f-887a-ff4925b86bbf,0.0,0.0
d1225364-f18d-4c94-80a3-289bbc104af2,0.0,0.0
d1234c14-2469-42c5-b7d2-76d92c4475fa,0.6054208278656006,0.6162033677101135
d136ec2a-69f2-4b61-b14c-6d1edb987eb4,0.0,0.5346411466598511
d138ee32-d3ef-4c27-8e7c-b6c039b72349,0.5056657195091248,0.8932286500930786
d1391ebe-4108-441c-918b-b6bc69e3e6e0,0.0,0.0
d1482990-6c71-4c98-920f-573571d0d383,0.0,0.0
d15f1333-03f7-4b28-8302-adfea31c02d9,0.6009594202041626,0.8475155830383301
d165314f-7e23-42e3-9dca-48d3b8e5c5c2,0.6275085210800171,1.007027268409729
d19992b7-0028-445f-b29b-2ecd7c76239b,0.0,0.0
d19c4614-e225-4348-8c5e-7bed5fb5ad18,0.6649766564369202,0.9334604144096375
d1a41a32-ca7f-4974-b0c2-93ad00cc0440,0.5255290269851685,0.7092312574386597
d1b2f2db-aed8-4179-a39b-1c1f29e8f44c,0.508692741394043,0.7849040627479553
d1be31c5-7d26-4176-a53d-97010adcb8d0,0.0,0.5034445524215698
d1caa0be-0552-4fbf-a217-03f879e4a1a6,0.7190581560134888,0.8702856302261353
d1dc978e-8765-4245-9ba6-bc8bc0f9173f,0.0,0.8386416435241699
d1e85d9c-8a28-4395-b8d2-9fcc5d7c282c,0.0,0.6275153160095215
d20adc63-d856-41d4-99b7-5ff52073cff0,0.5078765153884888,0.9015060067176819
d2135e05-8a0a-47ef-a1a0-c17dd26b2192,0.0,0.0
d2146a88-5037-4b79-8a0c-5acf074dffb9,0.5376262068748474,0.7557504177093506
d2148110-1663-4db0-b375-1a076d48c36e,0.0,0.0
d21a7dfd-63e5-40e6-b4e9-c193ca3e058a,0.0,0.7665058970451355
d22668a3-0338-4cf0-b9ab-b50c30ede8b4,0.0,0.0
d2272fcc-7281-47e3-bbea-b806e97ac987,0.0,0.0
d23c4d63-3bc8-4e20-8a62-57279376fb4c,0.0,0.6860321164131165
d24114c7-12e1-4985-868a-6323aab80970,0.0,0.6344731450080872
d24f8194-eb2f-4ec4-9aba-838c75cede2c,0.0,0.0
d2619411-88e9-4ef2-a751-9e69eb5ae9a3,0.0,0.0
d26a8a94-4d6f-4fa1-b5a1-5ce336a8af8d,0.0,0.0
d2972c78-964e-4ac9-9caf-ac78867e50a2,0.0,0.0
d2afeb55-18c8-416a-9633-fd6cd890e542,0.5435947775840759,0.6584870219230652
d2b10670-572f-4c52-99a1-1ff2609bd2ca,0.0,0.59629887342453
d2c87487-2cc3-4d32-800b-57048fdba8c1,0.0,0.6685952544212341
d2d2b6f8-58df-4fd7-ae1b-c297b2cb0b76,0.0,0.6376293897628784
d2d7b47c-fc93-4d8b-918f-4e037d14928b,0.0,0.5987610816955566
d2dc9f02-2e0e-4ce2-a92f-19643d47ad08,0.5933533310890198,0.8071738481521606
d2dd354e-8ee4-4a48-87c2-36ac2cd77b7c,0.0,0.0
d2de2321-0190-430d-b11f-ab80b579d2c5,0.0,0.5611757636070251
d2dff7a2-7420-4fc5-9d79-c9f0f38e4574,0.0,0.0
d2ef3b57-8650-4833-b4d8-3e1eb18f9e8c,0.6318703293800354,0.7891398072242737
d3040280-864a-4eac-85f3-33b91829e68e,0.0,0.5146397948265076
d3123c79-0206-4f24-af9e-21d4dcb5fdcd,0.0,0.6586541533470154
d335f023-4109-4ce1-b5c5-57d9b7f4751d,0.0,0.6767538189888
d337a915-f5b4-4135-88ca-116bc77d79e0,0.5425771474838257,0.8364217877388
d33d2a0a-7b0f-4a0d-aab7-850b49fe06e1,0.6152231097221375,0.6694051623344421
d341db74-7257-4eda-a84b-2b26d4464e4a,0.5080731511116028,0.7847524881362915
d3516305-a812-47ae-9177-34147fce83cb,0.6802241802215576,0.8506386280059814
d358adfe-ec38-4680-b7fa-b743d2d8c468,0.5120304226875305,0.5922762155532837
d359c11c-7b59-4a46-8b26-0ca9df78e4ac,0.5339057445526123,0.6113156080245972
d36efb7f-3606-486a-9a2d-feb10b17f6e1,0.0,0.5959537625312805
d378d39b-eb2f-4fd3-b603-5299232d65d9,0.553526759147644,0.5753616690635681
d388994b-ea0e-4da2-a428-ae6a52a14353,0.0,0.0
d3912811-c56c-4d93-a01b-ff87ef4ef8f9,0.6955247521400452,1.172619104385376
d3a96c10-c98c-4641-b990-6c18da3115a1,0.6002318859100342,0.988679826259613
d3b13709-fb70-4c99-a012-bd1472b0b6a9,0.0,0.7544896602630615
d3b3050c-36a3-4c6b-8791-0eee3c0a51b9,0.0,0.0
d3b5ff3c-a7df-48ba-b225-e4abac272b08,0.0,0.6070602536201477
d3c22bbe-cd5e-4ec8-a2c1-d080a557a49a,0.0,0.5919443964958191
d3c94daa-faa9-4979-bcb1-67286f913694,0.0,0.5736374855041504
d41fb8b8-dc49-4929-880f-2012491eb6f6,0.0,0.5743682384490967
d459533d-c7c4-45f2-b419-58e1eeae6977,0.650555431842804,0.7939762473106384
d4645ccc-bd6c-4a12-93ba-da930674e02b,0.0,0.5919843316078186
d47f4f16-e6bf-4719-ab2a-87aee748bf34,0.0,0.5382644534111023
d4a4794f-a445-4be4-8606-4077220ced1e,0.0,0.5693579912185669
d4b20721-95b0-4a96-9d8b-c11d6d2cd7ff,0.0,0.640036940574646
d4b78e95-54dd-4ce0-bfe1-bdb0c60f5ffb,0.0,0.0
d4c0fd3e-c54f-44e3-b94b-ff1f5498a13b,0.0,0.0
d4d31180-a480-420f-9036-4358b4e9c9fd,0.5062543153762817,0.5744284391403198
d4d58ba9-9d73-48f7-b8d7-e147d28cb239,0.605882465839386,0.9954664707183838
d4dffb12-af80-43b4-9ed2-5e1c1c6d427c,0.7075068950653076,1.0520011186599731
d4ece928-672a-485d-ad0b-069977de80aa,0.5756924748420715,0.728373646736145
d4f3abc4-1cb9-47f4-acc5-533d7c2e49f4,0.5772010684013367,0.8628289103507996
d5153c07-446b-4b57-a7d3-9df5edb3512e,0.599205732345581,0.7203929424285889
d518d4a9-82d4-4cd5-8667-309d9d2ed803,0.0,0.6038853526115417
d51b33fd-fc3b-48c7-9411-d4b4bfcb7ea5,0.5271618962287903,0.8356935977935791
d52057be-bdf6-4a27-98dc-4fda22d7d7ca,0.5525234341621399,0.6030573844909668
d52c6412-2023-4909-ae16-9591ec0079e0,0.5282666683197021,0.5471294522285461
d5330ce2-510a-42b6-a00b-41a08d10cde9,0.0,0.0
d5359670-7014-45b6-bc69-abade2f3d45c,0.0,0.5247159004211426
d53599b9-8c7b-4965-825b-9714d5b6d15c,0.6314362287521362,0.8574753999710083
d54a57f3-cbda-4b2d-a0bf-020d05faf187,0.0,0.6623548269271851
d54d8f93-eb12-42d2-8ccf-98e6ceb55b02,0.0,0.557047426700592
d551541b-ddde-4a0d-be5a-f194b6207c31,0.0,0.6122032999992371
d5530966-640e-4131-861a-0656f70bc466,0.0,0.0
d56a706f-c23b-4be0-ba84-f059c52d6742,0.616657555103302,0.9918324947357178
d56b7f63-6b27-4251-9c94-508e5107da3d,0.7136557102203369,0.9906615018844604
d57dc44b-7992-497e-a554-25398a337014,0.6680437326431274,1.0507402420043945
d5a07265-f3d2-494f-b600-1d876a91a1c7,0.0,0.0
d5a1c695-45a5-470a-9503-181f03f77f1a,0.6326038241386414,0.6634869575500488
d5c99d5c-8576-49c9-9b08-0524624cadaa,0.0,0.6766293048858643
d604cd83-ef9e-476b-8225-de212827ad1a,0.607138991355896,1.2742987871170044
d607290b-55dd-44b1-a834-6c6126c4e447,0.6504396796226501,0.9432675838470459
d614ffe1-da70-4d24-8a56-76bad1f2c123,0.0,0.0
d6202311-378a-4f2c-afb9-525e14f6f300,0.527998685836792,0.751798152923584
d62542cc-f11b-4c26-b244-14fcf2f6d110,0.0,0.608330249786377
d625f08d-3982-4fe7-aefe-c185a7adf2d5,0.0,0.0
d62baf58-1ac0-47e4-9fae-18c7416d5c1f,0.0,0.0
d645d5da-df67-4f07-b3d9-bfd1e63f8d34,0.8104195594787598,1.0989925861358643
d650b173-9688-4ca7-90ff-ed9991a29841,0.0,0.8325905799865723
d679f5fa-a6e3-4da4-8fe2-e9b5ed94bc9c,0.5512345433235168,0.5789433121681213
d68135d7-cd73-4ccf-a785-26e27c12b80c,0.0,0.8553127646446228
d69900b4-00db-4037-a223-665961620c28,0.6587221026420593,1.020064353942871
d6a8f120-0d61-4f79-9f46-649a12fdd35b,0.5035079121589661,0.6257199645042419
d6ab99a3-241f-4e9f-90e5-af5686821fe1,0.7857261300086975,1.0472798347473145
d6d0732f-3557-42fa-bcfb-bd6610f13c1d,0.6294260025024414,0.7899091243743896
d6e70687-b322-4d36-bf1a-9b2dddcc2cf7,0.0,0.0
d6f1fbfd-2fc5-4f11-aad0-90defe6786c4,0.0,0.0
d705482e-053b-4b1d-b551-8c5865994baa,0.0,0.5271514058113098
d71740e5-cc2b-4c0c-b5d8-8ca3ed824548,0.0,0.6175784468650818
d723e3c3-5aad-4cf8-8cf7-3b5ea10173b5,0.5120951533317566,0.8019088506698608
d72d5cdf-d141-4282-b4b6-72ff5119b465,0.0,0.7067300081253052
d7463b63-720d-4d4c-adde-987de8e0bf65,0.0,0.6743986010551453
d75f4eb3-75d2-47b1-b9b0-b774e81f1bce,0.598708987236023,0.6836269497871399
d769400d-51e0-49e9-8fcb-e319a36540f5,0.0,0.0
d76f3abd-7361-4739-9a7f-899a6b6cec64,0.0,0.6838316321372986
d7872b37-ff6f-4bc0-90dc-d6f6f4062752,0.0,0.6842086911201477
d79cff51-8396-42b7-a229-5ea403e21292,0.0,0.0
d79f50ea-d15a-40bf-9d97-f0350e18f6dd,0.0,0.0
d7b829c5-ad60-447e-ae4a-115c60d95b84,0.0,0.0
d7bd34ac-74dc-473d-9ae3-6b67265b65cb,0.0,0.5539966821670532
d7c28bc8-099b-4270-879c-049fe4887ba8,0.0,0.0
d7d10798-7efb-423c-a670-cd0f07d262fb,0.5163184404373169,0.9706535339355469
d7d3756c-9389-44cd-89a6-e5cbca3cadd5,0.0,0.0
d7db767e-aba0-4bd0-9ddf-7b7f82d0c318,0.6552680730819702,0.9346206188201904
d7ee2fe3-33e8-49c6-a30b-1de8b9639d4f,0.5128624439239502,0.0
d7f0fd4b-5292-40aa-8b33-4df4253b73db,0.5341106057167053,0.691885232925415
d7f53cf3-d6fa-47a6-b233-57968506d1ee,0.0,0.5676352977752686
d803c744-7488-4b78-9a4c-5e2977f67806,0.6108736991882324,0.9900020360946655
d84dc23f-86da-470b-83fc-b0bb8f533941,0.0,0.6256912350654602
d85446f6-28a0-41b6-ad39-ee6b1c0939ed,0.801521897315979,1.16544771194458
d893e2f8-fb6c-4493-8e2a-e645bb7efb92,0.6822084784507751,0.8048821687698364
d8a86498-afce-428c-9918-de285b5ea97c,0.6259908080101013,0.7549322247505188
d8ad96f6-74e4-4092-b283-74aa9850006f,0.5405155420303345,0.5568360090255737
d8b1eec5-9716-4b64-be75-b401e4aa106e,0.579156756401062,0.631748378276825
d8b7efc6-dfb0-493d-9da8-3faedaec981d,0.0,0.5957311391830444
d8c10cf2-17d3-4c69-a877-2f181ccef3f9,0.0,0.6686978936195374
d8cbec90-503b-45ba-acf5-da173ff20c12,0.0,0.5115742683410645
d8d0c259-f864-428a-bbbe-6a0b0ba43716,0.0,0.5950785875320435
d8f65e99-4ead-4237-a421-cb6aea82ac3a,0.0,0.0
d8f72872-60a9-4b48-b780-6eff8e4eaf13,0.0,0.5816611051559448
d9089037-8b25-49c5-b677-e729fd6c1d0a,0.0,0.0
d909d777-5317-4629-9a56-9dd1064b25fe,0.6255882382392883,0.7303853631019592
d909dead-0b1d-4f1e-bfb9-b10ce2ac838a,0.0,0.7597017884254456
d90dea50-9ee4-42bc-8d21-928ea6f28151,0.0,0.5984699726104736
d918a7e0-c391-4540-9736-22c24a2c66bf,0.0,0.0
d927e011-4653-44ed-aa55-78418ae886bd,0.5305928587913513,0.5753901600837708
d92d7b37-406a-45d4-a196-05c1c89da793,0.6341704726219177,0.9457778930664062
d9331212-9924-4ece-a625-8fb922a53f59,0.7380198836326599,0.8217343091964722
d93e971c-c853-46b9-ae16-496296220a5f,0.706817090511322,0.8743386268615723
d941ef13-0aa2-4838-9cd2-2e69e9faef76,0.501606285572052,0.710580050945282
d949a385-b183-4710-9417-c270ef3ea035,0.0,0.0
d95aa314-2ccc-46ce-9a98-5cc9806142cb,0.804542601108551,1.2352344989776611
d95c3db9-92cd-421d-8b9c-ceeaebbc6eb5,0.0,0.6011351943016052
d9619005-02ec-4801-a717-007f0662b44a,0.0,0.5488809943199158
d963b5ed-4b86-468e-8c53-4d9f509a21d0,0.5128066539764404,0.6869767904281616
d9644501-2112-477a-812b-766dbdb6f86e,0.0,0.560095489025116
d965e3cc-0ccf-4d21-a61c-7f7c0121ae61,0.7950762510299683,1.201858401298523
d976d5a4-7eef-4b40-bf59-0a7888717425,0.0,0.7125623226165771
d9a112df-5d31-4a7b-8706-357bfbfba25a,0.0,0.5564640164375305
d9af3b50-59b5-4d98-ac8d-33973bf57d84,0.5945387482643127,0.7616580724716187
d9c0b041-ee46-47f4-b5a0-ef8a682b49c6,0.0,0.6843486428260803
d9c9374e-bff4-4338-9b44-cdcfdd8d56b6,0.6577101945877075,0.8947775363922119
d9ca7a86-2014-4669-bc2a-aba3ba44c4b4,0.5316236615180969,0.7319719791412354
d9d02364-cfb7-4376-8bef-18160c8f6f3d,0.7100450992584229,0.9350959658622742
d9ea089f-ba5f-4358-bc83-42590dd4ddf6,0.6537677049636841,0.7921614646911621
d9ef6659-9e04-4f0d-9a40-b7be9a059114,0.0,0.0
d9f77fd2-7c04-4d9d-832a-8f272ef6f24d,0.5041794180870056,0.6962323188781738
da12c532-d9e5-4faf-a231-e60376b17aa9,0.0,0.0
da27e937-e780-4169-9455-147707a4853d,0.0,0.0
da43e4c0-ec7a-4fd8-98d3-8a6cc6b47bb1,0.0,0.0
da57631d-7a3e-4a3b-861a-defa6446ac88,0.0,0.6646601557731628
da602007-499f-4e75-8655-8b5f8465edac,0.5072916746139526,0.8347632884979248
da799d15-bf9a-4144-b93a-9878fe6b93d6,0.5212592482566833,0.6406789422035217
da843907-bb23-423d-8114-dcea125797d6,0.7245325446128845,0.8863527774810791
da8b3c72-9476-497e-abb5-70a6c3c6c85e,0.0,0.0
da9404fe-887d-4aed-a01d-b9d11a4e45ea,0.0,0.0
daa98ebb-0527-428d-8a09-18f5f58e846c,0.0,0.5809040665626526
dab84d53-70fe-4123-a2b5-289d7c45804c,0.0,0.614903450012207
dad765e4-5dbd-4520-a524-8abc6ef5e08f,0.0,0.0
dadc1b89-74fe-4bda-9605-d48ece0d0a88,0.0,0.5788915753364563
db00f718-e6ac-48d7-9302-f7701d513566,0.5875804424285889,1.035593867301941
db0a49ea-2c30-4673-8b39-3ebddba1b6d7,0.0,0.0
db1f48ac-c212-4cd4-bdc6-09527c5b8dbd,0.0,0.0
db1f7ac0-6fce-49c4-b2a6-19945750b68b,0.0,0.0
db237bda-af50-43dc-8b9d-9b28e4f203c1,0.0,0.5583447217941284
db33c2a9-e490-47bb-a893-650a042baffa,0.0,0.809752881526947
db46ef29-771a-4ddf-b9bd-4fda3bc5d424,0.5110208988189697,0.8055517077445984
db47d64d-8d09-40b1-9cba-a834cb4d9b96,0.6420578956604004,0.753719687461853
db5cf8c3-e4c9-4d7c-bb52-f526aebb4198,0.0,0.0
db601048-61ef-42b4-a8ad-6f349b986bc2,0.0,0.0
db615c75-2e43-493e-9e96-932e604946e1,0.6683200597763062,0.808372974395752
db72ed80-1b50-48ce-ae12-d15a2003ee58,0.5977472066879272,0.990644097328186
db8eaef3-31ee-434e-ba98-f2afb69fb57f,0.0,0.0
db9756bf-0b07-4dce-ab54-4b13c9c30938,0.0,0.0
db976dd9-2098-475b-b8a6-cfdaaf155735,0.0,0.5220281481742859
dbaf4e04-a302-45b4-9aa7-fea06779028f,0.0,0.0
dbb72323-1d74-49e5-b9ac-0dd55956359a,0.6772904396057129,0.918728768825531
dbb8f02c-22c2-4008-a715-893c96a1eab2,0.0,0.0
dbc67064-5980-4fea-9cc8-4345bd046100,0.0,0.533448338508606
dbd2cc06-3b86-422f-a340-312fc5e688d7,0.0,0.5951760411262512
dbd78477-a8dc-45a6-9b23-ee2c99f5f50a,0.5386683940887451,0.800851583480835
dbdfbc77-e9af-46a5-aa56-fbb4db98261e,0.543205976486206,0.6088544130325317
dbe41946-8f3d-4e76-bbc2-211606342daa,0.0,0.6156056523323059
dbe9a1bc-5cef-4759-a1ab-83231af8dfd9,0.0,0.6615079641342163
dbf47eb3-a3f7-4b2d-8b92-c34731e01537,0.512841522693634,0.5299556851387024
dbfa0506-111a-42f0-a04c-8aa1bca55cd4,0.0,0.0
dbfaf97e-cadb-4495-989b-59f134abe79e,0.0,0.0
dc250ea5-e51c-42ba-a8b6-84f2f7bab16f,0.5388498306274414,0.9299913644790649
dc26230c-01a3-4932-b6af-26811148f235,0.5318422913551331,0.8378750085830688
dc2e4926-ccb9-407e-9e40-46e9a4396745,0.0,0.0
dc359f5b-724d-44ce-a36d-bc44a7dede8a,0.0,0.0
dc423e23-557a-4fb5-b37e-a8d784ef79a4,0.0,0.0
dc535671-df5b-4f66-a62e-24a33473fc7d,0.0,0.5764824748039246
dc5b06e5-f438-45df-a313-0cdae5c17c51,0.0,0.5599677562713623
dc5b502d-1304-4a45-b4ba-b5f8385ace1a,0.0,0.5423723459243774
dc60608b-a7f3-4c88-bd59-9a2414cd7b18,0.5052961707115173,0.0
dc6eb2cf-0d21-4174-be64-fa09930aaa8e,0.9711977243423462,1.2954437732696533
dc723f7e-4c41-4679-9705-6865e725c25e,0.5436190366744995,0.8058797121047974
dca662b3-129b-4414-8906-40d42edb67ae,0.5784242153167725,0.9524372220039368
dcbd0530-7601-484e-8b53-fe2645142ebc,0.5062068104743958,0.0
dcc834b2-6407-4db9-8d90-c8b6f91af02c,0.0,0.6732245683670044
dcc9be86-d356-400c-8954-0346237abc4a,0.626792848110199,0.7210617661476135
dce06b98-1fa7-4000-9d51-a385db1b070a,0.0,0.6256969571113586
dce14d5d-2965-4572-8ac1-c5ced18ce350,0.6281030178070068,0.6628578901290894
dcffc29e-8f03-4d8b-8cd1-f0a189084067,0.0,0.5614347457885742
dd026fcc-d7aa-44d4-9111-abe233b61dff,0.0,0.841314971446991
dd10cd6b-f248-44c6-a192-7ef46fe485fc,0.7431783676147461,0.9651931524276733
dd21e1ba-08ed-48f2-951d-e730f96e1703,0.0,0.0
dd23bbe4-ae42-4cc5-9640-0e26834c0e13,0.0,0.51180100440979
dd283285-b621-4b75-bc94-2dd5a96c490c,0.0,0.5480507016181946
dd2e8a73-dd0a-475a-894d-59fea7b0a878,0.7894288301467896,1.1049314737319946
dd33a43a-e50f-4cab-b346-6995c68cce14,0.0,0.0
dd393c0f-17bf-41fc-8a7b-3910140c3882,0.0,0.0
dd3c99c3-67db-4670-bac5-00ecca509ee1,0.0,0.6529350280761719
dd4bf4d9-2fae-492f-b990-67f7cd4722af,0.0,0.0
dd86af0d-4dc2-4f33-b599-4cbf8bc7451b,0.567436158657074,0.9415934085845947
dda044c8-092e-4d86-a913-356597fe3f24,0.0,0.6268144249916077
dda50ba0-341c-4d39-82f9-03d0c6a92031,0.6316356062889099,1.0156649351119995
dda78fb7-acd1-4e98-82c4-cb35e09c6aa0,0.7474453449249268,1.0536426305770874
ddaba5e6-3979-4ca9-b7fd-9f8ee69a1a00,0.6155348420143127,0.7783194184303284
ddb3145e-0438-41c8-bdde-38502345e396,0.0,0.0
ddb4ac58-2e1f-4baf-8ab7-882b970e2cd1,0.0,0.0
ddcce53d-1f93-4c8e-a4e0-0b269df23357,0.0,0.5611704587936401
ddd391df-5dab-4229-aec8-a55d30b63e76,0.0,0.5597125291824341
de0158bc-b4c6-4689-ae8a-1ddbb9223ff4,0.0,0.0
de04d6ac-859b-4e98-a8bd-153748945b0c,0.0,0.7396779656410217
de058650-b0da-4979-be5f-378c5ea62bad,0.6193622946739197,0.8292353749275208
de05e59e-dedf-432e-bead-e8ea17b1ee09,0.6534481048583984,0.8998040556907654
de184efb-fe9f-408b-af38-cf026784b4c3,0.6930435299873352,0.8814994096755981
de20c64d-f06f-4da0-9d48-7b505e0e1363,0.7218823432922363,0.9396379590034485
de2fd384-3588-4048-932a-aecfec26c969,0.0,0.701773464679718
de36ccc5-d6be-4b8d-9f90-eb401bbecccf,0.0,0.6345282196998596
de4af6cf-36c1-43e9-87ec-aba92825fba6,0.7629633545875549,1.0975979566574097
de545539-b853-4b06-a949-464b7fb37e2c,0.610196590423584,0.7487621307373047
de61576c-57e5-4774-a1bd-7b72ce05d6c7,0.5909860730171204,0.6559931635856628
de7036cb-cde8-451b-bb2d-de3f057c76a6,0.5929616093635559,0.8275089859962463
de70f5cf-53ad-4475-8162-d0d1a597cb53,0.0,0.5214136242866516
de715831-f026-42ba-97d0-dc5f92d2db08,0.5116479992866516,0.6043861508369446
de7963b6-cd5a-4981-bacc-73a4300f71f5,0.0,0.8190019130706787
de831c10-6f09-434c-9f2b-c00c5867f968,0.0,0.517290472984314
de977a7e-aaf1-4962-a6fa-5495c8fc5c9e,0.5128716826438904,0.7962638735771179
de9b1173-e514-47e9-878b-6a18d3f484fb,0.0,0.642792284488678
dea8d70d-33d5-4c5c-8c85-222398333403,0.5578121542930603,0.6731185913085938
deadb1e4-d467-4c35-b15a-ad2571db75e9,0.6228247880935669,0.8798168897628784
deba95da-dbba-4575-99c4-08892a7394a1,0.5220465064048767,0.673834502696991
debd0308-a498-4907-ad47-318fe08525d8,0.0,0.0
ded0026a-72f6-452d-9159-ae858fb44bd8,0.5742084383964539,0.6583228707313538
ded634ce-4668-4d7c-83f2-0e76a35d8505,0.0,0.0
dee31686-2da5-41d5-98ac-98277ffbfabd,0.0,0.5500822067260742
def3f7b4-99a3-43c4-9109-1060295881e0,0.0,0.0
def40ea8-220c-47a4-b169-b33701d44907,0.5393404364585876,0.5202921628952026
df00f1a8-967e-4cac-b545-6b2237e55991,0.0,0.0
df01bf44-46b8-4541-b0a4-ed1fae16ac38,0.5928612947463989,0.621209979057312
df049a84-9b93-4c46-96d3-5f666c7bb1cc,0.538832426071167,0.7250697016716003
df1562b8-8adc-441f-9282-c00b50872385,0.0,0.9384806752204895
df1a028a-008f-46ff-adaa-9fadd7634090,0.0,0.0
df1b755a-f021-43dc-ae75-e673d9ba43cd,0.5083560347557068,0.510352373123169
df1dfa1b-213e-4b52-aa71-bd7053d41688,0.5412821173667908,0.5818124413490295
df2d97f4-dc0e-4d6a-8224-b4e0a8b1c189,0.5443527698516846,0.7911171913146973
df38e321-af8a-4b80-91ce-09ef0af3b858,0.0,0.7275322079658508
df5af759-c1b3-4cf8-8f20-4d12956970f3,0.6196973919868469,0.9861875772476196
df601410-aa22-4bad-ac5e-c9ef0d951e73,0.5914430022239685,0.9576762914657593
df6387e8-1171-4fb8-86d9-07347f9bc142,0.6748499274253845,1.0666134357452393
df70ca35-932b-45e8-95cb-e4bad8a7254e,0.6365035176277161,0.975357711315155
df71b9ff-dad5-43db-bdb4-dddc47bf409f,0.764627993106842,1.3258624076843262
df73e84f-1a5f-4fd1-b4aa-f6301cb41285,0.0,0.0
df859ec1-c189-4454-91aa-09b2247a3c2f,0.0,0.7215800881385803
df9b9652-d2f9-4f38-ad0c-187bc7ba4583,0.6200135946273804,0.7003428339958191
df9c5735-1080-423d-a63b-7d9e53695609,0.0,0.0
df9fa6f0-9e00-47bd-9bc4-2c376512c343,0.5168244242668152,0.5434171557426453
dfa02a8f-91a9-428a-802f-24b8cf3a3bd4,0.0,0.0
dfa0b71b-c10a-493a-8e90-5090e3814070,0.0,0.0
dfa4bb55-c247-439c-bd7b-2f54a1545b60,0.0,0.0
dfa72589-ec17-470c-9afd-f3a33749363e,0.5960222482681274,0.9792135953903198
dfa9dcd6-193e-4f7e-bcca-118fa6f28f89,0.0,0.6330382227897644
dfadf845-c04a-4199-ad56-b0046491a510,0.0,0.0
dfc4f82e-9fbf-437e-b531-3c6a8066cbb4,0.0,0.7621490359306335
dfcdc7f3-f53a-4e1e-96c3-a5e8d0baed92,0.0,0.0
dfd1675e-d5b5-4361-8fb1-23bd65889fa5,0.0,0.5617997646331787
dfe2b9eb-987a-49f7-ae29-dfd2d75700eb,0.0,0.0
dfe38b59-81cb-41fb-9b29-b6abe9554387,0.0,0.0
dfe83540-90bc-4c1d-93e7-cb15fe856700,0.0,0.5171327590942383
dfe91ed4-0807-4645-9b2e-d578112002f4,0.5721105933189392,0.703127920627594
dff0f18e-9fb9-4c15-a129-cf6e85b63876,0.0,0.6583730578422546
dfff5be9-8c72-45cb-aab1-65cdccee3346,0.0,0.0
e00179f0-8382-4f4a-9dc0-6dfdecad5c0b,0.5413994789123535,0.7279778122901917
e01a932d-b56e-49c5-b3a6-2675e2dac357,0.0,0.569744348526001
e02001c5-90db-4116-b66a-f0926b291cb3,0.0,0.5113078355789185
e020b66a-3458-43e7-b707-fe85045313cc,0.5527456998825073,0.69949871301651
e02aafa6-de03-4aee-b205-59e67e9564b6,0.0,0.5726668238639832
e02f0ffe-8317-4ca8-a65a-ed404cbc1262,0.5837953686714172,0.7633709907531738
e03c239f-37e5-4b66-ace0-dce46901668d,0.5525805950164795,0.7685050368309021
e0431664-319a-4ae8-9635-572e07c07e14,0.5257971286773682,0.5910808444023132
e048515d-7be6-4b1c-bff8-57217f347d1f,0.0,0.5937977433204651
e04fdc6d-a130-4c27-a3cf-10b7037a6f99,0.7206137180328369,1.0390300750732422
e05571c5-ce77-4873-bda5-155a8cab80e0,0.0,0.5248650908470154
e06d1a46-72d4-4653-b58a-4727cb1a54bb,0.0,0.5165513157844543
e07745a4-379a-4c0d-9f7b-fab08ca507f4,0.0,0.6471606492996216
e0887969-0cc9-4d23-94c7-51313bad1aa0,0.5372025966644287,0.789851188659668
e095dc44-4295-42d4-915d-25d6653f8377,0.0,0.570972204208374
e099fdb5-b422-4b93-ae73-e9b3f752b157,0.7009113430976868,0.892751157283783
e0a0bcbe-055f-4692-bd13-d4216493fe85,0.6974110007286072,0.874295175075531
e0a15fbc-fb4a-47f6-b660-8f175b33daa7,0.0,0.6663323640823364
e0b06fab-1fc0-4ec7-8820-aef0e3a5295e,0.0,0.0
e0bb9a8f-3525-4ce2-af97-d55983312b48,0.0,0.6830201148986816
e0bdd9cf-d25c-488e-8ee4-2dfb8ad2fdb9,0.0,0.5829023122787476
e0c1f2d0-c9fc-4ed0-a8e1-6d810b07bd35,0.6253506541252136,1.0071735382080078
e0c70d5b-7d7c-42d3-91b2-a067d78d7f71,0.0,0.5484670996665955
e0c72560-ffe5-4dd8-a225-21e64f24ad4f,0.5814064741134644,0.7278052568435669
e0c917f8-6a4a-48cc-9898-43163f8998f1,0.0,0.0
e0de2b3a-4c1f-408a-96ba-dbfff82e0c0f,0.0,0.5160377621650696
e0e05cba-622c-484c-a7ec-5db00a84b465,0.0,0.0
e0e949fe-09c7-4e5b-84df-25c7ce399dc3,0.0,0.0
e1018c00-0799-4286-a854-8d26f3ba67d7,0.5954788327217102,0.847931444644928
e1062e11-1b03-42a7-b06a-822dafbd8bd9,0.5561813712120056,0.5777503252029419
e10660cb-14c4-4c95-a845-6382785f24ca,0.5921196341514587,0.7636421918869019
e106e18a-1b44-4146-b4a5-21cc73b4895b,0.0,0.0
e1099990-4b74-457f-9e75-2cfdd130cbd1,0.5105621218681335,0.7949859499931335
e11743a5-0860-4b78-8d0f-314029067ca3,0.6547871828079224,0.7118178606033325
e128d986-5fff-41f9-a18a-97cbf84cf09d,0.501338541507721,0.6134921312332153
e1364e5c-47ad-40ff-a736-409ceb5e1422,0.547439455986023,0.7367194890975952
e136632f-aef1-427f-8cc1-2d68e9afc8c6,0.7521723508834839,0.9762519598007202
e13a304c-acb5-4eea-9507-5afee46d26cf,0.0,0.0
e14be247-6dee-403b-adc7-03ea038bc4a2,0.0,0.0
e15d8199-db79-4e2b-ab56-82110f32a3e6,0.6945160031318665,0.9341161847114563
e16dee85-52bf-4766-ac78-dbe4454a5584,0.5922355651855469,0.6201249361038208
e170e3dd-7905-4908-a518-a8db4e7a63fd,0.5025981664657593,0.635357677936554
e176455f-c5ed-4149-b896-8a791c65c4d6,0.0,0.6115332841873169
e17ccc65-0b17-4d61-91f4-a86a6519e236,0.0,0.0
e185c1ac-f163-4891-9a2d-383c47d97f67,0.0,0.5228410959243774
e18e3619-ecec-42ba-ab2b-243bfe3b6c15,0.0,0.0
e1901732-879a-4d8b-a239-a8ba3a0cda12,0.0,0.0
e19d4e38-b7f3-4d73-b537-08d94704390d,0.0,0.611178994178772
e1ad4ba3-5cfd-47a0-af87-a782ad7b073f,0.610356330871582,0.7507650852203369
e1cc5f44-3fdd-4caf-9148-b2fa6eb8f212,0.0,0.0
e1e9c69a-2875-4fe4-9cf2-e3166e5bca65,0.0,0.0
e1ec30a2-eddc-4915-b199-826d8c3383f0,0.5869475603103638,0.9720631241798401
e1f6b68d-b6d6-4dd7-a8f8-713f25d69c07,0.0,0.6119488477706909
e21b5dbb-053b-4ab2-8cc7-931da47dfb7a,0.0,0.5280103087425232
e21db9a3-aaa8-4231-b7fe-fea9c1892502,0.0,0.8262424468994141
e21e90c6-759f-44fb-999e-c2a2c1ac845d,0.0,0.0
e229dc37-6909-4eab-ae30-f9c33d89c829,0.0,0.6476693153381348
e2370f43-e102-406c-8a00-096fa6f78688,0.5258374214172363,0.5959458947181702
e23888d3-617e-41b2-afa6-54f71572e0c6,0.0,0.6921209692955017
e23a255c-84a5-4d79-9ceb-791386ccf9f2,0.0,0.5240336060523987
e24fc9c8-5724-42a5-9190-eb4d0a64b178,0.0,0.5245784521102905
e257714d-7edf-4429-8fdf-7fdfb8282d6e,0.0,0.5439400672912598
e25f66d5-4c11-4e55-87b2-9983ddc1b624,0.0,0.6166942119598389
e26bfec9-7057-47f0-b726-23043b56ad3f,0.0,0.5126280784606934
e270c036-b974-44eb-8f0b-659ebfd3915a,0.0,0.0
e27ea524-e090-400d-9e77-ace2cacab7d3,0.5085679292678833,0.5424526929855347
e2ac6ec3-28f9-4c66-bf79-087d5fa8c549,0.0,0.5365075469017029
e2ae780a-99fc-43a4-9620-6f557bfb52af,0.0,0.7019079327583313
e2b87745-44b8-4400-a719-db1e666e6d5a,0.6239105463027954,1.0001710653305054
e2c4f19e-9ef5-4393-9e7f-fa0722950304,0.0,0.0
e2d014b3-69ee-44b9-bfc8-5bb2f9bdb2bc,0.0,0.6165986657142639
e2d5cbc8-469e-4198-acf2-ea2b4b7edfba,0.6343201994895935,0.8800134062767029
e2ddb39a-c36f-4924-8fbc-929923cd78ad,0.7712634801864624,1.1163679361343384
e2e4f3be-2bf4-4589-9c0e-fcb6517a168f,0.0,0.0
e2f16538-e068-46c6-b4a9-7b05cdff144a,0.0,0.0
e2f7e5ee-38f0-4305-b29d-aefabc3e1225,0.0,0.5398209095001221
e31fc7d6-5da4-4557-9a89-fcfbc7519117,0.6236410140991211,0.9990503191947937
e34a9455-d716-4a96-84bd-cb5116a0d0c7,0.5243246555328369,0.8055946230888367
e3579a06-4fd9-4123-858f-e4b6eb7b57cb,0.0,0.5335879325866699
e35817e8-e6e5-4e43-a708-864b0f020488,0.540063202381134,0.6491184830665588
e36794ad-a9c5-44d3-b78c-8589fed70717,0.0,0.5372515916824341
e37d102a-04e5-4cf7-af7d-60f680ebcc32,0.5216851234436035,0.814771294593811
e3818737-2f32-4195-9ec0-cc95989539e3,0.5303072929382324,0.576416015625
e395bcf7-c7b7-4fbe-8937-eecd3fc87c4c,0.0,0.0
e3b49f5a-3640-4568-b190-c5c9406c8ea4,0.0,0.0
e3ce3d7f-3480-4fb2-b778-cb6b48398457,0.5363839864730835,0.6259549260139465
e3da76f0-5516-4a3d-88d7-3fc0bc4f70d7,0.5608187317848206,0.6327944993972778
e3df0587-7935-4421-b74f-5238b42bc412,0.0,0.5257933735847473
e3e30659-c933-4583-a5b6-f1875006a3ea,0.0,0.5941401124000549
e3feb480-18a5-4077-a8bb-1eb8f36ea924,0.0,0.6151167154312134
e403e54a-9a53-4411-b45f-cb20381df1cf,0.5822473168373108,0.6526944637298584
e425b3c1-6f16-4195-affc-167309e965ba,0.0,0.0
e44653f5-963e-4556-aa43-06eed9e80dab,0.6102405786514282,0.8576921820640564
e44b426a-5971-4c8d-80bf-aaff493cda7d,0.7926449775695801,1.2096155881881714
e472cbab-5b49-44f2-b7ec-aa09c2b178c6,0.5304415822029114,0.6364349126815796
e47bdc7f-53c6-4501-af65-a78e5543a64d,0.5369148254394531,0.7876403331756592
e48c1054-3b10-432e-aae4-c1e5575f986c,0.0,0.5460302829742432
e48e1984-7e5c-4934-8aef-6977cd345662,0.0,0.5771337151527405
e49ad78c-fc3f-4771-8e02-b2842af43310,0.0,0.552976131439209
e4bd1bc9-46ea-4d1e-a390-9bc543d4f993,0.0,0.0
e4d6820a-be50-4418-a0dd-b079d40f4159,0.0,0.5662422776222229
e4e2686a-be4b-44a8-bc60-ebf1da659dae,0.0,0.6937760710716248
e4ffba7e-4fb8-4a1b-9b6b-f89f3d0718b2,0.6136842370033264,0.7209756970405579
e52762a5-ed62-49a8-a256-ad9c796c96b0,0.0,0.0
e52b8285-8ffd-4733-bbc3-ab95938a7199,0.5291985869407654,1.0259143114089966
e53a10d4-99c6-4a4c-8f45-865531d467ef,0.0,0.0
e54d7a46-8af8-46c1-b4c7-efb3e6a3272e,0.0,0.5111828446388245
e54dbec8-d916-4e54-9767-431e15555124,0.5282521843910217,0.6006038188934326
e553a58f-11c9-48ea-88bf-80a454057fde,0.0,0.0
e55e7163-c1eb-4f0b-b7ed-45850e38fc66,0.564727783203125,0.7019655704498291
e573bd59-8cfa-4ed5-a899-029bf009991b,0.0,0.0
e57697a1-456e-4d09-a70f-3c981b09e92d,0.0,0.5988622307777405
e5985814-1e5e-4582-893c-d7734fcc0312,0.0,0.0
e5c22f9d-9438-4865-987c-f8f8055b5f1f,0.0,0.0
e5c3f6e2-90bd-4b29-9323-857c5e65544d,0.5903540253639221,0.9005170464515686
e5def2e8-c59d-4127-818c-58d6d8202d47,0.0,0.0
e5df8aa0-2289-42cf-b80e-12a74c623414,0.591188907623291,0.8909528255462646
e5fb6b6b-1841-444f-a33d-58bb654bfd37,0.7314115762710571,1.005924105644226
e625f09e-83de-436c-94c4-3957bf637c39,0.0,0.0
e62a2185-6c4a-4f6e-b5bb-564b54531d15,0.0,0.0
e634c60f-f23d-45e5-bc11-45975c592fe0,0.0,0.0
e653564a-ac8f-4512-84ac-0bd8fc58bc83,0.5095762014389038,0.8227877020835876
e65e406c-0627-4a46-a2c3-b994ac918296,0.5451687574386597,0.7193160057067871
e6605da6-5fb5-4314-b030-399d4b7b2054,0.0,0.0
e66e2221-0e71-4c4d-8c0d-a814decbb88f,0.0,0.0
e68f3d82-72c4-42b2-bd60-79798d1be9c9,0.0,0.6199647188186646
e690fa5a-0dbb-4536-8cf8-7af0254d0f4e,0.0,0.5584798455238342
e69bc6ab-03ef-4fd4-a595-291381bebf8f,0.0,0.0
e6a5147a-5b4f-4134-92ec-f26b93a43daa,0.0,0.5471154451370239
e6af0ae7-38a2-4670-9815-0475eec8b12c,0.6114776134490967,0.9959992170333862
e6b54311-24c2-47a5-9118-41e6e710b4d9,0.6787242889404297,0.9328222870826721
e6bbd174-60e0-4616-8cff-a63b202508c1,0.0,0.5331802368164062
e6d6ca5d-5b43-4bb1-b1d7-5bf2e35d6ee3,0.0,0.5378601551055908
e6d73e98-5012-4cba-bdd7-0edb0589a9d3,0.617520272731781,0.7592855095863342
e6f457fb-05df-4193-90c5-42e12f5d1cd6,0.0,0.5522815585136414
e706a23f-027c-43a2-aa5d-f9c269be8029,0.618533194065094,0.9510281085968018
e70ba200-8577-442b-aa24-c83e104a2ab4,0.0,0.6402451395988464
e72fc735-35f0-4eca-bd52-fd13fdc3f7cf,0.8756290674209595,1.2400574684143066
e73f2298-9d37-43b1-9688-b36b96e4f353,0.0,0.0
e749facf-9070-4736-8e22-91b34524039c,0.0,0.5450580716133118
e74b404c-da01-492e-ad71-d239cac6d988,0.546680748462677,0.9524645805358887
e75b15a4-81e1-44c9-b1e5-511e55395504,0.7703508138656616,1.0455363988876343
e77832f2-a37e-47fb-9c90-fcafa268ea17,0.0,0.0
e78e6b20-ccff-4875-91f1-8cb7d735a88c,0.0,0.6310573220252991
e7958acc-4239-4e24-86d1-c8131b3b5457,0.0,0.0
e7b85908-b9e9-4d18-9c1a-3c0c9bac3c64,0.0,0.0
e7ba9211-b687-4d2e-a2a1-f7747095611e,0.0,0.0
e7e126c6-e68f-4853-95f8-f9076430fcc8,0.5221166610717773,0.6113629937171936
e7f8b1bf-3918-4e7e-b8e9-d1571098fc43,0.6066945791244507,0.9958914518356323
e7ff3de8-1db3-4b71-964c-1bba2618d0fd,0.0,0.0
e80520f5-a241-4220-89e7-9ae2ad0c1b29,0.674854576587677,1.4740333557128906
e820ad6c-c37b-4081-b0ae-8621d364d027,0.0,0.605304479598999
e82889a8-e4ca-47bf-92b3-599e4155abf8,0.0,0.0
e8328eb0-914a-4da0-8150-ed547e0240dd,0.5150948762893677,0.6213083267211914
e8355171-9315-46c0-a0e8-d6c5af11e083,0.0,0.0
e842f71d-d750-48ca-a629-bc300370c034,0.0,0.0
e8458440-934d-4435-ab4b-be4d8dcc3e05,0.0,0.5793709754943848
e851c1d7-5ba1-4772-b1da-4c4a41274972,0.5502135157585144,0.6832006573677063
e8564f8b-eab5-48be-bfd9-bc48d6404f31,0.722381591796875,0.9554042220115662
e85c2940-8fb1-41c9-962a-9a08aff01c66,0.0,0.5173583626747131
e86ee953-11d6-471c-ba04-7249d7f3d118,0.5991056561470032,0.7164490222930908
e87f2b20-c044-4ead-b1e3-c85181495056,0.6162712574005127,0.7873052358627319
e8839905-d7de-4207-99da-24cbb0323c55,0.0,0.6786196231842041
e8854bfb-c02b-46e5-9430-3e62a7f265b5,0.0,0.6031695008277893
e88be8b7-aa80-48cf-8355-1b11d9ef0e7f,0.6357846260070801,1.0125095844268799
e890e1c9-32a5-47d3-821f-9fa5306564db,0.0,0.0
e8948f32-e11d-43c5-a58f-2133fb0d9e3f,0.0,0.0
e8949699-8e66-4aec-85c8-569b406ff4a1,0.0,0.7920035123825073
e89a077c-2b2d-41d2-9521-03bffaa1b2b0,0.0,0.0
e8c7d731-5dd4-4b49-b133-82672f0040da,0.0,0.0
e8d92526-94f0-4f7f-adbe-d38772747a33,0.0,0.0
e8e9b8ca-26c4-4854-a45d-adf7fa632098,0.6059058904647827,0.9914379715919495
e8fccf62-df64-4c68-9a1d-d146aed66fc9,0.0,0.0
e8fe7478-a068-4b37-ab3c-28782a0e05ca,0.0,0.0
e907d041-1af9-4464-8386-d8cc7e75bcf6,0.0,0.5957635045051575
e90c5237-3a9b-42de-afe2-4568b13630c3,0.6656296253204346,0.9014424681663513
e90fc706-4efe-4038-8a3b-741d32d1eff2,0.0,0.0
e9163288-5aac-4e11-957f-8db3549b8574,0.5248081088066101,0.5546290874481201
e918b670-cc97-4f02-b300-c1f7ab2325a5,0.5156055092811584,0.5994086265563965
e924842e-7e5e-41e9-a8c8-f85726acdd61,0.511308491230011,0.5172067880630493
e9279be4-70ff-4ffc-b649-92ae5e8b3a09,0.5609883069992065,0.8773698210716248
e9804702-7a80-41f1-9f39-cd945f4b6330,0.0,0.0
e99370cc-60ca-4ae7-b221-4cfd4badf4b0,0.66861492395401,0.8454262614250183
e9991f8e-e75e-4f7f-8c0c-a6e647eff6e8,0.6853912472724915,0.935762345790863
e999d2e4-fa9b-4fc5-b237-4bea07e650d5,0.0,0.0
e99cae69-6e60-47c7-885c-34ed8cbd31eb,0.0,0.0
e9aeb5da-cd86-4463-b061-ce76b8200228,0.6028962135314941,0.9183889627456665
e9c54ede-cf0a-48bf-8a47-f233c9066a38,0.0,0.0
e9c6f260-2aa0-4489-9712-781deda8f691,0.0,0.0
e9e897a3-78ad-4e8b-a1b2-634cd438b3fd,0.0,0.6218491792678833
ea02e023-d5af-4f85-9a5b-bf838643a8f6,0.0,0.0
ea031590-db1b-4f31-9d0d-e5e1ccc98a02,0.0,0.6194564700126648
ea2108f2-188e-4269-bbc1-355959245522,0.0,0.0
ea325223-1fc4-417d-b3c1-55d6debb90d6,0.0,0.0
ea4023d5-94d6-45fe-a6db-5c876368d3aa,0.0,0.0
ea47ce22-b0bb-4c00-aece-85b2e2490b23,0.0,0.713271975517273
ea4da15b-b26a-44ca-81aa-251ffff10fab,0.6930263638496399,1.0104817152023315
ea5dc459-ce49-40d6-9c8e-3115430f6fb1,0.0,0.0
ea5e6399-2445-4d93-98b7-6d37ef1f77b5,0.0,0.5817124247550964
ea670818-759d-420e-a73e-285c3b29c5cc,0.0,0.0
ea6a09e9-bcff-4d77-b94a-c4b0e26a1ca0,0.0,0.0
ea78efe0-965a-467d-9e34-84656d92eea4,0.543529748916626,0.8650047183036804
ea79e3fc-c722-4b5f-b6fd-756d5692899a,0.0,0.0
eab1c88b-435d-4c99-ac4f-dace721c4993,0.0,0.0
eab79471-3068-4295-8126-b079191b6226,0.0,0.0
eac38733-61eb-4200-98fa-e0a75c890f9b,0.0,0.5407167077064514
eacd84b4-d098-48ed-aa5e-ae9131165f9d,0.0,0.6589905023574829
ead12681-227c-498c-a57e-9633fefc31ff,0.541562557220459,0.6317976117134094
ead3774d-0afe-4cc7-896e-9fc50b27c259,0.5359627604484558,0.567886233329773
eadb75e9-5b78-4603-a77f-fea1b6e7b33a,0.0,0.0
eb0127ef-b782-4226-ba68-d093dea94aaf,0.593834400177002,0.7632980942726135
eb1255d4-fbf6-4724-a7da-0847555ee5e4,0.0,0.0
eb17afdc-cf5e-49aa-93c8-ada3d2e15d12,0.0,0.5420229434967041
eb271b6e-6c18-4eeb-8b30-88423f6245bb,0.962993025779724,1.3073210716247559
eb2eae04-3423-41d8-8b3d-8cd2eb304383,0.0,0.6126247048377991
eb55b17f-228f-4680-a4d9-85bd2b927440,0.0,0.6103438138961792
eb5fa40e-f964-4e36-813f-5e217d9f983e,0.6654069423675537,0.854457676410675
eba6ccff-0ebe-4c6e-a713-566e3fe89102,0.0,0.5832687616348267
ebaab233-17e9-461b-9c8d-08663a8c73f7,0.5309275388717651,0.8069013953208923
ebad3b21-6edf-4af8-87b5-073d84ba1608,0.5872277617454529,0.8909566402435303
ebb18234-fabc-482c-9740-88a7de59bb12,0.5410383343696594,0.8043040633201599
ebc2d348-74e2-461c-9923-6833f58235a8,0.6622592210769653,0.9204488396644592
ebe77e2c-8d9f-4326-b7bb-dcfd1b363568,0.0,0.6836661696434021
ebea3aa3-61cc-4ed1-a4f6-cf9ce211f9af,0.0,0.6480177640914917
ebed6df3-1de9-4d4a-afa0-c32b1497ea9b,0.0,0.0
ebf4aa96-9f1f-429a-9416-bbf5f6d52fa7,0.0,0.5736768245697021
ec0e6e4c-298a-423a-8c40-870de5ddf918,0.0,0.0
ec2e575f-17c1-47df-b809-8ca35fedf98b,0.609039843082428,0.7948964238166809
ec327951-30b2-40c0-a267-6800d5b428bd,0.5536485314369202,0.9304084777832031
ec664c38-8ec0-4169-9828-28154cda5c44,0.0,0.5227588415145874
ec69ed29-cdca-48bb-8473-ac446aac4475,0.6402449607849121,1.20322585105896
ec84df43-b360-45e5-b85e-07b914dba458,0.0,0.6434301137924194
ec8fcb82-9a4a-4a0b-a83a-55349fe1d2b7,0.7783316969871521,1.0848112106323242
ec9715d0-f295-4b6c-8ed2-b8b2d526a5b2,0.7599587440490723,1.0618178844451904
ec9d0588-4f08-41ee-8364-4f1b228f3d05,0.7147116661071777,0.9260872006416321
ec9d8254-3b10-457d-8b62-38b11b466aca,0.5762049555778503,0.6469274163246155
ecbace99-8c9f-4ce6-b493-6acef544617d,0.0,0.0
ecc967fa-8964-4bd7-bc39-f1e594ba9c17,0.7004386186599731,0.9123328328132629
eccd871d-2365-4f18-b253-247f2aef0e40,0.0,0.6045299768447876
eccedbf0-0d18-4aff-8088-bfae7aae7601,0.0,0.0
ecd353de-7817-4f12-b1ce-989167c337be,0.0,0.0
ecdfb3b4-9045-4d63-bd13-f3c49dc22774,0.0,0.0
eceaa9b0-9ab5-40d4-8c42-c64c6623f455,0.0,0.5783461928367615
ed1193d9-d5d0-4a14-8fd1-8b2dfb1e2892,0.5385441184043884,0.8203698992729187
ed2939f4-7319-4c52-93b1-8546db885a91,0.0,0.0
ed2eeb49-1c76-472c-97fc-fd69ad677a9f,0.6519081592559814,0.7622146010398865
ed538834-82d3-4096-ab9a-e8b336d0d413,0.0,0.5361388921737671
ed54d2e2-330a-4675-b3be-55250d7974af,0.6714305281639099,0.8627159595489502
ed663784-71f5-4349-a4e7-426c88ea1033,0.0,0.0
ed8bfc39-5f74-4fa8-a9b4-fdce20ebb843,0.0,0.0
ed9384a7-cfb6-42c5-a56f-1f2d1349807e,0.0,0.0
ed961733-8576-4d1c-9c17-bab89d906271,0.6107203960418701,0.7893968224525452
edae1ef9-b9d2-4d51-a27f-65653f2ddf02,0.7632168531417847,1.0352410078048706
edb8fa0b-95fe-439c-aa0a-0b7c6bbb4adf,0.5987161993980408,0.7102600336074829
edc8ebce-8658-4659-b54b-f07a5cb2d4e6,0.558132529258728,0.6302064061164856
edc92d30-210c-43a4-acb3-3a85b4ec9998,0.0,0.7131178975105286
edd09944-8e05-43ac-a784-77d9abba9418,0.0,0.5039246678352356
eddf2d9b-9774-4deb-b160-d0f3d56eed6b,0.5439741015434265,0.921254575252533
edee7ae5-3894-46de-9adf-448407d9565a,0.0,0.5987117886543274
ee011215-8bf3-4bb3-8a68-7d850af3d415,0.5994113683700562,0.7908393144607544
ee01ca4b-9ca9-4e2d-9c77-54728b477342,0.6112756133079529,0.9964523911476135
ee0c41bc-1d2f-416a-9dc6-f099c837c02c,0.0,0.5005893111228943
ee0e92d8-fe7d-41b7-9943-663f8d0a620e,0.0,0.5472023487091064
ee1b77b5-ad2d-4682-b8c4-ede4b101b7e0,0.0,0.0
ee3668f8-beff-44ca-8e47-d8cfb9a6289d,0.0,0.0
ee36f6d0-bafc-4fc8-8819-07e1135b6098,0.0,0.6247013211250305
ee42f104-4b5b-4115-b3dc-abec3b32fc27,0.6266846060752869,1.0099761486053467
ee444872-41bf-471e-bdd5-72977f74eaf5,0.6387129426002502,0.9511097073554993
ee53f483-e1b4-420d-9e5a-b9ddeb390c0d,0.0,0.0
ee55cd94-2bbe-4c26-b4ad-2e984d1ea933,0.5533219575881958,0.5689247846603394
ee57e5fa-aa8c-419d-bb9b-8440d95905a4,0.0,0.6168334484100342
ee593c29-a295-4d8c-b706-dc0971336f51,0.5978046655654907,0.8999463319778442
ee621596-6b65-4958-a397-33a70279dc7b,0.0,0.0
ee857e74-1473-4718-94ad-fa85295fc36f,0.5183730125427246,0.5379694104194641
ee93f4b1-8dee-475a-8d41-7a82911f4c8f,0.0,0.5524450540542603
eeb3f93a-c879-4c0c-aba1-d958bfd37d67,0.0,0.5067464709281921
eeb91763-1b5f-458d-bb70-c3b948b7b148,0.0,0.5242018699645996
eebd11f4-6c88-4f02-ad34-2d4200cd2075,0.8203253746032715,1.1266179084777832
eec5e06e-aeec-4f37-aa27-df92f33bc85d,0.6424906253814697,0.816697895526886
eec953c9-28b4-4180-8f7e-b800d51732a6,0.0,0.0
eecd5d89-2123-4931-bb64-953c40bf75d8,0.5063047409057617,0.0
eeee2e8e-fb2e-458a-b663-c5415b4ba3d5,0.0,0.6664525866508484
eef78593-7570-4a31-bab7-57b16d5e6281,0.0,0.6575631499290466
ef204358-9500-4cf1-aa3b-fd895477109d,0.0,0.0
ef3190f3-f230-4ab7-b819-ea2ffaad65d7,0.0,0.0
ef3f69d0-32bb-4efd-bc38-3d8cb1df6c7b,0.0,0.0
ef4fde46-6987-4a27-94c6-5dad4f72acaa,0.6195622682571411,0.9953890442848206
ef8180c5-bebc-4d21-93bc-73d31d1d485c,0.5635418891906738,0.6412625908851624
ef8191b9-5e24-4905-9c01-2af475b7ab70,0.0,0.0
ef9ea95b-2c8f-4176-b42a-95d7ebdeedac,0.0,0.0
efb806ff-cb07-4045-b6fe-0c6dcb6c841c,0.5180038213729858,0.0
efb97a8f-dad0-44c6-acb3-30181c74dcc7,0.0,0.5574311017990112
efcbf62b-9f11-48c4-923b-3507cf1e522c,0.5454822182655334,0.8426303267478943
efd83f99-4b50-4e78-8c27-4f1da26b195e,0.5352298617362976,0.7619136571884155
efec013b-bbd9-435f-834e-a0700b77c978,0.0,0.7543853521347046
eff30deb-fd2a-467e-a07f-dc97e5aee3a9,0.0,0.0
f0080ea4-31e4-4c82-8440-0e97b8a785c7,0.6814232468605042,0.8499583601951599
f00ada05-83ad-48f3-a743-eedf8d5ae181,0.0,0.0
f0145be8-89c5-46a7-816e-b9fc0e2557b2,0.0,0.5933496952056885
f067cd30-8b93-4319-9fcb-ffff547dcc80,0.0,0.0
f082f9c6-ea31-4b4a-b974-1a34c943fc14,0.0,0.5144948959350586
f08d6132-7a83-47bd-8c94-357f99e82fe3,0.0,0.0
f093b578-0696-4006-86bf-63aeaaeba71e,0.0,0.5791341066360474
f0972a47-1a32-4426-99ab-69a8ffbe9689,0.0,0.0
f0975d34-8fb1-4294-ac93-8c5d410fcee4,0.6210835576057434,0.767890214920044
f09fae48-48ee-4894-a8bd-079b523ca689,0.0,0.5186355113983154
f09ff37b-8e58-4f1f-8d78-59644fa2b5df,0.7228679656982422,1.1318973302841187
f0a99fea-3b96-4e61-9854-c59d6caf2d7f,0.5198569893836975,0.7312465310096741
f0b0b0ac-8867-4e58-94e0-8970205bbb96,0.7056745290756226,0.859092652797699
f0b72b2d-f542-4c7a-870d-77727dcef4e6,0.7261874079704285,1.0267584323883057
f0bfa8ff-e00d-42f1-92b4-bd4e4ed18816,0.0,0.0
f0ce144d-d60a-4bbc-b122-696cdea7296e,0.0,0.5573436617851257
f0da98ae-4ef5-4a30-a408-354e7b4a0aff,0.6176365613937378,0.9298593401908875
f0e26bec-b280-4faa-94e3-fdbb70d95c44,0.0,0.0
f0f5ea13-bb2b-4046-bfd1-57f0d63447c8,0.5104837417602539,0.6619724631309509
f1044ab3-129d-4668-b2a0-d9a7b0bf5c8f,0.0,0.5316296815872192
f114d8fd-0edb-4cbe-9828-92b44412100d,0.0,0.6006099581718445
f12fecfc-aa27-414d-a033-247c10ab9ad1,0.6640691161155701,0.8646852374076843
f131c978-14f2-4434-ad8d-03ce312e2b2c,0.0,0.6038814783096313
f1332aae-ebf2-4be0-ad42-aa88e3019c5d,0.0,0.0
f13a5510-99a6-4d3b-99f9-51c3d492592e,0.6470274329185486,0.7784613370895386
f14fbd0f-f53b-4b03-a152-3616bb0a4dc6,0.0,0.6864210367202759
f1581647-4086-45ad-b946-c36651f20217,0.5230304598808289,0.601965069770813
f167fce5-2ee0-4c94-9457-b2ab2d5d7d77,0.6293764114379883,0.6958734393119812
f1724395-a895-44fb-a4ff-cf903f876571,0.0,0.0
f179f168-a83c-497a-9c20-df1209d9ffad,0.0,0.5046456456184387
f186179d-6b34-4e6f-b21f-b46eaef65028,0.0,0.0
f19606d7-7be5-4f33-99fe-5a4ddf9206c1,0.0,0.0
f1a9b56e-a1af-4184-8ee8-90b74715e413,0.0,0.5447660684585571
f1b7803c-7612-4798-b847-c1a18b39ccbe,0.7995253205299377,1.2703362703323364
f1c6c7ac-138a-4954-aea0-ff59f5e10a75,0.5835044980049133,0.7935759425163269
f1ca5a46-2ef1-41b7-bb48-4b86b802c338,0.5295783877372742,0.6255079507827759
f1d95c26-356f-4b7c-b08a-085c84d37c4f,0.5270344614982605,0.6695995330810547
f212d738-5ffc-4edf-a20a-84f587553873,0.0,0.586603581905365
f21c91b9-7f9d-4550-bff4-7613aacdd7e0,0.5346546769142151,0.6745653748512268
f21d77a0-dd43-49e8-8f99-c71a73acf28f,0.0,0.7614742517471313
f2283821-536d-40bc-8f9a-20ef18c3a597,0.0,0.0
f229c7ce-a179-4bfe-932c-6b95232447b6,0.5504473447799683,0.6856367588043213
f22eeeaf-bb0a-48f4-8ff9-7cce90eaac0c,0.0,0.0
f232412e-7abb-4a67-b327-d7fce05a5e59,0.5637298822402954,0.7612859606742859
f233dbb5-52a6-4ab9-967c-cb01be351908,0.0,0.0
f242ee68-66c0-4e2f-9dd8-c6259428e50e,0.0,0.5397300124168396
f24ff642-cc76-437a-bc3d-736073b41f9d,0.5965883731842041,0.8476244211196899
f2576c32-207d-4652-89e4-2ea0089402df,0.0,0.5724788308143616
f2714089-bc86-44d2-b93a-1d23066e0ab3,0.0,0.0
f279c715-944e-4cf9-914b-a384e35fcaa2,0.5320149064064026,0.8142731189727783
f298c17f-7af7-4408-b805-d872391408d4,0.0,0.0
f2a7925f-518b-433b-af38-54333415263a,0.0,0.5091132521629333
f2b43b19-ceea-4ab1-ba81-8296cf60372d,0.0,0.5850367546081543
f2bf7e5c-c63b-4681-bb14-188b3170e94e,0.0,0.0
f2cd7c81-5183-4334-9c93-66bf4d009884,0.0,0.0
f2ef5d1f-76db-447a-a01b-bb3be4112ee3,0.0,0.0
f304fcf5-091e-45c7-8f11-121f2bf1ee83,0.0,0.8662646412849426
f3128081-8632-4ce2-aceb-f5a9b089b28e,0.627147376537323,1.0060046911239624
f3207f17-d7e0-4248-82a9-9b81f07e729c,0.0,0.0
f320fee0-c0a8-45ea-b1af-0d00c924cf9a,0.658972442150116,0.7941330075263977
f33bf98a-6dd6-4bdf-be8b-2647794c9e19,0.6953846216201782,1.0392156839370728
f33c5998-d693-4255-8bed-113f7c2ecc74,0.5177498459815979,0.5409490466117859
f370baa1-a10c-4b39-8e67-2aca310f21fc,0.6006041765213013,1.182707667350769
f37edd4e-8855-46a9-8890-29f0068f5c16,0.0,0.5690211057662964
f3849b8c-439e-4825-8313-6d39366069fa,0.6287538409233093,0.720233142375946
f399e31e-79f5-4e7d-9ede-eb73c277f2ae,0.501738429069519,0.6612914800643921
f39e158a-1b4c-42a2-930d-14b25b6b23bc,0.0,0.5969623327255249
f3a2656f-51c0-46ad-b9eb-508a099f8f51,0.7445390820503235,1.0177017450332642
f3b59f3d-7628-47aa-a2d7-4afb59ce44a5,0.0,0.5335176587104797
f3cab701-224f-442e-b97f-22254dc98314,0.0,0.0
f3ceef4e-ff2b-49b8-a3fc-607da6721ac4,0.0,0.0
f3d34c92-b617-4920-8482-6b1ff84ecda4,0.7269397377967834,1.0149904489517212
f3eb7942-9126-4006-8cec-a81607605c94,0.0,0.618863582611084
f3f29803-af54-4c41-86a3-3343ff728784,0.0,0.0
f40f0161-faf5-4219-8677-1876afd4bdb6,0.5207340717315674,0.5087490081787109
f4162b79-007d-4f24-b028-d819c47419d6,0.0,0.5156064629554749
f4197781-1f50-4683-85db-4139fe3eb814,0.721071720123291,0.8858763575553894
f41a3de6-6e87-4925-8776-7ef9d606948d,0.6123623847961426,0.6348065733909607
f41e2cbe-252e-4570-94a1-5a90dd29778e,0.0,0.57025545835495
f43449b7-ac09-4824-9cc8-84120a11b598,0.0,0.731058657169342
f43f88b7-568c-4c4a-ac6a-4326b24e2ced,0.7964110970497131,1.3827409744262695
f4415760-a38c-4b60-9834-91d1c935f923,0.0,0.7202147245407104
f453aad1-abca-49f1-86d5-868db3440851,0.0,0.6017032861709595
f4601cde-2ec8-4420-aa7f-dc29807783e0,0.5451571941375732,0.8484436869621277
f4624385-a976-4071-bc97-7ded12be38ae,0.7469954490661621,1.1388349533081055
f46e7749-3d65-454e-a438-f1a01bbeead5,0.5954985618591309,0.8952232003211975
f478740f-fe47-4dc2-89eb-c6a0e5c61c29,0.0,0.5090656280517578
f48d8ae0-fe2d-4acb-a02d-3b42abb592a3,0.0,0.0
f4919c3f-afdb-4aca-bbb5-3c7c9ffa9674,0.0,0.6153450012207031
f4929a9b-a4ca-4f1a-850a-fad31207a2aa,0.0,0.0
f495a8ba-11d3-4175-be5a-977f1293be30,0.5296293497085571,0.6266826391220093
f49deb40-8038-46c1-b370-8fd84f151e27,0.0,0.0
f4aa40ae-0f38-4ff0-a1d2-a4308f9920a3,0.5394277572631836,0.9824577569961548
f4ab5879-9798-4f96-9449-64065b8bc36a,0.0,0.690883994102478
f4afe410-0427-45bf-9cc3-cd52ff02bc9a,0.0,0.5332826375961304
f4cdad40-0105-40cb-8539-1c93fb813177,0.5632989406585693,0.795769214630127
f4d6935a-de99-4e26-ae3c-d878c7fa7cc1,0.0,0.7920954823493958
f4e16031-91d0-44ec-8390-15ba2b4c6a21,0.0,0.5956037640571594
f4e551da-c7f2-4a7b-be6d-2b98b253a603,0.5839003324508667,0.6659931540489197
f4fd1851-c40c-4d3a-bd78-6735843798af,0.5168843269348145,0.5451846718788147
f5018a47-a54a-4dfe-b224-00999cda0c18,0.0,0.0
f50d22b6-556c-455a-917d-56d9f0e98b79,0.595671534538269,0.9712722301483154
f50d3abe-1c88-46e7-8ba7-e1d8ae00b386,0.6288888454437256,1.014583706855774
f5171ca5-da0f-4407-a09a-71290d4bb062,0.5544542670249939,0.6658425331115723
f526b741-a821-4ae7-adea-16007794ead1,0.0,0.5363227128982544
f52bf321-cb02-4784-9ef2-b7242cf00b7f,0.0,0.5568228363990784
f54d8409-16e1-42c8-a7ab-bee57737e6f2,0.0,0.0
f55ae299-9ca1-45c2-9f4b-471f3b59cdbb,0.5107625722885132,0.5585981607437134
f55dc5d9-97e1-4361-ba11-7788cbef0c4e,0.0,0.5185677409172058
f55f05d9-a9f1-4433-b8fe-dfc312cd50e0,0.0,0.0
f562949c-1ff6-46a1-be98-f17d361d79f0,0.6363298892974854,0.9242919683456421
f5736a10-7da5-4c2e-a61a-ea61b3156089,0.0,0.0
f57a263b-5e93-4b99-b9f3-b55266cb73f0,0.6058932542800903,0.7387356758117676
f58006fd-b295-43f6-bcb2-3bfcbe248de4,0.0,0.6860665082931519
f58ab095-a950-4490-b52d-35443a66ad1d,0.0,0.0
f5a15112-5ba6-4951-9e0f-8c030cc17944,0.0,0.0
f5ab4b19-df53-4428-834b-e87a3d798fb1,0.5329582095146179,0.5426376461982727
f5b89bd4-3835-4fc1-8095-5be528081657,0.5593156814575195,0.9466827511787415
f5c0114f-6ada-4007-9841-115393d5f22e,0.8017678260803223,1.0765424966812134
f5d009c3-8342-4cf7-9ddb-7e79f9640d0c,0.0,0.0
f5d0e6f5-0627-4de7-8d56-ee44816d8a71,0.0,0.0
f5d7403d-af52-4e79-b167-bcb5318619de,0.5521999001502991,0.6809276938438416
f5de3559-b34b-441b-8ccd-9f7c30decc0f,0.0,0.0
f5e3200a-43c0-42cb-a72c-eb022460e6d4,0.0,0.5144064426422119
f5e370e3-4a8d-471a-a727-8418c46386d9,0.502371072769165,0.0
f5ff7f69-768c-4056-a015-1e9c8479aed7,0.6421103477478027,0.8094610571861267
f608b666-4927-4ef0-8697-d98a648d05bc,0.0,0.0
f6188bcd-226e-40ba-880e-dff04d13f45e,0.587152361869812,0.8933442831039429
f61f6fe8-d458-4489-ba62-b2b729b42cdd,0.5080633759498596,0.6516074538230896
f6257043-9a37-45c3-b81b-d82459bb068e,0.0,0.6836175918579102
f631e470-e42a-4fec-903a-c12350b9c474,0.0,0.6463462114334106
f6320f54-b3c2-41ab-aaef-6098fcaa88d9,0.0,0.0
f6355bd1-cb9c-4d7b-885a-17d9b942987b,0.0,0.0
f658e911-adf6-4060-912d-5bc3cd041d1f,0.5937435030937195,1.066443920135498
f6608f69-aeca-4ae0-86c8-a1e462001a9a,0.5171819925308228,0.774838387966156
f6682a53-92f6-4599-a298-12fdb1c12468,0.680975079536438,0.7681785225868225
f67fe384-7801-468f-8be0-3afb5938d1fe,0.0,0.5594131350517273
f6ad6005-9d03-4eeb-8548-308db1fb0fce,0.0,0.0
f6b33c42-a1d0-4866-928f-2dc12972cb20,0.0,0.0
f6baa5c4-8cd1-4237-a474-599c44c4da41,0.0,0.7148224115371704
f6c3f2f8-9e8a-40f7-a926-adac575bad49,0.5168187022209167,0.5282749533653259
f6ccc3f2-b5b3-4ea2-b8eb-0ce7e096d412,0.0,0.586929202079773
f6e55819-a8f6-4b32-82f6-3ff991c2e392,0.0,0.6019423007965088
f6e70ca6-cb93-403f-8523-b9e0c9d76ce3,0.0,0.5580055713653564
f6eea24a-8bfa-4adc-acbc-b66a1aac85ba,0.0,0.0
f6f1da2b-63ba-48d9-97a4-66e2fb6075df,0.5039012432098389,0.8748471736907959
f6f27055-9d93-448b-a61d-25f479ea7c21,0.0,0.5317326784133911
f6f32dc4-2805-4d9e-a8a8-68e46315972e,0.5475679636001587,0.6123620867729187
f707b143-1fd1-4b1a-b360-77d96c66b843,0.7057254910469055,1.470375895500183
f71da383-8ac1-43f0-a35f-e9f6720ad16f,0.5013278126716614,0.6838295459747314
f730f0b7-46f5-4062-8e10-31bfc6e784df,0.0,0.0
f748651f-001d-4d5e-9a8d-80a98df8792e,0.0,0.0
f749753d-30b0-4937-84f6-526c85018b6c,0.0,0.5575976967811584
f750d23f-3d67-401a-8ebf-68768851328c,0.0,0.6536111235618591
f77e4232-9906-4294-8ee0-d4220dc095c0,0.0,0.0
f789b69a-ab7a-4756-b931-938cba579e64,0.528104841709137,0.6080441474914551
f79a9395-e00c-4f88-9cbf-9372259d3f71,0.0,0.5630738735198975
f79c42ed-1f28-4c7b-a885-cbc0dd8b212a,0.0,0.6083134412765503
f7a39d0a-2ef6-4d3b-ab11-fde4da626fe6,0.0,0.5231782793998718
f7a5bbee-9a79-4344-8399-f76d7fe7e329,0.0,0.0
f7f90fe4-401e-42fd-b0e3-56aeb1609e45,0.5865429639816284,0.9621148109436035
f8115ee3-6c2d-4e74-85f5-03e852ab557c,0.0,0.0
f81a9c47-edcf-43a0-b985-64d4d98bfcfc,0.0,0.5074374675750732
f82ff00c-5bbf-4261-b48f-9a6ff09d95f8,0.0,0.0
f83190ec-63ab-4ce1-b7fb-d996be7bd480,0.6363067030906677,0.7950801253318787
f848ba61-0a43-4102-9969-e5ac812f950c,0.689600944519043,0.8430046439170837
f84a23ff-8ebd-4f61-8c78-534b8c8a29df,0.0,0.5723187923431396
f84f32de-a3a2-417b-b65b-e44328fdf4d7,0.0,0.7327293157577515
f85b6234-e92e-4786-b839-83a90e25592d,0.0,0.5847107768058777
f85d5f75-c38b-430c-aba5-1223c5d56c3e,0.0,0.6957839727401733
f85e5441-9bd9-4004-8280-289c52ab86ff,0.6955926418304443,1.2914379835128784
f86d7a96-948a-4995-beb1-22a1e7b5ba79,0.5873973369598389,0.7464593052864075
f87264c8-d7b6-4f27-9078-6bcf80d4489d,0.0,0.5137733221054077
f8827540-f25b-41d0-9b94-a05f8a0b794c,0.6235379576683044,0.8834459185600281
f8833110-a6cc-4491-bcce-4dd7e55f3636,0.0,0.6952639222145081
f884e591-2664-4834-9d03-91bf834d57dc,0.0,0.6286669969558716
f8957177-3f46-43e9-93d5-d294d3ec71ab,0.6300715804100037,1.0146185159683228
f8e1cb6b-3a72-4acd-ad72-9834c6964cee,0.5008199214935303,0.7803826928138733
f8fd77aa-e6df-4373-bcac-fa542af51b1a,0.5136184692382812,0.7873207330703735
f901980c-e4a7-4172-b2b6-c0172c0d0dd2,0.0,0.5856291055679321
f912fe52-a2d0-4ab1-a5eb-05fe254086c3,0.0,0.5665809512138367
f91627e9-5b77-4d7e-af62-bac7a6915ab5,0.5081075429916382,0.530828058719635
f919df76-4309-498e-962d-18f692ff4cc6,0.0,0.5553702116012573
f92158ef-3262-4e03-9bf9-e1bf200fad26,0.0,0.7864730358123779
f93c0916-1fdf-446f-b9b4-8f9796ae6c64,0.516059398651123,0.5773575305938721
f95ea72e-cc7d-4a5e-8890-fe6b9a7f3d27,0.0,0.0
f97c5384-dc0e-4232-bfa6-5e652caa867d,0.0,0.0
f98db28a-8833-4d82-8c22-3de5791a62dd,0.6799749732017517,0.9522231221199036
f9b7ebfa-0200-4df6-806a-ac07cf505f84,0.0,0.0
f9bb1931-36dd-4ee3-9d07-ebef97031e35,0.0,0.5517054200172424
f9cfd512-62d1-470c-b035-ffbb9de739f2,0.0,0.0
f9d51ca2-be2d-490c-b61f-6676ba4b6934,0.0,0.0
fa057db8-b5a9-460c-9f7c-517efc944c63,0.0,0.0
fa0be774-20be-40d2-ac30-ebba47b80774,0.6339192986488342,0.9509527683258057
fa0c4f49-da15-4425-9ede-cb2bee368b6e,0.0,0.0
fa325e61-6134-4944-bb51-c5181808774f,0.0,0.0
fa47362f-3771-4caa-bb46-94ec640a0153,0.6152389645576477,0.999535322189331
fa53d27d-9ae2-47c0-9171-fd628b86badc,0.570951521396637,0.9495249390602112
fa5dca2e-4382-4f2d-8663-a4e68eb24b89,0.0,0.0
fa5e996a-a26d-490d-988d-c8a67f724277,0.0,0.7639040350914001
fa5ee15d-efb5-4470-8012-c68a342e1346,0.0,0.0
fa65d8af-9270-4cf6-9fcc-8d7cc6b5e80d,0.0,0.0
fa71723d-4999-48ee-b64e-385fcf186389,0.9250556826591492,1.203521966934204
fa770e0e-f7c2-463a-969e-54b234502aa9,0.0,0.6184097528457642
fa995fcb-fb1c-41d3-9e47-9034987bc4bf,0.0,0.0
faa5b3e1-6504-4f57-bbc6-cafe989aac1f,0.6015727519989014,0.9763910174369812
faa742d1-efe3-4020-9166-efd7050c0d90,0.0,0.0
fabbbe05-7c1d-425c-b31d-1364cea77b92,0.5147245526313782,0.7507761716842651
fafc4a59-b870-4948-9800-7de5d59cbb1a,0.522948682308197,0.721220076084137
fb025981-cf11-4abc-ac8d-6b10df85e4fc,0.5640749931335449,0.5685294270515442
fb0a1cd6-2884-4fd0-88f1-348404226088,0.8637655377388,1.140034556388855
fb0d8205-7052-4c4a-83c2-6ead55933c2e,0.0,0.0
fb1571e6-9ffa-47de-bc1c-34042325069a,0.0,0.0
fb180be1-169c-4865-a7eb-43ac46964984,0.0,0.0
fb2c09c8-5571-48c9-8509-2d51adf4e294,0.0,0.6133005619049072
fb2d6e8d-289e-40fb-9cb0-62710d438fac,0.5559713840484619,0.7027718424797058
fb2dec07-7a17-474d-84b1-5c911bb8f55c,0.6105468273162842,0.8661229610443115
fb3793ab-1475-4a90-a6b0-c3a09064935b,0.0,0.5382388830184937
fb42333e-64bf-4353-ae06-7b09a48937a3,0.6152811646461487,0.7873213291168213
fb4df67c-6571-4eb1-84ec-dca277f94cb9,0.7850351929664612,1.078218698501587
fb5e2ac1-feb1-44c6-880b-2a2f51d12bea,0.0,0.567233145236969
fb694a75-8929-4f49-b1fc-fdd468502e1f,0.7833757400512695,1.1073203086853027
fb6c183b-94d7-426c-8c3c-3d2291ff2300,0.6284604072570801,0.8467599153518677
fb8784d1-2448-43b8-baac-320677228c22,0.6317870616912842,0.650385856628418
fb9aa734-0768-45fc-a5d1-f55b3a537094,0.0,0.0
fbb61a75-3734-42ae-8475-876eb2686276,0.5306644439697266,0.63426673412323
fbf2fe24-8b40-4926-ba0d-06d935ffed4d,0.5141047835350037,0.9975378513336182
fbff303c-76b8-4191-a3ed-2690db1649f8,0.6526981592178345,0.9051841497421265
fc1941a7-5d2c-405f-9f92-33155688311a,0.0,0.0
fc240216-d6f6-4ab8-864e-f3a916e05426,0.0,0.5239816904067993
fc2b0aad-a77f-445e-be18-235496fbc8f5,0.0,0.0
fc535afd-a1b6-4a38-8a1e-ede9714af82f,0.0,0.0
fc55828c-3a6f-4ece-a22c-2a16c85dc83a,0.5596063137054443,0.6223869919776917
fc5c6ac2-1993-4559-933e-77586b2ac48a,0.0,0.0
fc600f48-52c9-4d01-87ce-ab21f5d5c79a,0.0,0.0
fc7abf75-a4ff-429b-97f4-35c9579b5794,0.0,0.0
fc9bf283-6474-4fd2-9c56-f0cf8d2fe825,0.6065972447395325,0.9835436940193176
fca429a7-89bd-4b9a-a6cf-17d102649f3b,0.5046651363372803,0.6642496585845947
fca598d0-1efe-447d-a289-c97ae0feb720,0.0,0.6438412666320801
fcaeeab8-e5e6-4139-9850-cc452b2200da,0.5962987542152405,0.7684003114700317
fcafb6c3-792f-4574-a2fe-eb506d5dd3b3,0.0,0.5360404849052429
fcbd567d-8176-44c2-816d-d6dee6a6c52d,0.0,0.0
fcdc3e7b-30fe-400b-93f5-0138eb6ed355,0.0,0.5847936272621155
fcf0d369-c434-4d82-8b23-cab828270ec3,0.0,0.546980619430542
fd0cc046-0417-4b90-9857-fe6ff737c1be,0.5767149925231934,0.8669847249984741
fd2a37a6-1300-4bc3-be8f-d8aa176cf9c2,0.0,0.0
fd2ae792-c55f-4da6-a5e8-a6b3369db3fe,0.5263354778289795,0.5760967135429382
fd3a71b7-2cc6-40f4-9252-a91578d5aa4c,0.0,0.6051303148269653
fd3da13a-856a-4640-b510-1049240859bd,0.5663443207740784,0.8589376211166382
fd4e5917-8401-4a22-bd50-0936f84a821d,0.6840046048164368,0.79744553565979
fd537d12-c4f7-41d6-948f-cae118afa4a2,0.5316511392593384,0.8287920951843262
fd8601c9-3f4a-4995-b27f-ec97b288399a,0.6873904466629028,0.7850470542907715
fd8799c2-4f5f-45d6-9d1e-5e95fd1ac76c,0.0,0.8768361210823059
fd8b199d-a3cb-4586-b9bb-dcbce748a6bc,0.0,0.5386977195739746
fd8cedab-f855-45e3-a3a3-e3694a74dd9b,0.5723096132278442,0.9787307977676392
fd9f9cc2-eabf-4ab3-8499-a91c9ed3c853,0.8347396850585938,1.0954203605651855
fda187c5-5b4c-4b01-bbd9-06c0211d11eb,0.0,0.0
fdcadc01-b64b-471c-83b0-21ed9d5b2bb4,0.0,0.0
fdcb2184-4872-4313-8d5a-2ae833fe4470,0.0,0.0
fdeecb2a-79c6-43e7-9ff6-886afdf127f9,0.0,0.0
fe090752-daf4-472d-ade8-a5ffff02a9b5,0.7673537135124207,1.0678198337554932
fe13ea30-50fb-4dc6-92d4-b3b3eb9c47a0,0.6545626521110535,0.7684034109115601
fe16bb9a-90c8-467d-8bf5-a1889fc2d644,0.0,0.5610381960868835
fe3442bf-b89d-42cf-ae82-64454206551d,0.0,0.0
fe46ff16-2a79-4bbe-9b9b-2b2ff4129775,0.0,0.0
fe4f8191-fd12-496a-a555-fc9fb8647906,0.0,0.0
fe5df243-475d-48ca-beee-0044d116d021,0.5023547410964966,0.7152915596961975
fe65856a-9b1c-4698-9f23-2ab50ff3d4eb,0.8066228032112122,1.0915440320968628
fe6876f1-80a4-45fd-8f4d-243f2ec5545b,0.5887486934661865,0.8969289660453796
fe72ca4d-b0c0-4292-8920-fae236b94c93,0.5733150243759155,0.822917103767395
fe766019-4dbb-414d-84b7-c98d43c1d8ed,0.5439663529396057,0.6586233377456665
fe7692d0-bee4-4404-9b82-230591375ca2,0.624096691608429,0.6697054505348206
fe786850-bba1-489b-8f5f-89b0675bf899,0.0,0.0
fe787bb4-e055-4ac2-bed8-c71f38cfa940,0.0,0.60723876953125
fe79f2f5-fa2c-4af1-bb87-f0ca0cc9e746,0.6308591961860657,1.0126101970672607
fe7cc601-1f91-4b39-8b92-f0c7e423b049,0.0,0.5319762825965881
fe96bb82-8fe9-405b-aa6b-94089fd24710,0.6058762073516846,0.983351469039917
fe9c723d-a714-46c5-9649-6fbf1119f037,0.0,0.0
fe9dc317-07be-4ec6-b137-fa3ec1080c30,0.873927652835846,1.2201223373413086
feba6f05-5e54-4209-ac19-89d9ec95cdd7,0.0,0.5851421356201172
fec3a8b8-aaad-4f55-bf64-9835b98830b5,0.0,0.5326592326164246
fed444f1-b16b-47f5-84a6-bc975b0ebe24,0.0,0.0
fedc5e32-d3cb-4e4f-b0b5-50e949ef3f18,0.0,0.0
feecdc0a-883f-410c-86b9-bb8f90347dca,0.0,0.540155827999115
fef6616d-0ad7-4338-9cd2-6520852f72ba,0.0,0.752232015132904
ff003bfb-ddba-4613-8af2-30e7ec6c1314,0.6003249883651733,0.9747335314750671
ff153566-1dde-41e1-a81b-3d2da6effc28,0.0,0.0
ff1d4ca9-fba1-4173-88ee-349616ff4461,0.0,0.6799205541610718
ff4d1506-54fe-433a-b469-f03606e5c3b7,0.6425312757492065,1.5488903522491455
ff4d691d-41ce-4915-bdd2-073f5780b348,0.6774949431419373,0.9703220129013062
ff8297af-c667-49d7-b342-ea39f5a6e35a,0.0,0.5342780351638794
ff891a83-d9d5-42e3-8683-89c73b46e64c,0.0,0.659086287021637
ff95eb2c-f0a5-435b-a450-c6703efac9e8,0.595177412033081,0.9024554491043091
ffa1148b-b372-4fd3-a5a4-52b37d7a143d,0.6270003914833069,1.0046539306640625
ffac3cf8-a5fc-49f1-a152-867d4612bf45,0.50319504737854,0.6140764951705933
ffb695e1-0cd3-4706-ade7-8d8ca05036d6,0.0,0.0
ffb927ca-292e-439c-90f4-4a4c116ab01b,0.6768958568572998,0.8759401440620422
ffbecb71-8bc4-44fe-80b6-7e46d5a62813,0.0,0.6239855885505676
ffeef29b-979e-4c1b-9ca6-a7ce0944af09,0.0,0.0
00146204-d4e9-4cd8-8f86-d1ef133c5b6d,0.0,0.0
00656c12-2000-4cb7-97b0-6d51bafb5db2,0.0,0.0
0075950a-3452-49a7-a1d7-7fb71b984696,0.0,0.0
00802ec7-1ff4-4432-8cad-8a2db176f2bd,0.0,0.0
0095d99e-2c21-40ff-bb09-467a12da25d2,0.0,0.0
00b78996-1639-40d2-a943-2126ec4ef2e1,0.0,0.0
00c20f4b-3dba-47cd-8210-73bfc64a5591,0.0,0.0
00c6952d-223f-4661-a325-a98912335d81,0.0,0.0
010f8360-a018-4620-9de2-33a7893129af,0.0,0.0
011091ab-0823-4e6c-ad70-a9f3e8ec5118,0.0,0.0
012fbbca-6dc5-4c37-b266-ac2782ca4975,0.0,0.0
014ce464-ac95-43ad-a614-5f017f8656ed,0.5978380441665649,0.0
015e2c22-7766-4d19-bde1-33f6a22824ba,0.0,0.0
0161a423-ba7f-405d-b129-273fadc00911,0.0,0.0
016d3736-a9d0-474c-b62a-3e90ec42eefb,0.0,0.0
016fc79d-5ee9-46b7-a84a-6e869cf4960b,0.0,0.0
017a7810-a518-41bd-b012-7464fad522b5,1.1197105646133425,1.4613898992538452
017aee88-2a1d-4355-b20a-9d5431d5879f,0.0,0.0
01867838-b8c1-45b2-bf01-a262d18c95ec,0.0,0.0
0194c7f2-1f87-449c-9c77-2f1ce6009e18,0.0,0.0
01b1a490-2442-48ac-ab23-4563464468af,1.4320887327194214,1.5978755950927734
01b81868-133a-4b56-b386-ec0e4fcc57d0,0.0,0.0
01be2cc7-ef77-4e4d-80ed-c4f8139162c3,0.0,0.0
021e5ca1-3702-4379-81b0-60ded7294421,0.0,0.0
022e5945-f13d-4270-b147-a4d33a3d4a5f,0.5036221146583557,0.0
023c3c0e-9709-42bf-a778-12c929f206cc,0.0,0.0
026b1ec0-027a-47a9-b37e-cd982b695240,0.0,0.0
0289f22c-aab5-49dd-a8dd-9cfbe9f56d51,0.0,0.0
02924296-383d-46bc-adc5-6531f741ea7c,0.0,0.0
02d70e51-07db-43c3-88b4-1550cbc7855e,0.0,0.0
02fa9f4d-a454-4e73-8aea-4d19c4ee3e37,0.0,0.0
03855439-0816-4ffc-9100-aa34b74bc43b,0.0,0.0
038d1ec6-5823-4f03-8fa4-298fe7c99a9a,0.0,0.0
03d3272d-5dad-49fa-9e21-c4e4366df738,0.0,0.0
03d9ecaf-7a9b-42c5-abb1-ac45b0a4af59,0.0,0.0
040ee994-56f7-4b90-87a1-c2a3dd6226f2,0.9442647695541382,1.0707550048828125
041ef6ab-74bd-4864-a3bd-5965c74c7b34,0.0,0.0
0439683e-4a48-4732-8c41-9d3b3debca2b,0.0,0.0
0443d786-9adc-4aa8-bb4d-2ffeb5b4a1d1,0.0,0.0
04768fa3-aa7d-47a0-be14-ba21b8b0c263,0.0,0.0
04a3de95-cc50-49e5-86cf-c3445f2c4282,0.0,0.0
04a5ab2d-5a18-4dfb-a7a6-e605f0c64692,0.0,0.0
04b7603c-26c6-4004-a8bc-58b2b60e810e,0.0,0.0
04f40c2a-fd9b-46e5-8d7c-57e442234874,0.0,0.0
04fdface-1e2f-4c31-80e6-1e6483d29b9b,0.6585339307785034,0.6869263648986816
0549628e-54d3-4086-b52a-1df268d87c17,0.0,0.0
054be902-2bc2-47b6-a641-29fbe99c16a5,0.0,0.0
055e5328-187a-498e-8893-00cb04821723,0.0,0.0
055f3f9b-97e7-4408-92d7-acce9a0e291d,0.0,0.0
056b49a3-990d-47d2-9c5e-f3297595e6a8,0.5030102729797363,0.0
056bbed9-0c27-48ad-9072-b532d97322cd,0.0,0.0
056d591f-d96d-4700-967f-434d0ed4cbac,0.0,0.0
05ad4119-e0ab-43f7-9e96-de57026d72ab,0.0,0.0
05adc967-9d21-4548-83e9-3df4f7d05cfd,0.0,0.0
05c13909-f845-49bb-860c-b03523352a77,0.0,0.0
05c494ed-870f-4863-8c08-5398072da1a7,0.0,0.0
05c4a84b-90e5-4e19-9c62-decf47b839f5,0.9174431562423706,1.0449074506759644
05d12363-2fb2-4a2a-8a57-50edc23eba43,0.5878002047538757,0.0
05d7ea55-ac46-481e-a28a-f73d008fd061,0.0,0.0
05ebb455-0967-499f-b373-096ccce8229d,0.9468573331832886,0.791956901550293
0611c8a2-b994-49a8-8aa8-84a715b9d1ed,0.6554409861564636,0.8392070531845093
06189554-eab3-4f15-8f8b-565390d2adda,0.8126634955406189,0.8795052766799927
0655a095-1836-469a-b036-dd839492b67f,1.0965651273727417,1.193200945854187
0673b6ef-454f-4b2a-a754-fbb63df39e3c,0.0,0.0
06779cc2-f802-4e38-99d1-bffe3b189196,0.0,0.0
069519cd-3f7c-4c90-8850-8d35439974b7,0.0,0.0
069aa241-f19e-487f-8396-4412582c0800,0.0,0.0
070a34e5-382b-4974-b73d-3281afcbe41b,0.6245483756065369,0.7240597009658813
073f5e65-cc6e-4ee6-aca0-3bb465292275,0.7181631922721863,0.829807460308075
076d951e-f676-462b-bea9-7a5912a0b687,0.0,0.0
0774dcd6-99a3-4491-8207-c25d6772158c,0.0,0.0
077c0672-1ae1-4edf-814f-e0b6d168116e,0.5147163271903992,0.0
0786dedb-379d-4a2d-9957-56c8ed3ee9a2,0.501691460609436,0.0
0787d099-8c6f-4be5-b4b0-2062c3134007,1.0477588176727295,1.3361167907714844
0788e9e7-8702-40f3-b135-e59c856611b2,1.3844554424285889,1.503537893295288
0798f2fe-f83c-40bd-8f6e-86fe7f71a124,0.0,0.0
07999831-b2c6-4b3a-83e6-4d974a78a8ed,0.9277746081352234,0.8476013541221619
079c1682-17ee-4335-a456-496a29b698fb,0.0,0.0
07a5603f-18fd-4ab6-b485-ac9b32df6619,0.0,0.0
07c3a503-1709-41cf-adfd-7e0ed0ad87f8,1.0006122589111328,1.1157280206680298
07e6a197-04df-4025-8800-6ec7c27957fb,0.7708225250244141,0.8071767687797546
07fe2188-56b3-45b8-8429-00c8587aae2b,0.5003758668899536,0.0
081a478f-21ef-4561-87f1-4530b0a21c86,0.0,0.0
081df173-b890-47e2-9ccd-1aed9a428f3e,0.0,0.0
083f9eed-9f6e-4feb-8f76-555a02d38296,0.0,0.0
08473df4-b345-409d-90ff-09bb319f9a73,0.7709906697273254,0.0
084e60b2-5a74-49ba-beaf-0cf7bb5b9d07,0.0,0.0
0856e80a-910b-40cd-b044-1c3eb6fd8bee,0.0,0.0
0889e4cf-0435-416b-999e-24e465e4885e,0.0,0.0
08938e3d-abe2-41b2-9546-f56a4f0b64f8,0.0,0.0
08b6a57b-c8e5-4455-a890-11f386e5c664,0.0,0.0
08ce26f8-8e0a-4eee-b5f8-8f294cef795a,0.0,0.0
08d12e8b-797c-484b-9ba8-4ed86c09beaa,0.0,0.0
09146419-d10b-4554-b16a-86a40cbc9703,0.5607414245605469,0.0
093b489a-ff9b-4ac4-82d9-194e15b7911e,0.0,0.0
093dd684-00ac-4795-8ec8-73ad84a46aa5,0.0,0.0
0960af5e-baa8-4e91-a71b-c7aa6a5b17cf,0.0,0.0
09703185-8e97-4c42-b06f-766a2bc0cac6,0.0,0.0
09ad2e08-b19b-4f89-9263-6616ca4b0f8f,0.0,0.0
09dce528-e031-4bdd-87d2-30d2bceb406e,0.7528906464576721,0.5977832674980164
09eab4a5-f1d7-40ca-9454-09c52870cfc7,0.0,0.0
09f7927a-d112-4649-9f6f-7b8ca437a680,0.0,0.0
09fd1b30-96eb-4750-b79e-0fb8fad91ae4,1.226330280303955,1.2957367897033691
0a08421f-9934-4e81-99e1-01db806aa54e,0.0,0.0
0a54de9c-d804-4681-9f7f-9f770a0f6d2e,0.0,0.0
0a5fb32f-7f8b-4085-aee4-866e9215be27,0.0,0.0
0aab26ad-bbc5-4ecd-a155-b81ddc068df2,0.0,0.0
0ab2da2a-b31a-4b74-bca6-f6de9fb23e8c,0.0,0.0
0b164252-e501-4a9e-84ea-30f86fa66eec,0.0,0.0
0b26dc64-00e5-4bd6-89bc-064a4dadaad7,0.0,0.0
0b395470-0ae0-4b68-8c01-e84739d91527,0.0,0.0
0b590db6-0060-428c-8aad-f42c7b4fbc89,0.0,0.0
0b5b6ad9-84f3-4eab-a305-6a0230814e2a,0.0,0.0
0b61f9a0-1030-4fe5-aee8-b8f9d2d38c4f,0.0,0.0
0bca6191-a394-4fe1-8eb9-f78a7f924d35,0.0,0.0
0bd950b1-cc77-49a5-b52e-5911cc794553,0.6986556649208069,0.7502831816673279
0bdc01b3-370c-4d72-a2f4-3163e39d46a4,0.0,0.0
0beaf247-60cb-484d-bef9-eb9a58a3bee8,0.0,0.0
0c42cd29-c9ab-4a00-8961-9079565fe1d3,0.5832030773162842,0.588707447052002
0c5c10d3-e294-454d-acc3-7675fed7621b,0.0,0.0
0c61ddcf-4c8a-42bd-8164-db0e5314b543,0.0,0.0
0c6d16c2-9e49-413f-be10-0eeb83d50bb1,0.0,0.0
0c828de6-96e3-4a31-a0e6-2ea651b36003,0.0,0.0
0c960dea-8460-46ae-b3e0-601d66b3f289,0.6475535035133362,0.0
0c9a4043-4cdc-47fb-a56d-cfb9f20b6b8b,0.0,0.0
0caeb3e8-19ac-4a3a-a441-9ad2f6914210,0.0,0.0
0cb0685c-3331-47b9-a011-e72958932a82,0.8049957156181335,0.6881430149078369
0cf70829-f713-4689-adfb-144a588a5ecb,1.036010503768921,0.8836778402328491
0cfc8dd1-b90b-4c1f-814b-586fc21edf93,0.0,0.0
0cfe75cc-9ca8-46d5-b1c4-f0bf0c087c4b,0.0,0.0
0d078805-b841-456a-9bac-2b3305331924,0.5156481862068176,0.0
0d0b9ccc-952f-4260-96c6-7a82df0966b5,0.9689494371414183,1.029483675956726
0d188271-5920-4646-9ace-09caa3f057ab,0.0,0.0
0d196645-1338-4f37-8a73-ef380da316bd,0.0,0.0
0d4fe37e-0f63-47ae-af06-c75629a731bf,0.0,0.0
0d612704-69c1-4419-bca7-58d949b3210e,1.2787796258926392,1.5292258262634277
0d861a89-ea20-4be3-9771-2ef62636099b,0.0,0.0
0dc0da48-b41f-4fcd-96c8-15225f8ea712,0.5795642733573914,0.0
0dd27b60-b4f9-4047-8c51-48e1562076c2,0.5950666069984436,0.0
0dd4afdb-c9cb-426d-a31c-d05c756d2448,0.0,0.0
0e05e4a5-1161-466b-9e00-8bf8691021a3,0.5407335758209229,0.0
0e33fe8c-ad56-421e-97e5-de30a8a479bf,0.983187198638916,0.6863712668418884
0e4ede84-2db9-4026-8c08-995e5ccaca29,0.0,0.0
0ed8c5af-5f36-4392-918e-cf10c73f6a9f,0.0,0.0
0f1e77df-4441-473a-a955-1f44451460ad,0.0,0.0
0f24fe15-73a7-486a-8957-9d74cc61abab,0.0,0.0
0f508ee5-324b-443c-b719-37ae53dd2607,0.0,0.0
0f5939ee-5c6e-46e9-9e03-0d6afd9c6b9f,0.0,0.0
0f813413-56ce-4ce4-b573-d026ca830e26,0.0,0.0
0f950c21-4063-4d17-87db-1be565d165ef,0.0,0.0
0fb0dc7d-42c2-492b-97b8-f2902ae60458,0.0,0.0
0fb668ed-40e6-4ce7-ade4-074c23652c28,0.0,0.0
101bb47e-fce6-4427-a6bf-34887c32d8c6,0.0,0.0
1047c798-967b-424b-9381-cdc5e0b2ca7b,0.5031412839889526,0.0
10584fb6-7dcd-40df-a1c5-bc1969e4afb7,0.0,0.0
106130b5-2f95-4447-8eee-28012e91eaed,0.0,0.0
109105f6-14b5-415c-b9c8-aea94390af0a,0.0,0.0
10bfe247-d788-454f-8711-8c3065a8fcba,0.5851420760154724,0.6849581003189087
10cbd99d-220f-49a3-a7f5-96c943b20272,0.7335233688354492,0.7372559905052185
10fe52a9-7c64-4b94-938e-db8116d23f22,0.0,0.0
1103e14c-126c-4e6e-9076-8f68fefecff6,0.0,0.0
111b270b-3a13-4ae7-b18e-f91a1a7fd1b8,0.0,0.0
111d3c27-0a03-4d4c-9d9e-f92b32da90dd,0.0,0.0
1129ac58-11c5-4db0-83eb-d65e326369c5,0.0,0.0
1138ef64-5cf2-4a6c-82d0-0cd06a386f05,0.0,0.0
1197d732-735d-490c-ba73-23bd8bdc80ce,0.0,0.0
11985b2f-4093-4636-9851-f89d9d58148b,0.0,0.0
1198656c-d231-4568-a5fd-b42f61bcbae9,0.0,0.0
11e7b820-892a-493f-9697-ee175e8e8601,0.0,0.0
1248b3e4-9fb7-4d86-ade2-fe213210a246,1.1668199300765991,1.23512601852417
12499266-cfdb-4810-9f8f-eec2cd81feae,0.0,0.0
124ce80c-cf88-4825-ba6d-7d0119c1f05a,0.0,0.0
1299f131-69d5-49b4-bac8-b6803adda4d7,0.0,0.0
129b890f-bb26-467e-8766-45213df18c3a,0.6373851299285889,0.0
12a04728-db95-42b6-aad0-bcb16d7b9c35,0.0,0.0
12b98326-de22-4107-b357-365d36201fe7,0.0,0.0
12c7303f-778b-4541-95e6-2c5d242a46ae,1.0713199377059937,1.2483477592468262
12c7593b-9c65-40ab-a833-c24b7e283d71,0.0,0.0
12e5a42e-f6bd-4d63-93d0-cb0f6410411b,0.0,0.0
1336b3b1-dcd0-4139-99a9-51184aa534de,0.0,0.0
133e25be-098b-4d29-9749-8d64138155db,1.366275429725647,1.5818278789520264
139e6e56-159b-4e5e-aab4-4f530aabab63,0.7007925510406494,0.7215451002120972
13a3d17d-68e4-4803-8f04-ffe1c2cf743d,1.00408935546875,1.1158171892166138
13a7d3c1-1f51-4007-8a7f-095eb54d3b8b,0.0,0.0
13beb855-f0cd-439e-92a0-cbdf5f24e62d,0.0,0.0
13ef7bfb-5fcc-4790-b2e9-26ccb8501301,0.0,0.0
13f07871-ae30-46ae-bfa9-5936d1664769,0.0,0.0
147c9216-7e0c-4e1c-aadb-b518752fcfd5,0.0,0.0
1499d952-085a-4530-b7a7-58702f2706b4,0.8144866824150085,0.6238738298416138
149d7211-5466-4635-beaf-220251410870,0.5325394868850708,0.637729823589325
14ab53a2-11eb-4b7c-96e3-6bee9958dab3,0.0,0.5014275908470154
14afb584-9fcc-42b5-b7fb-d7f428a22dbd,0.0,0.0
14b762ca-637b-4883-bee3-dc26f9d23fee,0.0,0.0
14f160b1-0fe2-441c-bac8-e2fc826d0301,0.0,0.0
14f4550c-076e-423b-8a19-2a14104d272e,0.0,0.0
14f5906a-fae2-4873-b1cf-29baacace58c,0.0,0.0
14f96459-333c-4623-addb-04c41ce07b7f,1.5201927423477173,1.809586763381958
15176c79-1def-4b7b-b638-aae100640b21,0.0,0.0
1526eff9-bd1a-4c78-abed-f4dff1721ff4,0.0,0.0
15324062-7d8b-4e3a-8271-8dfd0b13bed7,0.9203493595123292,0.9732924699783325
153bb294-0aba-455d-9943-d5a94faa6717,0.0,0.0
1540e98a-ac6f-4858-bb20-24be795c43db,0.0,0.0
154dba22-9554-483a-bb0f-76d7b32307f0,0.0,0.0
1558de04-c191-4b91-ab96-72d708513748,0.0,0.0
155c6129-7249-48c2-8325-dc5570305d10,0.0,0.0
155ef409-a486-44c5-b027-448ea3fa70c0,0.0,0.0
156799db-5285-4a04-9ee3-fde0b43ddb89,0.0,0.0
156848a5-f177-4116-a8f6-3fcc327426ea,0.0,0.0
157196fd-f841-4803-9e74-a20a7cc68224,0.0,0.0
1585fc8e-d63a-4ac9-9909-e1b21a2b2628,1.3951914310455322,1.338539481163025
15866668-ac54-45a9-80e7-01985fa2eea3,0.0,0.0
15b22a90-bf49-4888-a2fc-8ba1f7754fed,0.0,0.0
15d31f8a-f03f-4ea8-9e72-cc76027e9f6d,0.0,0.0
15e6c4ad-5b64-4b68-a414-c22b3cf2a4c9,0.0,0.0
15f0a899-535e-421a-89a6-bb7e0436d06e,0.5050514936447144,0.0
15f5b189-b0c0-4a25-b8dc-8ea34ae7c923,0.0,0.0
1635dd04-fc67-40bf-9c0a-bef78924e294,0.0,0.0
1637237b-451f-4a24-ae1b-a5331ff72c28,0.0,0.0
163756eb-cd77-4e52-8835-9d52fbba81b1,0.0,0.0
16460ab0-a4e2-4204-b1ab-49a2a60d1112,0.0,0.0
16581344-7100-48c6-958c-d4d291027d25,0.0,0.0
165fdfdd-2a02-4074-a21b-42e4b189c2e8,0.0,0.0
168cda07-59b9-4f42-8ba9-aa439e2ed0ce,0.0,0.0
16943d98-f678-4e95-9a92-3abf8adfaf39,0.0,0.0
16969ff0-4f1f-42c8-b172-6101de59999a,0.5521469116210938,0.5065101385116577
16ac5003-d434-449d-9e30-d64a94d00c7d,1.0912907123565674,1.2120335102081299
16cf67e9-89d9-4833-8b92-dc6d1c794181,0.0,0.0
16d875b5-f979-4a2d-9ef3-721a1a4a505b,0.0,0.0
172bcf21-f7a5-423d-9878-2e3763b3e44c,0.0,0.0
1731444d-f122-499b-9df0-f8a4c3220447,1.2850699424743652,1.3083417415618896
174e3100-c30e-46a4-ac7c-30cd521fc390,1.9191094636917116,2.3123512268066406
17903300-c15e-4cff-9087-1691de20cfd4,1.2659289836883545,1.3250389099121094
17a9b204-9a22-428b-944c-f9d8f0b9fa3a,0.0,0.0
17bf0677-f8e8-40b8-8b79-ff78c4e93d88,0.0,0.0
17c0748e-6390-4d19-bae8-8b659ac49318,1.559755563735962,1.7462759017944336
17c27031-eeb9-495f-9550-be9f4001ba64,0.500058114528656,0.0
17e51ed9-dbec-4e6d-8547-3c1d916c7dd9,0.0,0.0
17eb9abf-19b0-4306-85aa-c9239f2eb1ef,0.5781669616699219,0.7663187384605408
17f29858-3e04-49e0-b37e-5d0ae25b763b,0.0,0.0
181f47db-dc4f-47f7-9f2d-ea92a5ad2da4,0.0,0.0
1831635a-7841-4672-a07d-0eb7a52b5b2b,0.0,0.0
18364e15-3101-4b81-b2b5-cebc6433f638,0.6862620711326599,0.0
184750bc-a751-47ba-a82d-cb76560c3e62,0.0,0.0
186876b6-7d4f-4679-9e95-21267bb1aa67,0.0,0.0
18a8c3ab-f5f6-4c76-a421-910f0732c7e1,0.0,0.0
18a9d754-7493-46cf-9073-c0ce6015a782,1.3367857933044434,1.3267581462860107
18ab85f4-96b7-4c20-a4ae-56f71b791ea4,0.0,0.0
18bcf1b2-6c37-4d1b-9414-daed1c652fe0,0.0,0.0
18de3294-5cc9-49ee-b66a-0258bbbb5abc,0.0,0.0
18e82c9c-4846-4ad0-9826-c431ae53b24d,0.0,0.0
18f97415-fa2e-4be2-af8a-3b86a25c3bc5,0.0,0.0
18fc34ae-1adb-45e6-9d84-c013e75fbced,0.0,0.0
192a424b-7d40-42cd-862f-e53137b2428f,0.8672803640365601,0.6125571131706238
192fc424-0bbb-4dab-ac28-4afffab312ea,1.0965479612350464,0.8024532794952393
19490fc3-3034-4850-8645-036b8bf4fc45,0.0,0.0
19a2b4c4-d499-4134-ad22-009dfc53e9d7,0.0,0.0
19a432c8-1dee-4868-b319-29359a06e4a3,0.0,0.0
19d72f17-007e-475f-86e1-178ef4133b6b,0.5743400454521179,0.0
19e8bf0b-c837-4e32-b7d4-a4138bed6101,0.0,0.0
19fab765-eff9-4c5a-b4af-5ce29a6f937c,0.0,0.0
1a0a6345-5098-4167-a6fe-78c74a50d3bd,0.0,0.0
1a5b124d-1511-492e-835f-961085c0bd5c,0.0,0.0
1a6f345f-a945-4fff-b24b-4f12a75f1797,0.0,0.0
1a86640f-c031-48fe-8acf-41a8bdf848fc,0.0,0.0
1a8bf117-967c-449d-81bf-6c090305aae7,0.0,0.0
1ad12f43-d3e6-47fa-9b04-b046c8ac7f9d,0.0,0.0
1adfca5c-7444-4379-8b7c-c72e893ea4b2,0.0,0.0
1ae31ef2-11e6-4265-b197-288de85754e3,0.0,0.0
1ae6f31c-5140-41a5-9af1-86d6b66ec575,0.0,0.0
1b3a78a9-4461-4b8a-a90a-c6711a9ed410,0.0,0.0
1b4e1c6d-3b34-41be-a84f-19fdd62f8dd6,0.5920674800872803,0.5324693322181702
1b567bff-4053-45c4-ad18-06f3951a3c5e,0.0,0.0
1b650aff-f0b6-48ab-b955-19c36d930370,0.0,0.0
1b6e1be8-bb18-4317-97d5-ccd988342523,0.0,0.0
1b8cccde-1935-4662-812b-e61f232ed214,0.0,0.0
1ba5a080-9f5a-4489-92af-5b44b7d9926b,0.0,0.0
1bb37af8-4506-46a5-99d7-961b4afe952e,1.3272013664245603,1.483536958694458
1bbc14ec-e6b5-408b-ae02-347e3d634ff5,0.0,0.0
1be5a9d7-077c-4ce8-8593-def909a7c708,0.0,0.0
1bfb8a3f-47ff-45d2-8e92-93458104ae3b,0.0,0.0
1bfbeda2-c814-4761-94d9-66e76caba2ad,0.0,0.0
1c101377-e856-45fc-b657-6e21b9cde64d,0.0,0.0
1c115325-e541-491d-b3d9-48efa2e3e8c9,0.0,0.0
1c187c6f-38c5-4a3a-a509-4e0c8991c340,0.0,0.0
1c1fe2f1-1651-4e70-90f5-d3df5925b74d,0.0,0.0
1c5868a2-2bbe-4cd7-8492-52185ec247bd,0.9323545694351196,0.8091580271720886
1c60710e-bbd2-49a4-b8f2-3b9586a23047,0.0,0.0
1c6835f6-7a55-41db-b187-b92c94142ba6,0.0,0.0
1c7bbd1a-d9df-4ca5-b40e-1e9016c97f48,0.8006146550178528,0.9041721224784851
1c841add-95f7-435d-be39-c89f2f2db618,0.5138759613037109,0.0
1c8a06ff-790e-486d-9e41-287924b0c5c7,0.0,0.0
1c9374ea-3400-4fe5-92cf-1dfeb5c80ca5,0.0,0.0
1ca8a24f-277d-4625-a21b-2b868bec267f,0.0,0.0
1ca9e024-6412-4c91-9cfb-3ad012e90bb2,0.0,0.0
1cea73b2-f7c7-4cdd-a835-eb0c0fc58ebd,0.0,0.0
1d165d50-630e-4cd7-a2e4-dbf1d5af0097,0.0,0.0
1d1b7530-2aee-400f-87aa-cae6ed184f75,0.0,0.0
1d2ed578-19b3-4fcd-9577-f1f5175bb679,0.8340696692466736,0.7594282031059265
1d3230df-d4e1-45d3-99f7-3964e41494e2,0.0,0.0
1d32fb98-ca1f-4f78-ba94-74f6cecc70b9,0.0,0.0
1d3998ea-1614-4105-baa0-937b472e2431,0.0,0.0
1d424ba1-cf0b-4d62-99ad-2e8e23c8a463,1.0175220966339111,1.0711573362350464
1d5b1f0d-1d8d-427c-bc1e-225894a46acb,0.0,0.0
1d6d3816-b0f8-45c1-85c2-ca768573f99f,0.0,0.0
1d6dd1f8-4889-4de7-b098-ae0fe5267770,0.0,0.0
1da05f1b-ae71-44ba-ace9-03847129dfe0,0.0,0.0
1dabec38-496b-4d5b-8eb0-787f1d1a0c38,0.8369358777999878,0.8577990531921387
1de22a06-4d77-4472-bf06-8807710aabb4,0.0,0.0
1dfdaa1c-0093-4793-b661-d0b6abad547f,0.0,0.0
1e164b5e-343d-4ecb-a73d-2834592eca03,0.0,0.0
1e176199-4be6-4912-918f-4b5e83706c18,0.0,0.0
1e34d208-aef8-44c0-924a-05f74b73ac34,0.0,0.0
1e402551-cc69-41ef-802e-004fd11898e6,0.9499630928039552,1.2112112045288086
1e457935-8b78-4c43-a883-9f4810f0be76,0.0,0.0
1e4978cb-259e-4ecb-a430-64948954890d,0.0,0.0
1e67f144-6d70-4660-acbb-b0c9ee83e1d8,0.0,0.0
1e699dcc-d5c0-435d-abd4-8cfb53ad05a2,0.0,0.0
1e6f2c97-e213-431a-83a8-fc653890c52a,0.0,0.0
1e70cd26-db47-48f7-b688-11077f456c28,0.0,0.0
1e91600b-f311-42ab-8612-714a158ef01a,0.743596076965332,0.7641655802726746
1eaed19d-e544-4ad8-942d-01b7754352ed,0.0,0.0
1eb24d5a-fae8-4ee8-a357-1a77f492c330,0.5026623606681824,0.0
1ec1fb1c-669b-4b5d-919d-7e66c24446f4,0.0,0.0
1ed806c4-85ac-44d2-a261-c5bdd3121770,0.0,0.0
1ee1df52-e5af-4615-ae4d-5816fef08307,0.0,0.0
1ee27107-1052-40aa-b433-cf26d8cf3d0b,0.0,0.0
1ef17614-04a0-45d2-bd35-61282c7c5e7d,0.0,0.0
1efb224f-42d9-4302-b48d-114aa212e22e,1.7584376335144043,2.104977607727051
1f089f03-16a7-4f15-a497-e0ca465c624f,0.0,0.0
1f0ea29f-131b-4635-86ed-8d762e22647b,0.0,0.0
1f752578-458e-4815-bbf5-6fc3fd248ddd,1.2659837007522583,1.3048582077026367
1f89c1d6-f7f2-48ce-91d3-8d6365186f74,0.0,0.0
1fa84533-69f0-4b03-a8f8-2bd98d9c5883,0.0,0.0
1fa9ea46-0745-43cd-8ee3-87ef53e62da4,0.0,0.0
1fb14890-345d-4ccd-a611-8a97e8a2e7d5,0.0,0.0
1fb9a1e9-ed4c-43ef-b37f-2ab1ae4daab2,0.0,0.0
1fc533d4-fbe9-45fc-8175-1fc84614bd4b,0.0,0.0
1fd16635-2af4-4a9a-b96f-a50d1e783d01,0.0,0.0
1fde6af6-4e01-4ebb-a49f-98fd78b0a293,0.0,0.0
1fdfcb9c-0472-4f67-90a6-5bf718c4d585,0.0,0.0
1fe63faa-38ba-4741-8a07-5b49b25cd1fb,0.0,0.0
1fffb45c-4be3-47ad-98ab-5ee6d75e35a4,0.0,0.0
20461c69-c16a-477a-9a11-ffb4a3262c52,0.0,0.0
2050f4e0-20b4-4f6a-bdea-b4cc36f1a586,0.0,0.0
205b1281-204d-4bd3-a155-d0edb62d4307,0.0,0.0
20a7cb8d-8717-4413-bc9e-962ba4bf7c46,0.8236066699028015,0.9203290939331055
20b9e470-e534-40b7-9bbd-34600e986b3c,1.566349744796753,1.8134745359420776
20b9ee36-4560-4a01-9a1e-5fb1a338e989,0.0,0.0
20ef3d2d-22c6-4465-b581-2208f5c9438b,1.1625168323516846,1.4390825033187866
20f34742-d64b-43d7-9325-c0f9de2a7f87,0.0,0.0
21030d4e-8357-44a5-a22a-ff8e04e5e864,0.6261032223701477,0.7192209959030151
213529b8-f0a6-459c-9f1c-b5259e6c6643,1.806703805923462,2.0955185890197754
219ec5ba-f9da-4fab-a239-a470e7492531,0.0,0.0
21c09ae3-4a83-4bdc-8868-fdc6dbab60ec,0.0,0.0
21c13cf3-4aca-4874-8297-efe4f6ab9104,0.6711984872817993,0.0
21cef6a1-1763-49ac-961d-2f359ac787fb,0.0,0.0
21e08bd3-6b31-4bd9-8269-8378ad5a0bc9,0.0,0.0
21fb17d2-408b-431b-bde8-1f1f2f8bb261,0.7489163279533386,0.0
22004b3b-5be1-4af6-9117-c72970b1543d,0.0,0.0
22037fcc-e3c6-4df0-9bf7-0ebb0f86ed8c,0.8103142976760864,0.8559896349906921
2239d2fd-be6d-4cb7-b260-d5d5c1155d2a,0.0,0.0
2241c356-5f2a-4445-a34a-6ac3d7f60a4b,0.0,0.0
22445564-0c78-4866-8be4-d89a33e6d79e,0.0,0.0
2269593b-432d-4951-b63c-829d92f9b998,0.6928809285163879,0.8164439797401428
22704b20-3061-4000-882d-4c17fc6b56c3,0.9421977996826172,0.9811655282974243
2292241c-e506-4577-bba8-cdae31f8a65a,0.0,0.0
22adcc17-2d81-4343-819e-61f747f4872b,0.0,0.0
22d170a6-fa67-4b36-837e-70da6f61080e,0.0,0.0
22ddf60a-9f4e-4a73-be95-18f446368b68,0.0,0.0
22f65f95-0832-4079-a28a-00143e4249ef,0.7283655405044556,0.0
2359af12-c9ed-4bf9-80d4-c47decc0ea73,0.0,0.0
2368d8cf-43fd-45c0-840b-95174fc6eaa0,0.5885021090507507,0.0
23c3223d-404b-43bf-9d1c-5d67055ea138,0.0,0.0
23c9fdd7-9594-423e-875c-6aa056d5d286,0.0,0.0
23cb7527-f833-4766-a56a-3f5470999192,0.0,0.0
23e4d4d2-11da-47f6-a216-2c279fa20f79,0.5429480075836182,0.5723485350608826
24190fbc-370e-460e-99ff-4c62a7667f64,0.0,0.0
24f16f57-f01d-420e-8f9d-79e034a03434,0.0,0.0
25021996-91a1-467c-8e14-17540886bd2d,0.0,0.0
25046b83-102e-46b1-935e-fa456979512f,0.9410155415534972,0.9974700808525085
257a5780-3574-495b-94ff-f8b7d01a4483,0.0,0.0
2581857d-9dc8-4012-a5f0-d848898ae729,0.0,0.0
258f9c22-e680-4d56-b9a7-9da1393a027a,0.5646361708641052,0.0
259bc38b-64be-4a52-b15c-8e0bfdeb9c6c,0.0,0.0
25a5d136-a824-4a94-92fd-bf3d8c0720e3,0.0,0.0
25aa1695-8ab3-4dbf-9ea0-79c36a7c6780,0.0,0.0
25ab3576-b988-4ab9-9dcd-801192269f08,1.0308001041412354,1.2350780963897705
25c40084-a2cd-4d2b-a0dd-7b70f100b2c4,0.0,0.0
25cd7ea9-fb9f-4f50-baaa-29c5132f5028,0.0,0.0
25cfdec8-96d1-4234-b2fc-6faa7aba6f85,0.0,0.0
25d4657c-3ab3-44af-96d7-e0deb6738454,0.0,0.0
25d5efde-829f-4f4d-aa40-59a4adfbfd63,0.0,0.0
25e9f2ff-5e0a-49f0-b360-d8ff07daecb6,0.0,0.0
261e5704-6819-4b9b-98d1-b630142287d7,0.7028499841690063,0.6384860873222351
26733754-95fb-42b6-b0d9-ecfb6d58f142,0.0,0.0
2676bcc6-949b-460a-ab29-6b3ff279b7ed,0.6329812407493591,0.0
267e73d3-692d-47e3-9165-5ce86b11269b,0.0,0.0
26b53180-ca2c-4e64-9388-fc756cb9f7f0,0.5668821930885315,0.5619741678237915
26d6b0f0-09d5-4552-b031-ea48cc30ad48,0.0,0.0
26d72ff9-9ee8-4fba-bf3b-cc8cb16f33c7,0.50676429271698,0.0
26d91b06-c529-415a-acf3-0e797fbbe516,0.0,0.0
26db77ca-d559-4c22-974e-988c901ff53c,0.0,0.0
26ea7c0a-c23b-40e6-9ac0-76f473683b18,0.0,0.0
26f252a4-af06-4834-ae8f-93e738026067,0.0,0.0
271a2c6a-7f7e-44ff-acb5-986d1e31b48b,0.0,0.0
2726b6b8-7a78-4ed0-97c6-d6e7b10a5142,0.6689062714576721,0.8769605159759521
2745c146-78a4-4803-bd5b-0b62c9dd87c0,0.7257766127586365,0.0
277ce2fc-53fa-445c-b142-b232d499879b,0.0,0.0
27815ac2-2ff0-48e0-8ab2-0c9ab25914d1,0.832880437374115,0.9719903469085693
2781d269-785b-4101-b13d-779c6864f6a4,0.0,0.0
279140dc-a672-472b-bd49-12ae9d49a82d,0.9100866913795472,0.9142996072769165
27936594-8522-445f-aa8a-3502700842c6,0.0,0.0
2795b15b-c6c0-4220-89a1-00f285e7bf2d,0.5915378928184509,0.0
27dca2cf-9986-4517-b35a-fc8c797e99dd,0.0,0.0
27e8a538-a603-4245-9a65-e37361789fb3,0.5048373341560364,0.6298339366912842
27f25a2f-38fe-4380-aa9a-a968c2ac4367,0.7737375497817993,0.6107022166252136
28117b9f-c664-44e7-aed8-c7097dc86065,1.064184069633484,1.360868215560913
28143374-bedf-406c-a510-cfbdc1d43913,0.0,0.0
281b86dd-4af4-4b8e-9024-2af681ba7efe,0.674969494342804,0.6179049611091614
281c4ae6-caad-49f3-9f36-02203a2cc5cb,0.0,0.0
282f4213-5469-4946-9d4d-d3d9fb8cf765,1.4744523763656616,1.8504925966262817
283611d6-97ba-4880-a206-d2e5a06f6a70,0.0,0.0
2840b97a-77c6-4f7b-841e-964ef5f0b100,0.0,0.0
284e4954-dbd2-4f95-acd6-2a4b043eced4,0.6135625839233398,0.6656448841094971
285814dc-8b88-4412-bb46-70c3508f82c3,0.0,0.0
2862c00f-7263-42c5-89eb-37ec8ca1151e,0.0,0.0
28e967d9-1c41-48c8-8b91-3378e22b44c3,0.0,0.0
28eb5d4a-cfca-4331-a0bb-5e9aa1bb2693,0.6300049424171448,0.6661357283592224
28fc758f-bd1a-48e6-a2f8-771d60305de1,0.0,0.0
2901fdff-2122-43d1-b11d-35c867e1b72b,0.643126904964447,0.0
2909a42c-7449-4a2c-9daa-2778254b72e9,0.0,0.0
290e4f28-fb98-485c-ad64-e10b9a13c72e,0.8055562973022461,0.0
291041ef-2b7c-420e-8228-2aeaa9784c64,0.6261399388313293,0.7586426138877869
2910d682-3c97-4092-833b-0a343c5d73da,0.0,0.0
291caa85-bf81-46ad-b9e3-1ba2ba4b0593,0.0,0.0
2927b4b7-0abc-4a0a-a7b4-ae9560678f02,0.0,0.0
293ab81f-6883-43da-a140-7c299efe06a8,0.0,0.0
294938e4-678c-47af-87ec-14f6c450c981,0.0,0.0
295ebfc8-caaa-4502-93d3-1231323609f1,0.0,0.0
2986b725-fd1e-49a8-917d-8832c7b09b6a,0.5629982352256775,0.0
299f3bb9-a240-4f18-9d2e-4bf04a9ffe8f,0.0,0.0
29b2cdc4-b2f7-43ec-bfba-249e67bbd12b,0.0,0.0
29bcf616-3827-4384-8f2a-ed5900f1e71e,0.0,0.0
29bfdbc1-c887-40f8-a583-ffabeb10a0b2,0.5922816395759583,0.6612696647644043
29cbb1d0-8c57-4988-bede-808cf5232d71,0.0,0.0
29d12af8-97ff-417e-963c-bad712ced59b,0.0,0.0
29f9fa23-ba7c-48b4-ab07-1cadb61bce07,0.0,0.0
2a0f3cad-e72e-4820-ad36-427af07f1250,0.0,0.0
2a106c91-7cf3-42f7-8a7a-87298507a100,0.0,0.0
2a16b144-f71c-44fb-ae6b-49e4c2ab2167,0.0,0.0
2a1e861f-3e1c-46b8-9457-7e08b840a22e,1.2590583562850952,1.574715256690979
2a373ba5-7e69-416a-85b7-ad9e08072e37,1.1091793775558472,1.1635936498641968
2a688248-3733-4082-998e-813d9a15ec0b,0.0,0.0
2a73e883-cc37-4b56-a18b-abb538bb4f31,0.0,0.0
2aabf4f7-62dd-436e-bb8c-ca235a681c1b,0.0,0.0
2abc4d05-e71c-45fa-bef5-f4fca2bcb165,0.0,0.0
2ad905fa-a7af-4aab-9e84-5c2c04b63a8d,0.0,0.0
2b3303cb-0b7b-4f34-a4b7-71601a7f24c0,0.6331089735031128,0.722476065158844
2b5aab1a-08d9-4b61-8ebe-3642eda042fb,0.0,0.0
2b64d77c-31b6-4975-a688-2f6f76de8a6d,0.0,0.0
2b6b5fa9-0a88-4a2d-90ce-edac4d55e33a,0.0,0.0
2b95a45e-c96e-4738-8a19-a8c71f6f79c9,0.503050684928894,0.6619613170623779
2bc31c50-3e6e-478b-8549-7e30cfcd795c,0.0,0.0
2bd9f4b9-b6f1-4048-9cbb-bf89f93f4598,0.0,0.0
2be1eba6-8235-4897-be16-f42945703497,0.0,0.0
2be6d460-346e-4f65-b891-c667c13298f8,0.0,0.0
2c2638c6-b5a0-46c7-be7a-ce25632cad14,0.0,0.0
2c932894-4aa8-4503-ab4f-bf144a62f620,0.0,0.0
2cb519ff-bdf8-4b78-9b4a-30367a0f280e,0.0,0.0
2cc4e364-cf43-4869-af1d-50b16bec994e,0.8310385346412659,1.1317965984344482
2ce96b08-91b7-4b8e-85e0-10c61e7f73f4,0.7446938157081604,0.8574766516685486
2d0eeedf-85f2-47b7-9513-83217c5726a0,0.0,0.0
2d26a5ad-545a-4a49-b557-ed5af346bac5,0.5345844030380249,0.0
2d39ff2d-ba40-4111-9be4-7a014abcdacb,0.0,0.0
2d98a8d4-c5c8-44ee-9f8f-9fe06c240ef1,0.6976643204689026,0.9139456152915955
2d9b5dd5-0254-411d-902d-9b940e74e9aa,0.0,0.0
2dc12ffb-f9f0-45bb-8ac8-e5a8a4cd3f52,0.0,0.0
2e091c34-2484-4418-b049-6cf3dabc2999,0.0,0.0
2e176dfa-5908-436f-af43-3301fe73627a,1.8205235004425049,2.2010958194732666
2e3276c2-cc61-40a7-b07f-b0d6dbe26516,0.0,0.0
2e4073af-e39c-4a1b-aa0a-e035976c0d18,1.2926921844482422,1.4027268886566162
2e4a2ea8-ca9f-4f0d-9dfa-9435393f6dcd,0.0,0.0
2e574302-db78-4740-baf6-902e9508973e,0.0,0.0
2e816ed2-d2af-4152-94d6-aa3b6a2f8457,0.0,0.0
2eaaee94-49dc-441a-b693-4118248af793,0.0,0.0
2ee099ab-a28a-4ea6-bca6-80d3c85b8df6,0.5642603635787964,0.0
2ef53ed1-d5ef-4f09-90d8-90fff3ca201e,0.5079084634780884,0.5940970778465271
2ef743d7-2652-4bd3-9a5e-8c49ce471505,0.0,0.0
2f162ae3-7789-452b-90d8-a5ceb7a8e381,0.0,0.0
2f1d8320-d2dc-4347-9930-b7f8315e24bd,0.0,0.0
2f2f82d3-f10c-4208-9cb2-24356683b96e,0.0,0.0
2f705cf6-c46c-41f7-a27b-27cc69cddd7b,0.0,0.0
2f70fca3-eed4-41ad-8717-0eb900743718,0.0,0.0
2f7878e4-9d9c-4975-b45c-b76d2368f60a,0.0,0.0
2f88e837-f363-404d-b585-5bd3e96b0e98,0.0,0.0
2f90dc3b-daba-418d-91e0-8d594441bdc6,0.0,0.0
2f9b2c57-140d-4f67-afc7-477f1ccfb8ed,0.0,0.0
2faacbed-4711-4065-889a-d46ad6bcc028,0.0,0.0
2fd578bf-90ca-4257-bcd4-91af727e5ee5,0.0,0.0
2ff5bcde-53ee-4554-b2aa-35bb72293893,0.0,0.0
2fffa604-ea88-4fd8-bff6-e857e51e1994,1.0131633281707764,1.1014233827590942
30028a15-157c-4a62-990a-a14ef2869e2e,0.0,0.0
30574b73-64f4-41b1-a8c9-699f56074ae6,0.0,0.0
30692a73-aa9e-42cd-bafb-c2bfd1e3eebe,0.0,0.0
30756ffc-0b1b-42c7-8ce1-016cd6fd8651,0.0,0.0
3075ae20-0358-49ab-b0d7-462ec4a59731,0.0,0.0
30882e4e-af78-4ba9-b72d-3c3aa81337d9,0.0,0.0
308ad37f-91af-4514-b2b3-b1237718b793,0.0,0.0
308dbde5-e0aa-4af1-ae66-228d85ad4430,0.8450970649719238,0.5929908156394958
30bad014-3cd6-42a0-84b1-c449355f2b0f,0.0,0.0
30cfc295-1cb3-407f-831f-76026079fe7b,0.9325589537620544,0.9788767099380493
30ddfb1c-adcb-4439-8edb-3da5847f90ec,0.9018703103065492,1.0369715690612793
30f088ef-7259-4b81-95de-28af85d20e5f,0.0,0.0
30f0c2c6-9aae-4a06-ba44-7de5ca339083,0.0,0.0
30f1eb6b-10a9-4794-a0b8-4f7574d0749c,0.5301145315170288,0.0
3107d5aa-c6dd-4bdf-be53-71e7a7c37f1b,0.5422934889793396,0.5014382600784302
310c820a-8383-4ff1-9ac6-bcd7659a7d0a,0.0,0.0
313886a6-2150-439a-a784-535ffc374c68,0.0,0.0
314810ef-3b17-4923-8cd5-90d36e4a3862,0.0,0.0
315b0442-3c08-4618-b6ab-5083465267e2,0.5859452486038208,0.0
315bd419-9489-48a7-9095-3067c3d72c1c,0.7331280708312988,0.9363700747489929
3170db55-df31-4e09-9744-8422d261ef65,0.0,0.0
317d23d0-065a-42cd-847b-4f611e252dfd,1.1848599910736084,1.3333932161331177
317d4879-fa3a-49de-8ae1-01d7e24d852d,1.234771490097046,1.720907211303711
319eea75-b164-4582-9a36-94c1a5ae4104,0.0,0.0
31a512cd-6641-41e6-86f6-5a2bf08d908b,0.0,0.0
31a98645-a701-4d2d-a3fd-e1b55b416bfa,0.0,0.0
31c3f96e-3021-444d-86f1-ed38f665f27c,0.0,0.0
31e51277-f37f-4150-9bd7-9099bff4233b,0.7223571538925171,0.0
31f179ad-12f9-4556-877f-11c919d0c923,0.8853199481964111,0.6204847097396851
31fd412c-cfe5-4c07-aaf7-367e8eafe769,0.0,0.0
3204ae0e-c9c8-4d77-a60d-a8337e073b4a,1.1882572174072266,1.5023932456970215
32096437-42b6-4e07-ae09-49c459a05ad6,0.0,0.0
320a0e2f-7bab-4749-803b-33a7e8d185e4,1.1474930047988892,1.2976832389831543
3217bec5-5395-46ad-a437-6102165f5cc1,0.5032955408096313,0.0
322d84fe-cdb8-46e0-9dd6-6590246c2005,0.0,0.0
3247eed0-3273-4646-82e0-4fa8d22c36fe,1.892403244972229,2.2781901359558105
324a5afb-5117-46ed-90d5-3219f3dac4f6,0.0,0.0
32556413-7f99-464d-aa1a-6b717307ad8f,0.0,0.0
3257eb03-7d07-4239-8192-0952a5b64c32,0.0,0.0
3286d5fa-554f-4401-92a7-3cc3a94f5cdd,0.0,0.0
328c3b84-4e4c-4212-9dbc-abbcce750175,0.0,0.0
3296de94-ff60-4765-8bcb-3e97d5be54ce,0.5185813307762146,0.0
32b2fa7b-4a84-4c2c-b039-f65ff1b3d78d,0.0,0.0
32c067f2-6318-4905-9670-6d9ee25fc9c5,0.8940385580062866,1.0377135276794434
32c85e45-6652-47a4-99a0-7b4d520aadae,0.0,0.0
32d294e1-a5a3-41ef-8bd4-21397214d237,0.6422052383422852,0.5813161134719849
32eb47f6-acbf-49c7-aa46-e276b1b02165,1.308257222175598,1.5285289287567139
33039d22-0ce2-4e87-8614-19154abf9acc,0.0,0.0
3325f741-b0df-4679-bf85-c52d2f912b87,0.0,0.0
332f08fb-6988-447e-b782-d22fd0f3ad23,0.0,0.0
3348cb36-f184-4e33-897a-2606ff27c652,1.4421749114990234,1.585233449935913
335c4a43-0e46-42a3-aa82-b980eecd8ca0,0.0,0.0
335efb79-e39a-4025-ae23-7916372a702b,0.0,0.0
3371a96f-1fc3-4ee1-8ec5-701fc8b74045,0.5941244959831238,0.0
33a1362b-a726-429e-a746-94db20406e5b,0.0,0.0
33a48141-b3f4-4aff-a8f6-b1b588751963,0.0,0.0
33d5130a-b47c-443c-be8d-568306e09ac4,0.0,0.0
33deb30a-2314-4ba4-9f0c-d5a24de5f558,0.0,0.0
34070aa7-810f-45c7-b6d0-ca78875d1991,1.1974622011184692,1.5244693756103516
3417dc00-fb40-48c0-95e4-3aaecc0a4de4,0.0,0.0
34230e77-27a0-4b74-b954-8ce024a652f6,0.0,0.0
3430d6c0-3c03-42c3-8575-c5adaa86e1e5,0.8532748222351074,0.8964810967445374
3438e7c9-6d48-4b7a-8f5d-5f20eb8e56c2,0.6466485857963562,0.5881983041763306
344414b0-16ba-43dd-869a-e3221db6fa1b,0.0,0.0
344c753c-5f38-43d2-ab77-3fdcc66edaa2,0.0,0.0
3481a0ff-e9e9-4ba8-8952-75203c3b7557,0.0,0.0
34b0ae83-babe-4edb-a29e-281662322715,1.0378379821777344,1.084725260734558
34dd64e5-4baa-42b3-bd95-9db99676ce6b,0.7033730745315552,0.0
34ea1de3-32d1-4383-a319-4a54b48d19e2,0.0,0.0
34efbdb5-2313-45f6-8cf1-cfa8451de568,0.0,0.0
3518dd53-6eaf-41f6-acab-e393c0a69f62,0.942702293395996,1.0952876806259155
355ba1be-c14d-4814-ab26-0647b01c5e13,0.6638608574867249,0.5089622139930725
355c0de9-2a31-44ab-a472-16b3c9645dd2,0.0,0.0
356ba678-9a54-4cba-a647-c2cb99acf295,0.0,0.0
3594116f-3a90-485f-a728-028af1a6e224,0.0,0.0
35a31eee-9238-4f1a-b85f-245b50ee3027,0.0,0.0
35af2e42-5fb0-4b1c-8b15-05b59d36b9f3,0.0,0.0
35cc5e81-1a3d-4571-b6e5-a9cf965fd760,0.0,0.0
35ce8055-e19a-4abe-94b9-2fe5b33a471d,0.7817968726158142,0.75962233543396
35d97b51-0c92-4c51-82e8-f42254f8feed,0.0,0.0
35d97e69-11fb-4c47-9be7-3b7e23e771c8,0.0,0.0
35e366c2-9ac8-4144-9d89-82d770fe9237,0.0,0.0
35eeef63-191d-4848-aecc-93b28a3e59d9,0.0,0.0
36029137-5151-465a-83c2-6f110d678dfd,0.0,0.0
360e81ab-0c77-4163-a598-52e21e80f938,0.5038697123527527,0.0
360f0dd8-a994-4366-b24a-2596de48eb60,0.0,0.0
36241ba9-c7cf-465d-b8a4-ffeedbfb36f7,0.0,0.0
362f34e9-207d-453a-8a63-cb1c458dc99c,0.6479111909866333,0.5409026741981506
365e73da-22b9-4f32-be01-348e6414e1d0,1.7598837614059448,2.0467259883880615
365ef6ae-ca42-4da1-a9e6-6024c3f2e86b,0.5041711926460266,0.7034669518470764
36855ede-18bf-4b68-be12-efd84634e53b,0.0,0.0
36887a13-5355-4f8e-80c1-40d9792b3a27,0.0,0.0
3693153a-0716-46c2-bb0c-ed8195325f08,0.0,0.0
36ac9a16-7c05-49c7-a2fb-f36acd7a74cb,0.0,0.0
36b25a8f-3757-4988-9a70-ff6d18cc99be,0.0,0.0
36bb309c-860f-4cbf-b03a-f577796bb3ca,0.0,0.0
36be2b78-f728-49ba-aad1-dcaef76f912a,0.0,0.0
36f6bbee-2f59-4b82-bf94-30915ff0648a,0.0,0.0
371b01e3-1587-45db-a7ab-7e508a780e84,0.0,0.0
372dbd71-dabe-4a0b-a46b-185252863cd0,0.0,0.0
374ad513-3644-4a96-8b5c-e8902de12e26,0.0,0.0
3763b991-c8b3-497a-90e1-23424cd8a86b,0.0,0.0
3765a641-7119-4012-a8cb-cd64c5ad03dc,0.0,0.0
377f56c9-df58-46d4-b8ce-86134e99b7db,0.6615599989891052,0.8529701232910156
37830102-1e52-4349-aa02-4dbef0980283,0.5461463928222656,0.0
378db38b-ac2b-454b-bcd6-0ac8fe52d56c,0.0,0.0
37b2db8e-4cdc-4620-a039-5a1b6fc2e980,0.0,0.0
37e53e44-01c1-463a-ba5b-f62dc708d1e4,0.0,0.0
384eb2ad-2917-42d3-ad73-b0c060f9f8f8,0.0,0.0
386237bc-988b-4377-8bfe-e7db2433ecf3,0.0,0.0
389466ed-8e3e-4b25-97f8-ce6f191948eb,0.0,0.0
389af4aa-9dc4-4470-a0e7-beb53e816a2d,1.5397812128067017,1.7720478773117065
38af9654-984b-4569-8b6f-3261af03572d,0.5017792582511902,0.0
38b3413c-4208-4387-844e-3428c5c9d562,0.9877151250839232,1.0567816495895386
39097bc4-1ec8-4ae1-9561-6000a0be53f9,0.0,0.0
390e79c9-956d-4414-97e2-72016e0c5026,0.0,0.0
393b67ea-ba73-4817-b795-0ef1a2c972c7,0.0,0.0
3942cf8e-40c8-4257-b629-a2ac135f930b,1.9610446691513064,2.3068175315856934
396afae2-2069-4ad8-87b1-138ca4a54f32,1.0319236516952517,0.6731408834457397
39843ddc-29fc-4082-92ca-a8e1671cd3ee,0.0,0.0
39b0fa5f-19f0-4cf7-955e-4dc1de167873,0.0,0.0
39d05cdb-c08c-491a-8175-e886f7c601ff,0.6704601645469666,0.820747971534729
39f8a634-fd5f-4810-8815-700962260433,0.0,0.0
3a1ae31a-da10-40d8-a168-e9fb0f931cf1,0.0,0.0
3a2a3a36-e663-4c16-a250-6cd30f180673,0.0,0.0
3a35f876-5808-4264-8b45-3b4bc2b7ac4e,0.0,0.0
3a7a7eef-4de6-404f-be05-0a1cc13ec728,0.0,0.0
3acff308-f105-41e4-9248-d9b7a075a9f3,0.0,0.0
3ad1edea-e1ce-435e-aee2-0e337f7478e9,0.0,0.0
3adc0cfc-9b9e-43ce-bf5c-0eba182ca738,0.0,0.0
3adf6612-dbf1-4e55-a457-fe79bcc42bc7,0.0,0.0
3b03ffc2-2680-40e4-88f1-afea27ba6d26,0.0,0.0
3b063b19-4675-4bea-8b5b-265347703ab4,0.0,0.0
3b0b4abe-a5fc-42f7-9fe9-941ac7780782,0.0,0.0
3b0dbfda-a595-411e-9236-a4eda8cf87ae,0.0,0.0
3b14e45b-f678-415e-8714-9a2b2193e89e,1.784605860710144,2.0827343463897705
3b26af5e-2acb-4047-b0b8-f58fd2be5fe9,0.0,0.0
3b308da9-02a0-45c5-9021-b95d3c0f9983,0.0,0.0
3b592dc6-6c00-488c-8a5a-666cd05c72f2,0.0,0.0
3ba9943c-0760-418a-b620-47c46da426ae,0.5243648886680603,0.0
3bb605a5-02cc-4f60-a9aa-91b66a971db0,0.895757794380188,0.8713479042053223
3bc69d19-439f-494d-a440-01f360d9913c,0.5148482322692871,0.0
3bec0baa-9dd6-4f6b-aae4-279f19a12aa1,0.0,0.0
3c0e1c1f-b0b5-481d-a0ac-2c7e55050ec5,0.847136378288269,0.7171235680580139
3c2a903d-6f1e-4afd-ada8-adf4f467d86b,0.7072134613990784,0.8467205762863159
3c97322f-5dfb-45ba-a6d4-e173aef703c2,0.0,0.0
3c9e1a22-e096-48e1-af42-a86135d38e59,0.0,0.0
3ca52e1a-517c-4035-8d0a-255b06edc8b3,0.0,0.0
3cac658c-b91a-4e9e-b0ae-ec0b358a48bd,0.0,0.0
3caff254-5afd-43bc-98d3-2854f3c3c09b,1.690975785255432,1.9984632730484009
3cb3ba05-f355-4a21-9b6c-d97d33b302ef,0.0,0.0
3cb41c18-fda7-4f98-990d-eeb95e1023d8,0.0,0.0
3cedf6d9-4514-41b2-9776-02c87c0fb31b,0.0,0.0
3d053101-fe93-4d77-b7d2-1f95b64979cd,0.0,0.0
3d6451b5-ed95-409a-8b00-e1cb389cf647,0.0,0.0
3da36324-b6af-410d-84cc-6dcccc16759f,0.0,0.0
3de80b14-bcf2-4810-9c06-326ab99beb2e,0.0,0.0
3e23e1a5-1712-40b0-961b-d5a9a5438850,0.0,0.0
3e6716c6-9bf4-4ab1-9313-eb9767c2d0d7,0.0,0.0
3ed6f107-d32a-41a0-a0cc-66b111c989a2,0.0,0.0
3eea75c1-2031-4564-8872-f24984f45a2c,0.0,0.0
3efdf546-f236-4a1f-bce8-7f39d8e989ac,0.5631612539291382,0.0
3f4abbae-a312-46cb-bd10-73943c50f45f,0.0,0.0
3f4af646-931d-4cd6-b449-500ad6d577fa,0.0,0.0
3f52dbb4-d112-4de0-9579-ae2499051df5,0.5363250374794006,0.0
3f60e17f-e8fa-47b9-9202-99b9f323443b,0.0,0.0
3f70ecde-8ce6-401e-a7ad-2bbefc5f681b,0.0,0.0
3fc580fa-6121-4fac-8845-940a0a237803,0.0,0.0
3fc5cf78-bd00-410e-bcda-f65481a4cbe4,0.0,0.0
3fd0b30c-be2d-47b8-b92a-07d71cd24374,0.0,0.0
3feb331f-0f83-4ead-9884-a80c09511a0f,0.7491356730461121,0.0
3ff81672-1ef2-412e-82d7-bbfe7795f435,0.0,0.0
3ff81678-20b3-4d08-b7e8-d645550edfbe,0.0,0.0
4000f982-9129-4445-abe4-10089a496509,0.0,0.0
40375e8a-02b2-4042-a7ea-73a19b1bc4d7,0.0,0.0
404211cb-7008-4234-8064-4de364b688de,0.5398736596107483,0.0
404cc7ef-b080-4973-8410-98d6dd0af9d1,0.0,0.0
404d4e53-ad4d-4faa-b271-6b8599681f80,0.0,0.0
4053b4b7-5fa5-470c-a597-53b3ac271e48,0.0,0.0
40541f75-179b-49ed-8682-7807e063f0e6,0.6042125225067139,0.0
4068cf08-3eaa-4d7b-9049-d8e4462b9e7c,0.0,0.0
409f5fba-ddd4-4272-91c9-c90f4d301524,0.8806832432746887,0.5325118899345398
40bf209a-0d23-49d7-8792-68b57600abf0,0.0,0.0
40cc5c77-78d6-468c-9bbf-4bca0629d0c2,0.0,0.0
40ff1bfe-3222-4a4d-bbad-0741fde598d6,0.0,0.0
4109e426-913d-47e7-9662-518cf7092ac9,0.0,0.0
41140420-8750-4be4-80ce-51d1f21d3509,0.0,0.0
4119a18a-b3aa-4b5c-bcb0-c7d62830d56a,0.0,0.0
41341c7b-ee32-44ae-95a4-20c26c50d505,1.9263771772384644,2.2848269939422607
413a693d-0618-43fe-8318-ead402ce613c,0.0,0.0
415ea3eb-886a-448c-b15e-ddb9c870eac7,0.0,0.0
417424f4-5553-40c2-b40a-14e90404882f,0.0,0.0
41bfaf3e-6a26-45e9-b9c3-02a1c558f907,0.5333157181739807,0.0
41fb44d4-576c-4485-b411-315b726e989b,0.0,0.0
41fcacff-98b7-42af-8491-a09c1a176750,0.5961847305297852,0.0
422697fd-d784-4d68-8974-631f3bd68d40,0.0,0.0
422e60a0-5163-49ef-88c5-0e3022cccc04,0.7466012239456177,0.8800501823425293
4230d818-b0df-4b8a-9aef-5bc340d3230b,0.0,0.0
4237290a-129c-421a-8ae5-32d7e670f2ee,1.322879672050476,1.6472584009170532
4239e098-6c4e-4e0c-b1b3-00cb95b95b2b,0.7359369993209839,0.0
4268b3a0-3762-4caa-91da-e41f0ddaac80,0.0,0.0
42711c85-f841-45e2-9948-51e313e38c42,0.0,0.0
42a6c6b9-eb42-401e-ab94-f750e4625bf6,0.0,0.0
42c36d6b-f031-43fb-ae04-f943c4aa8aab,0.0,0.0
42edb5a5-c220-48d4-acf8-8ff0bf0fc305,0.0,0.0
43150b91-3cd2-48cb-acdf-abfff2d91b1e,0.0,0.0
435741f0-0b58-4b3c-aa3f-45616d88eede,0.0,0.0
4372056b-6ea9-47c0-aec4-3bf1565a080d,0.6574050784111023,0.8437586426734924
438108c0-7c44-47d4-bac1-8731c5b839c5,0.0,0.0
43b84741-4a9c-4209-88b6-96232d75192d,1.0868682861328125,1.3728450536727905
43c253a6-17e0-4ef9-bfd7-628b44c86be4,0.0,0.0
43e3252f-7de7-4c6a-9846-65b74e4d8506,0.0,0.0
43e3ae65-7756-424e-96d9-c2ed64198c64,0.0,0.0
43f8591d-7f97-44da-9328-4f9977bb1688,0.0,0.0
442c15de-db2d-492f-b79e-d4a8db7d55a5,0.0,0.0
447e48d0-bbdf-44c2-a326-86f857e17da1,0.0,0.0
4486a296-da72-4cb0-99c1-3d9ac8efb603,0.0,0.0
44986740-7de0-405e-a59d-526856fabe12,0.0,0.0
44a939ba-d1fd-45ea-9ce1-0fd1823a58ff,1.2447866201400757,1.30049467086792
44b67800-5917-4885-80d8-67dae6ec403a,0.7833024859428406,0.5315332412719727
44b87c9e-4b39-4895-9d12-d2ced233f5b2,0.0,0.0
44c53e7d-0688-4437-9a9a-54a3a3732147,0.0,0.0
44c88843-3b70-41aa-8d72-14b308110994,0.7786639928817749,0.916766345500946
4528874b-2763-4e23-b0b6-ee47930e602b,0.5544548034667969,0.7044150829315186
454cee36-4bd3-4752-a4bb-1b44eb683656,0.0,0.0
4566d056-a15d-405a-a5a0-ff3dadf69b47,0.0,0.0
45850c17-fed5-4fb6-9341-0f59dbcebd6d,0.512654185295105,0.0
458a119c-8ad9-4a10-af6c-96e3472780c2,0.0,0.0
45ada6c0-c536-459c-b3ca-b2f46bdfba0f,0.0,0.0
45b52a61-3eba-4fad-908f-33fc3f6a7a33,0.0,0.0
45e87533-b088-4110-b128-112261ba1efd,0.0,0.0
45f074e0-215e-4216-b76d-77ebeb8cf5d0,0.0,0.0
45fbd975-6e13-44ae-9702-5a1a6cd88a43,0.0,0.0
46122013-d827-49d4-94d0-ac9bbcc8bd9f,0.0,0.0
467e5d88-fc59-4e9d-af06-5a95b56c18b9,1.5510691404342651,1.813786268234253
4695bd27-9709-4a80-bf71-d4d06d7a41db,0.0,0.0
4697a914-5924-4283-9d23-4cf7afafd950,0.0,0.0
4699df14-b020-41b9-b702-9f4679206a99,0.0,0.0
46a4ae7f-3c82-4178-9d46-566ab70d427e,0.0,0.0
46b6a7d8-31d1-40c5-a0db-950d97eeaab4,0.0,0.0
4701c3e3-f006-4eb2-9db6-173cfb382b9f,0.0,0.0
47134efa-3f1d-416d-9240-90680dc50637,0.0,0.0
474178fa-96d1-497b-ad72-70702f563448,0.0,0.0
4743632d-97a7-49a5-96e1-d9887c1b07ae,0.0,0.0
475e65fd-299b-4c93-ba58-a943f6c4fe00,0.5790997743606567,0.0
4766aba6-17d2-4542-992f-2311f69cf6f0,0.0,0.0
4773c6a9-7291-4b51-b8ac-9fd4805f7b15,0.0,0.0
47801de9-9f47-4314-bc4d-39b3b14e2733,0.0,0.0
479f96c2-5451-48c9-af02-538147e2ad2a,0.0,0.0
47bacb64-f10b-43c7-913a-5b34144d0538,0.0,0.0
47cd2c57-ad43-44ff-a395-d8334dc3d25d,0.6124693155288696,0.0
47d59f36-4cc9-4bae-aabe-1f834accf828,0.0,0.0
47d97389-cddc-412b-a480-55d667ff446b,0.0,0.0
47eac51c-0a82-4a94-b7a0-ff2f17d8f848,0.0,0.0
4802e52a-40a1-4954-be70-ec7bf42c7e79,0.8025824427604675,0.8927382826805115
481df9cf-699d-4061-af85-4c37bfbd4159,0.0,0.0
482d9a22-cd0a-40b0-aeac-23185a756ec3,0.0,0.0
4859ee15-dcd5-4bf5-8d19-966774283a7e,0.0,0.0
485a9fb1-911b-4cbb-9bca-f52fd0e11da6,0.0,0.0
4862b3f0-e012-47b4-8075-4eeb0700663f,0.0,0.0
4863ce26-7ae2-441d-8fb7-847ba283be91,0.7773391008377075,0.5032523274421692
488342d8-a8df-4b13-9dab-8cee9a62c051,0.0,0.0
48965ede-d78e-45ae-a9c4-f325451527f9,0.0,0.0
48d618f1-bf5a-4709-b952-a703ec6c71d8,0.0,0.0
48f8afdc-b575-44c8-833a-aad979dea511,0.0,0.0
490403b5-cf23-4d49-8f5c-b056036b8a44,0.0,0.0
490bcd12-e252-4c25-8171-aefc19a68dd0,0.0,0.0
494929fc-127f-4b6b-a534-2b634e818a19,0.0,0.0
49597b24-3b38-453b-aada-ef25b3ee3c2a,0.0,0.0
496b09fb-d327-4c4c-8e83-2b5efc7e56d7,0.0,0.0
496d7384-c897-4983-9a0a-b59775705a98,0.0,0.0
496eeb12-94c5-4c93-a654-9cde3570e682,0.0,0.0
49724acd-a484-41e1-a76e-09ebcdffe45c,1.0690386295318604,1.196802020072937
499c6533-8849-4395-9eda-485b1b6e965b,0.0,0.0
49b01e43-f719-450f-b7c6-556b08e9ef4d,1.0415199995040894,1.0910063982009888
49fd86d1-2216-4d35-9be8-66cf8bf921e6,0.0,0.0
49fdaaa7-41ef-49af-8f01-0b97812ae590,0.0,0.0
4a34f530-f39c-4911-8afa-72009299e4eb,0.0,0.0
4a6685d7-83c0-4b2b-96d2-b5edfea39491,0.0,0.0
4a8f9e50-9934-45eb-955a-d4660de90bdc,0.0,0.0
4aa86b66-7ad1-4956-981c-f161408986d3,0.587824821472168,0.5635059475898743
4ac426cb-a3b6-47f7-b6aa-6f9df32bc100,0.0,0.0
4ae6367b-f713-49de-957e-5da7ca48aea7,0.0,0.0
4af55498-5ca5-41a1-bd2c-a87278b023cf,0.7563998103141785,0.7400446534156799
4b10261f-80cf-454d-be7f-68b584013ec9,0.0,0.0
4b2d54c3-b4b6-49c7-9b07-d472b4657c79,1.5652780532836914,1.7625545263290405
4b4d249c-59e7-439e-9151-008eb4da510c,0.0,0.0
4b4f69e5-d1d2-4c44-bc49-821b968a1937,0.0,0.0
4b66f609-0a43-4ed0-a23a-f6b28bcb7e01,0.0,0.0
4b95d280-3d81-44f1-a264-d2cadb490dbf,0.0,0.0
4bbecf97-b0c8-445d-86d9-dbdb00817041,0.0,0.0
4bc4f677-7f3b-4259-a323-24380d6dd5ce,0.0,0.0
4bcbe222-f320-47aa-b0d7-7a3dfc4220a4,0.0,0.0
4bcc7ca8-dcb5-48b2-a3a6-34ef7af01da0,0.0,0.0
4c202496-fe16-4e97-9b52-6853f9356af6,0.0,0.0
4c2c0b6d-784c-44d0-9ff3-d8c07ada81a8,0.0,0.0
4c49f486-3b62-4d4f-afe1-de1896f9d331,1.5206447839736938,2.0979244709014893
4c88db30-1152-4448-9022-6c161c8e2530,0.8824379444122314,0.0
4cc72ee0-1fef-4bc2-9099-e86ed43576d7,1.2864859104156494,1.54207181930542
4cce1450-7f03-46ba-82a6-b06e146d1119,0.0,0.0
4ce6922f-6e90-43a2-a289-189653b50787,0.0,0.0
4ceb2acb-93eb-47b3-93ab-1fa55f2821d7,0.5710036754608154,0.7535526156425476
4cf40472-7a36-4814-9988-c5b0a5f3b428,0.5960997343063354,0.8061338663101196
4d0d50fb-1241-4cbc-be04-91c373ff756b,0.0,0.0
4d2edb12-5f3d-4db8-8474-7054ca5816a1,0.0,0.0
4d73c482-bf8e-418f-a9da-b55468350b42,0.0,0.0
4d77c714-25d6-4c00-bcab-4191eef89a62,0.0,0.0
4dccb170-bc9d-488d-aa83-2cc07cdfe2cd,0.0,0.0
4de4d54f-f588-49d7-9b45-2edf68d7967d,0.0,0.0
4dfa2bcc-7675-4d8a-809e-e49c122eb017,0.0,0.0
4e00be26-172d-464b-a446-bb14c9b89470,0.0,0.0
4e025ffe-4f0f-46c9-9884-b41f9a2372ec,0.0,0.0
4e0bc788-4ea5-459e-9ba8-1fea9d64404d,0.0,0.0
4e36fe38-d576-4e84-affc-af49fece55ba,0.0,0.0
4e4a69cd-dd6a-4aa6-b591-40e20ba54255,0.7640146017074585,0.5252614617347717
4e9279da-1de5-45ad-b231-8091801029fc,0.5699068903923035,0.0
4f003018-09bf-4bc9-922c-5e32af7719ea,0.6026980876922607,0.5783481001853943
4f0ec534-a5f8-44b2-9dd3-7522c7d3416f,0.0,0.0
4f2cd08c-1cf1-4166-8eca-86e23c47cbaf,0.8155854940414429,0.6084203720092773
4f2e9604-94d5-4753-87af-8dab7e8d2061,0.0,0.0
4f383fb2-6cc7-48a8-9bdb-9c5d150e6eae,0.0,0.0
4f4cd246-4f9d-4472-9b64-ed7f915ab575,0.0,0.0
4f546b6e-ae5e-4aa7-9bc6-cfcb7ee7397d,0.0,0.0
4f68a547-012f-432e-8601-d810bc60813a,0.0,0.0
4f7d607d-c193-4001-b1fa-1f253fdd82f0,0.0,0.0
4f89e114-6c66-4ef3-95df-c4c7b6781532,0.9978221654891968,1.2491668462753296
4f8acbfb-db6b-4bd0-b2fe-9d276a9d5ecc,0.0,0.0
4fc252f2-ce33-408f-b855-bf406e3c2523,0.6534695029258728,0.5980145931243896
4fc799a0-cab3-4ec0-829e-de332612a6ba,0.5686693787574768,0.0
4fedde80-0284-4690-8af9-3a8701f263f4,0.8808612823486328,0.5204079151153564
4ffdd07b-f5e6-4521-8b59-9f289d2cae09,0.0,0.0
503ce95c-47c8-4b1e-a372-904f45978aea,0.0,0.0
504c3b8a-a5ae-4908-9076-d6f1e3ad713b,0.0,0.0
5058f2fd-b5d9-4430-8a6e-9874b2a9639a,0.0,0.0
50a511df-13ec-42c0-b4e0-9ccf8d0e3e25,1.0727633237838743,1.1517115831375122
50f21054-646d-4d49-967e-0cda10a40011,0.0,0.0
5109f4e3-f6b2-4634-a7cc-a6e57df545a3,0.516879677772522,0.0
51276e29-933c-4fc2-a754-18533331b4d4,0.0,0.0
512acf2c-9308-4472-adec-1dfca95a7d23,0.0,0.0
51468457-a3ea-4aa2-addb-ed9f16bc253d,0.0,0.0
5202c30e-ef01-4da2-84dd-8cec8f582a49,0.0,0.0
521e6bf4-5375-49f8-a2c5-84d97edfa6f5,0.0,0.0
5220709e-c52a-4eec-8a83-71665f5d4e4f,1.8300846815109253,2.128156900405884
5230c4fe-ebe9-443b-b88a-5f16bb248b6c,0.0,0.0
523a7e37-fea6-4283-9452-5496b627fffd,0.9410772919654846,1.0690771341323853
5247a398-5528-4064-acb2-362183b66c0f,0.0,0.0
524e0886-0978-4c0a-a5b6-fce123852368,0.0,0.0
5262345c-b594-474f-8be2-8a602bdc92ca,0.8875734806060791,0.9325301647186279
52752023-7fc5-43b2-a74f-8da18dfaf30a,0.0,0.0
528ff817-dfe7-421c-8716-f731a1bbaf99,0.7610492706298828,0.0
5299e946-949f-4858-a448-a0ab48a40a81,1.1707574129104614,1.2984720468521118
52b4d7d9-0769-46d1-abac-22f4f4fd5e29,0.0,0.0
52dbe04a-9863-47fe-b43c-66c37c0358fa,0.0,0.0
52e64b75-0cf6-4e07-bca9-c083919566eb,0.0,0.0
53288172-5637-47d9-82ff-c29a35020cba,0.0,0.0
532e7c04-0718-45f8-a1be-86d2b19abe9a,0.0,0.0
53329063-c424-4d5b-af1c-cc8eff573c0e,0.0,0.0
534dd82e-871f-4317-9dcf-0415102878c9,0.6270829439163208,0.0
537d7e97-789c-42ec-a7ea-2f1ebf89a600,0.0,0.0
5399aa99-11c1-4627-a52c-081a0c67ebda,0.7479934692382812,0.567952573299408
539afc84-f650-4413-a090-adb428b8c206,0.6768332719802856,0.6887418031692505
53a37d57-7d5c-46cf-80d2-5a623706ff73,0.0,0.0
53b4bdf6-36f6-4414-af53-7c607f712fe8,0.0,0.0
5400d89c-b795-4cbf-94bb-e505a595d641,0.0,0.0
5415cb93-333b-4873-8763-768573dc4fc2,0.0,0.0
5417ed2e-44f0-4350-9ce1-0fd28f4bf3d9,0.0,0.0
54e5352f-564d-41a2-aa99-d078e5d0f7e2,1.1789352893829346,1.3164104223251343
5503634f-7ea1-4256-ad95-297b001d6142,0.5183746218681335,0.0
55402bcc-aa05-4903-9f12-219b13d713bf,0.0,0.0
5545711d-ccf1-45db-a8f9-5c070c9872eb,0.0,0.0
5555af25-e2c6-4415-af2a-0be02a0356fb,0.0,0.0
5574c586-6dcb-420d-aa6c-0f5442f01c08,0.0,0.0
55b137f3-8298-4281-81cd-5a5e2d972b6d,0.0,0.0
5624a2f2-0fec-4919-9638-deb58fd61dd7,0.0,0.0
5641de4a-a506-43e1-92a0-bb55289996e0,0.0,0.0
564cd9a6-317e-40f3-a0af-e1e34fb906a6,0.0,0.0
56581ee9-c77b-45e9-ad1f-feda4509c379,0.0,0.0
5658c3a2-d7c8-4760-94d7-8a6997bc5e8a,0.0,0.0
565a65cf-2cf6-4172-807f-4c66d10f2585,0.0,0.0
565f85a3-cb4b-49ac-99ee-23994ad9506b,0.0,0.0
5666d8bb-698b-4f43-a750-91c7c4cf9cbe,0.0,0.0
567c54a4-1161-4915-b721-fef568f13eae,0.0,0.0
569942e7-78ad-44fa-8f8b-68fd8a5408dc,0.0,0.0
56ad27c4-659c-49d4-9ae3-d49d1708157e,0.0,0.0
56fe98df-5399-4b07-bb83-025f9a666609,0.0,0.0
57351109-230b-4b90-8b98-5fbe015b5771,0.0,0.0
573d4c9d-d48d-4bbd-96b2-af560e33cf64,0.0,0.0
576edb4a-c4ac-4f2e-89fa-19334b4ed8f1,0.8165819048881531,0.7197561264038086
578c42d5-f9a3-4d7a-a455-7578194c70b5,0.0,0.0
57a6328e-fd88-4ff6-9704-9c9b1d19f5c0,0.0,0.0
57d46a6b-ef42-4eaa-87c1-e0057a3bebb3,0.6020379662513733,0.0
57d87a24-c442-40c0-9db3-9c8cf4fb3b87,0.0,0.0
57df908d-32d4-4581-806c-420372331a46,0.0,0.0
57ea7d3d-57ea-43e5-8acc-c10699aa10e9,0.0,0.0
57eac5ed-373f-4f86-a645-93f00742a824,0.6994213461875916,0.0
57f7509b-7972-4555-86cf-2dc39f640903,0.0,0.0
57f7fc6e-4c61-4408-a605-fc8e242946ca,0.0,0.0
580039cd-318e-4240-84bb-4fe349666405,0.0,0.0
580e38d9-33de-4fc5-8913-46b4fad9a298,0.0,0.0
581f26e8-959e-4cd5-bb43-970e973378a4,0.0,0.0
58270a63-1cb9-424a-8004-006221716088,0.0,0.0
583f093f-3e0c-4c20-932c-aa0f5a3955a0,0.0,0.0
5856c707-ed89-465a-8330-d5eb81896ddb,0.0,0.0
586f3bee-a857-4b0b-ab40-d235967b90a1,0.0,0.0
5871e587-a00d-4139-b215-d0b3362b4ef5,0.0,0.0
587b0779-e14c-4253-aeb3-4aaca579b359,0.0,0.0
5886fe6e-bcd3-4dc1-8b07-e31a0aa25b06,0.0,0.0
58a05916-ac3f-4785-a108-e931525dedf1,0.0,0.0
58b21fdb-7050-492e-804d-486d4e307849,0.0,0.0
58bb5efc-4c5e-4493-ba0b-2d53d02b0643,0.0,0.0
58fbff47-ecbf-48ef-a0f6-a2bdf992de40,0.0,0.0
58fe0066-35d8-4c4e-b330-6ccf59280c45,0.0,0.0
591c2b57-d6be-42c2-9e80-39b981d15b19,0.5687761902809143,0.6608036756515503
595638a6-3ead-4e6b-abff-81b677573a3d,0.0,0.0
5977b83a-9f01-4e97-ab08-686c12f027c4,0.0,0.0
59782867-08fd-45dd-b6eb-614c54601797,0.0,0.0
59945bdc-683b-4adc-8c4f-c3265422e80b,0.6807860732078552,0.5562018752098083
59cd9b5d-42d6-4636-a143-a9a480d09b65,0.0,0.0
59e2774e-3493-4a12-ba58-46b0c5b16835,1.4012672901153564,1.6331061124801636
59e673e6-30c6-4b07-bc60-f3e738ac4680,0.0,0.0
59ed9ddf-802d-4558-bfdf-7143d137adc7,0.0,0.0
5a02b620-93d7-432b-9be4-b1b850754992,0.5320122241973877,0.0
5a03ef76-8074-4dce-9cad-5e608f3e04b7,0.0,0.0
5a30ed9f-e9c2-4a80-8dee-6932a8c6bbd3,0.6259773373603821,0.6741361021995544
5a389577-6eab-428f-b1e7-fef0a9ee2226,0.0,0.0
5a4c0ee7-c41c-4725-a751-83596f540646,0.575511634349823,0.6446807980537415
5a662943-3b5f-484a-b141-ec85826c4f34,0.0,0.0
5a95c6a4-6ceb-498e-800f-eb7e36a3774b,1.280265212059021,1.4026919603347778
5aaf6488-d795-4d26-be2d-206af7fe29cb,0.8417536616325378,0.9989482164382935
5ac18152-a5f3-43cb-b836-c77879330dd1,0.0,0.0
5b0a4e67-0c0f-4c97-b324-d2bda7416e4a,0.0,0.0
5b163e73-fed0-4ba1-9ee7-d701ff2ae2ac,1.0664315223693848,1.106626272201538
5b2a905c-fd5c-46c5-908c-5cdfe8b81eb2,0.0,0.0
5b308923-794e-4bcf-aafe-730f14974de4,0.0,0.0
5b98c3a5-e932-4fe6-a554-e617f484398a,0.6867057085037231,0.5075879096984863
5baa2805-a09a-4be0-a876-d2be71206393,0.0,0.0
5bc7ce0f-ac04-43cf-922a-554c2b52f1b4,0.0,0.0
5be0fb6a-4a87-4305-b363-5a0c39f0161a,0.0,0.0
5bf42a65-302e-4c31-a67b-451e075abab0,0.0,0.0
5bfad0f3-95d9-43b0-9070-577e731a7044,0.8067522048950195,0.861376941204071
5c210835-5056-403e-9334-024505ce76a4,0.0,0.0
5c323013-4fe1-438e-8d07-c4fce2625b4b,0.0,0.0
5c483433-5baf-447f-8a3b-6a71dbe8d934,0.0,0.0
5c5ca0f9-7bd4-471d-9f1f-54a2e34d6611,0.0,0.5210652351379395
5c838ac3-214a-4145-9423-05762b263a0f,0.0,0.0
5c83c172-93ad-4c5b-9d28-1d414d7abdbc,0.0,0.0
5c98a760-2678-4e43-9a8c-200955a51f70,0.0,0.0
5cabd3a8-80bd-4c83-9cff-0db870f8db44,0.0,0.0
5d0dd443-5234-4596-b9ce-2f76477d368e,0.0,0.0
5d42a77d-6522-46b9-867b-ed1c1191e220,0.614678680896759,0.0
5d436b55-c8f3-4898-b192-61d14d810ebf,0.0,0.0
5d4e883c-3b9e-4653-a820-ac4f12efb559,0.0,0.0
5d6781aa-70dc-40ce-91c2-9d96b40731f3,0.0,0.0
5d90c773-6855-498c-904b-02aeddab6051,0.8360128402709961,0.5549722909927368
5db67ceb-e667-47b1-b5fc-626c8fa5c624,1.3623793125152588,1.5969618558883667
5de328b5-c125-4138-b4f8-ba597d78c450,1.4852864742279053,1.5953550338745117
5deb57ad-8bd7-4a99-b6ec-b5e5267f0e14,0.0,0.0
5dece89b-ff53-4bf5-b465-e17bf4298e70,0.0,0.0
5dff7923-12e4-4510-8dc5-3f400041a491,1.0881527662277222,0.7808924913406372
5e1cfb2e-f5f4-4c4d-a703-16e2e178b6ea,0.0,0.0
5e2955c9-f7c6-4ab2-9fa9-f087656f3687,0.0,0.0
5e5ccb75-6d8b-4301-b552-fdf619755415,0.5094391107559204,0.5306130051612854
5e8f6c05-2335-45b6-bfeb-9cd9b908540c,0.0,0.0
5e92c167-137b-4e74-96d4-1cbc51813297,0.0,0.0
5e9ded02-33a7-4173-a4c9-e3d1faa3a27e,0.0,0.0
5ead584d-a1f7-40da-8fbf-d7cb9c2e5531,0.0,0.0
5ee1b3c2-4e09-4c27-bae4-1b87587f977b,0.0,0.0
5f133cd7-8beb-403c-abda-b48161e3e44e,0.0,0.0
5f2e0dd3-b5c2-49b7-9e88-37d69d8d5581,0.7503207921981812,0.7640480995178223
5f3bf100-246e-4a4c-83b1-812b4008600d,0.0,0.0
5f49c608-fd3d-45c7-a7ab-bf3fccd19b10,0.0,0.0
5f56ee28-2ea3-4831-90fb-81eba97cabcb,0.0,0.0
5f5b1d17-4477-4803-b7b6-86738acbc86d,0.0,0.0
5f69c3aa-1cff-4023-bb79-f7c9bd4bbbd2,0.0,0.0
5f97bc54-c660-4c2f-92f5-f7c857f2fcde,0.0,0.0
5f9af33b-23f7-4d90-aad5-ce7ed85ed1a2,0.0,0.0
5fa40247-d465-4f08-99d6-429dcd8c1bff,0.0,0.0
5fb47199-0296-4e80-a9c0-2e97460b70e7,0.7785065174102783,0.7676436305046082
5fcfc3d9-2158-43cd-b630-da8a5277f99e,0.0,0.0
5fd9c368-7db0-416c-b826-6ea02175cf62,0.5366207957267761,0.0
5fd9da02-068e-4278-9d7c-33265c8e483a,0.5878991484642029,0.0
5fdcca4f-0f9f-4ec4-9ff5-e3cbc797c28c,0.0,0.0
5fee2e22-a385-45ac-9c98-d263b7401313,1.7252980470657349,1.9340965747833252
6000328c-2c26-412c-a1d2-b5aade817aa9,0.7183434963226318,0.7049028277397156
6000f2f6-0cff-42c0-a197-bf71dbec91ec,0.0,0.0
6005ff63-ef12-44d3-9c0f-2c0a66db89c5,0.0,0.0
6019aa49-5f60-4d1e-8d96-b37672f3a2e0,0.0,0.0
6020fa41-f841-4611-91d5-78603692c6af,0.0,0.0
604b0581-f079-4da7-8a63-6957af276503,0.0,0.0
6066da32-3862-4c3b-848c-4bae51a212f5,0.0,0.0
606768b8-9d71-4c2b-a08f-8119e538baa8,0.6687429547309875,0.0
6076bc00-f85f-43bc-8291-edaee626f21d,0.0,0.0
60791de6-a682-4f44-b0a3-42f6b6227b67,0.5610796213150024,0.7975425720214844
6091f4e1-4c0c-41ae-990d-770f6d4e7974,0.5290759205818176,0.0
60a95a8b-997d-4e39-a0b8-bdf27d8e02a1,0.0,0.0
60b5cf9d-6ab6-480c-b76a-d9fe08410080,0.0,0.0
60bd261e-0696-401f-8bfd-a5a5b9af4227,0.0,0.0
60d53f73-5f62-450b-b043-0dfc72bba9ea,0.0,0.0
60d58281-6a2d-4d7f-a9c0-f920dbf874ee,0.0,0.0
60d98cfc-4fcb-4ce9-83b6-67c3d03b9884,0.0,0.0
60e6c97c-8b0c-4509-95b7-15b4d5cc1b04,0.0,0.0
613a9d46-9256-4f22-a5cb-528122d2ccef,0.0,0.0
614d7c72-4f24-4f8b-8f56-442bc29aab82,0.52732914686203,0.0
615018ac-6919-4eb3-88fc-c920c486dc96,0.0,0.0
615f6524-ebf9-43c8-9fc8-18648d7e7fdb,0.0,0.0
6160fe04-3581-4c52-984d-65eefca58c33,0.8553574085235596,0.727383017539978
6161bef9-9188-4f89-9ff1-a28eb3107950,0.0,0.0
61819894-a3eb-4d16-9915-367d81b2f7ec,0.0,0.0
6198e6b3-d4bc-424d-aeac-c89aa868ab68,1.0194703340530396,0.8013490438461304
61a49f63-9410-48c0-9ddf-73f3be4893cc,0.6926546692848206,0.8721292614936829
61d46809-42e1-45c5-a98f-ae91f92bbacf,0.7834200263023376,0.5226149559020996
6225f0cb-ded1-4bf1-980c-2075cc5c0bbe,0.0,0.0
6255992c-9f54-4746-a28e-f5dd9e702b95,1.1858104467391968,1.4007177352905273
625ee724-fbe8-4b52-8c6c-d3fc7a2b7745,0.0,0.0
62babab9-ef27-403c-8d1f-0ce60a882057,0.5553796887397766,0.0
62e0e136-ef8b-4be7-8f65-efe86f84eda1,0.0,0.0
62eaee9e-cbef-4e98-a9dd-72be607bade7,0.0,0.0
62f0cb5f-0b20-493e-b03c-36cfe87a123e,0.9369112849235536,0.7367737889289856
62f87c07-43c8-4c46-94b8-6dc526c43252,0.0,0.0
63563003-ec01-4a39-a7d3-ab5dd5f19dcf,0.0,0.0
635ed709-e9bc-4ee0-a428-fecf1d666838,0.7255313396453857,0.5700987577438354
639c557f-eda8-4b97-bd1b-9715ccdec49d,1.2328789234161377,1.328708291053772
63a605be-5f80-4e95-9aae-8c4ca778efba,0.0,0.0
63be99cb-5163-43ef-9bcd-d88d1ab902dd,0.0,0.0
63c4f5ca-e453-4dc5-bf4a-987944495e5e,1.337242841720581,1.5310760736465454
63c813d7-2723-4444-a7b3-85714164089c,0.6954870223999023,0.5401304960250854
63ed5055-1046-45e0-bcb9-2e19bba2bfdd,0.0,0.0
63f7102d-e051-43c2-af7d-621cd8f248f1,0.0,0.0
641c6b92-c0df-49f7-a439-904738a5589a,0.6359506249427795,0.5941063761711121
642831c8-092f-4637-b836-46dc7f5648ce,0.0,0.0
643a75cb-ca85-44dd-bf52-fa1526f1ce39,0.0,0.0
643c05b6-03bc-4024-8000-2228f4b5a7ad,0.0,0.0
643fbd0c-225d-4d58-8da3-07ff941a34e2,0.0,0.0
644e382d-e575-419b-9aeb-281f68fe8888,0.0,0.0
648745cc-0ff8-4db3-a527-0b7590f031f8,0.0,0.0
64abf8bc-5891-405e-be97-5658b640ae95,0.0,0.0
64f805de-1082-44f3-8594-d9f5818956ac,0.0,0.0
6526ddbe-3325-4029-98c8-c3ef583e67a8,0.8110055327415466,0.8039045333862305
653c13a8-074f-4fa7-9291-784558554599,0.0,0.0
6554d47d-3173-441c-9bd8-285e4c6dfeac,0.9714528918266296,0.7247207164764404
659de05f-3362-4700-9db7-db09c0328a43,0.607473611831665,0.6890423893928528
65b6261a-7c9b-4a79-8ab6-d692653a1c38,0.0,0.0
65b72170-4fb8-44aa-904c-b2bd2c503acc,0.0,0.0
65f193e7-bc0f-4b70-ae2d-f9b5e6e7e590,1.728923797607422,2.0289852619171143
66107de6-1241-440a-8cbc-d0fae9bbfcdd,0.0,0.0
66207d35-7d7e-41dd-9dd9-4fdca8e531ea,0.0,0.0
663753fc-e751-4607-b7e3-0d8adb8d3c2d,0.0,0.0
666e5f0f-4ed9-4e5d-8271-a8632dc03986,0.0,0.0
669b29d7-15c8-474b-bf6b-2fa79cbd4276,0.0,0.0
66c6c98c-df3a-4a8c-9744-97acdc13ce38,1.0097451210021973,1.243656873703003
66db5d36-409b-402a-9721-c4ad96782e59,0.0,0.0
66e6496d-6415-4fd2-aa72-691f83f80e87,0.0,0.0
66f616ec-3026-4349-bce7-58a4f2b3ac1b,0.0,0.0
6712dc49-1c91-43db-838d-144fff347bd9,0.0,0.0
673313cc-099c-4c1a-8f79-1cd3e6db159e,0.8006383180618286,0.5348185300827026
673ea106-6ae4-4d38-be6b-d1bb99a09f8b,0.5199024677276611,0.0
674e4f53-5a9c-4f95-9fef-a612072a66ca,0.0,0.0
6751dfff-7486-4581-8b07-82ca1d1bef34,0.5180387496948242,0.0
6766ed18-21a8-4407-9fff-6ec9518ef141,0.0,0.0
6784598f-e1ce-4269-a0c0-bfa51cedbce2,0.9881619811058044,0.9379885792732239
67a6b67b-0ef7-41bc-a953-370943ce7a29,0.5421494841575623,0.0
67b38e9f-2802-4532-b15d-e4bf958a87ba,0.0,0.0
67b925bc-9c5f-46b8-9ece-4b4dfbf981fe,0.0,0.0
67c37d45-a5ad-4714-b0d2-62805f3d9cc1,0.0,0.0
67ec99bf-370c-472a-9f65-31cd8bc8c64d,0.5628811717033386,0.567061185836792
68254a8b-bd7f-43be-ba21-6999e795fc18,0.0,0.0
682e07fc-8155-4102-97ab-96e97dc02570,0.0,0.0
68333029-edbb-4f40-b77c-9ebce888908c,0.0,0.0
6850539f-36c9-44c7-aa66-c1751a71fa9b,1.0973892211914062,1.0914263725280762
685e49e7-63a7-4dc9-9b08-58996fb71ac3,0.0,0.0
6882e902-bfad-4d38-8dd7-6e71fd2d7256,0.0,0.0
68abfcb2-5f08-4a14-8f63-ba84766c5a22,0.0,0.0
68ac4681-de85-4620-879d-531934f52bbb,0.0,0.0
68b91fbf-9791-4cb3-ba51-cca313102048,0.8744408488273621,1.0014094114303589
68d2adce-f498-4a4e-adfa-4107097dabd7,0.0,0.0
68de3a58-b7b4-41fd-98c7-a8a36a45f39f,0.0,0.0
68df468b-5c5d-4aba-972a-3e44586d818d,0.0,0.0
68f12c8e-454d-4de7-9d13-5a97ecbe8a66,0.0,0.0
693a7886-1b52-44f3-aa82-9318efbe68e8,0.9603656530380248,1.0513194799423218
6947b5aa-decc-449f-b3a2-1f20ab00a806,0.0,0.0
694ba773-c9e3-4edd-8e29-f3ed2356df00,0.0,0.0
69558000-4ace-400e-bc3c-8bee341ce10c,0.0,0.0
695e6dd6-cec1-4fb4-b85f-33cd99088701,1.42335307598114,1.7072175741195679
69621d3f-d413-48bf-bc9f-f4b9ec0fff2c,1.3741072416305542,1.4503202438354492
698bfec0-883c-4861-a206-d79ac421f657,0.0,0.0
698c63ad-94a6-497f-a30b-f31bd05fec7a,0.0,0.0
69cfa767-2ebb-495e-a793-7e3b9720113f,0.91092050075531,1.0815622806549072
69f22877-dfd8-4a56-9a8a-b5653d9e822e,0.0,0.0
69f3e13c-afda-4ad9-879c-5173d59e88d8,0.0,0.0
6a134619-a23c-45b3-a11b-93a49dffe5eb,0.0,0.0
6a19499a-19f6-4f81-827a-de6f302309ca,0.0,0.0
6a44b8e5-17af-4088-bb1f-e77332c08bae,0.0,0.0
6a45f4fa-bc11-47d3-995f-a6f9596e565b,0.0,0.0
6a495c7b-90f0-4934-8111-49621162133b,0.0,0.0
6a5250ac-b63b-462d-b615-8de83b6951d3,0.0,0.0
6abd02b7-bfba-4c9d-b986-6e8903407e91,0.0,0.0
6af4b38a-f6f4-4428-ab54-4a5d0f39b617,0.0,0.0
6b27b6fa-c934-4fa1-aa44-1676c543b47a,0.0,0.0
6b285288-483c-43d3-80e5-8a54ab81b7f3,0.0,0.0
6b2b66e1-668e-4a43-be88-b73e9e129897,0.6127087473869324,0.5545224547386169
6b47bf26-bb9b-4b53-8902-7e6712fb53f8,0.561417818069458,0.0
6b62ef09-4b60-402e-a679-e85447b8ea69,0.0,0.0
6bb291a7-6f5b-4e55-8099-30931d6a93b8,0.8418554067611694,0.7531870603561401
6bcdb80b-14c2-4359-b068-f573335e5488,0.0,0.0
6c2815ee-657a-47ba-a254-55c3dec9af2d,0.0,0.0
6c295385-023a-4426-b9ae-32ed3d675e7c,0.0,0.0
6c3ecc1a-4cec-4372-8a7c-41a9e9b3df8c,0.7454054951667786,0.8707226514816284
6c506035-4216-4021-9308-446ef2f68e49,0.0,0.0
6c7a3703-de38-4546-b38c-8634cfd4ea57,0.0,0.0
6c7da875-0f95-4a8f-98d0-debe2450809f,0.5997905135154724,0.7832379341125488
6c88188a-7667-45f6-97ff-08d5f3c49c7b,0.0,0.0
6c9c7ee8-6451-4d28-b13e-7787f18f2b20,1.5736746788024902,1.8248800039291382
6cb92d7b-a408-4792-8d35-8791b6fc150d,0.0,0.0
6ce5a181-93d6-41d4-9e94-c5a086e4cff8,1.582893133163452,1.8317421674728394
6cf21e40-30d7-4385-89c0-df702eb42c53,0.0,0.0
6d21a055-92e8-44fb-8c2b-c40a2889ea76,0.0,0.0
6d521454-5f76-4db1-bb2d-f0e56c304e5e,0.0,0.0
6d5f7c2d-eb65-4aa9-aa72-25a89bb1e4b0,0.0,0.0
6d602634-e324-468f-952b-72e65a10fe5c,0.8126332759857178,0.5757439136505127
6da629b3-6731-41d2-a5ce-ff4ddd76ac48,0.0,0.0
6da6fdb2-d881-49cb-80eb-943fa5a6b188,0.0,0.0
6df1f40c-38dc-4161-985e-dc665b2a9d5e,0.0,0.0
6df2bb92-664e-45f4-8f1b-5b910d5185bc,1.5497325658798218,1.4904977083206177
6e106c8b-d2cf-45d3-9fcb-b55ddd1b8fef,0.9518473148345948,0.7868989706039429
6e1acff9-4217-4ac3-a3bf-92a062b7b1c7,0.7383829355239868,0.5848624110221863
6e1fd7f2-c102-4e55-b288-39a62e88acf2,0.0,0.0
6e3a9a73-862f-4b62-b606-ac8d3c91153a,0.0,0.0
6e5ca91d-ab7c-4248-84ca-ad4e7bf84361,0.0,0.0
6e8bc421-36e9-46ae-9f5a-e2f6242534bb,0.0,0.0
6e96bf06-cbc5-45b5-a36b-e37864226099,0.0,0.0
6e9d524e-95d2-4585-802f-9d0359006b8d,0.9921482801437378,1.114043116569519
6ee97966-151c-4355-9265-96425e6155be,0.6892258524894714,0.7667689323425293
6eec4750-a239-4ea2-8da2-ce85106437aa,0.718531608581543,0.5868701934814453
6ef0dbd8-73e7-4618-9cfb-08542f97c93a,0.0,0.0
6efb7181-a6ef-4ab1-9f3d-06b8ca452816,0.0,0.0
6f12bd5c-521f-44d6-9109-460ebe81efe7,0.978343427181244,1.1675571203231812
6f1d8e44-747c-4ff9-bcb0-43fe13f70c58,0.0,0.0
6f40b5e6-0499-4bb1-84c7-57d99a8579f0,0.0,0.0
6f6192b0-3100-4524-96a3-2a031de9584a,0.0,0.0
6f6b841a-0c62-4ecf-a2e7-cb57de5bed7a,1.009578824043274,0.9904614686965942
6f8265aa-c3de-4b45-b57d-69980af1dce1,0.7064530253410339,0.0
6f923687-60a4-4767-8ca0-4712bf8d22cc,1.8333988189697263,2.19893479347229
6fb254f1-dc66-42b3-b47e-e0c2d46336b6,1.228272557258606,1.260774850845337
6fe34477-8bbd-43df-9b88-00b28258f383,0.9039523601531982,1.0239568948745728
6fe4ed8d-37be-4d46-a69e-88b138436ffc,0.0,0.0
6fee904a-5cda-452c-a973-fe160da5119b,0.0,0.0
6ffc3010-9dc8-4e9d-97c9-a8bf80e34e34,0.0,0.0
7017534c-f8ed-4b72-931b-774d9eb9155b,1.5347250699996948,1.8239978551864624
7032de7a-7b7c-458d-9dbc-824d66b4289d,0.0,0.0
7048ff72-2c10-408b-ae8c-de496c49307a,0.0,0.0
704b7de5-8e97-473c-8b61-e437bf5ebc5e,0.0,0.0
705d8af5-6db8-4a41-9680-e1cc8aa22d5c,0.0,0.0
706ef631-76f8-4a50-be79-9f58da9a8044,0.0,0.0
70a07bf7-32fa-42b3-b32d-7fcc3c912b9b,0.0,0.0
70a8fbac-6968-46c8-bd00-eed221c1c58f,0.0,0.0
70c34df2-ce5a-4d64-b62a-43cdc34ccf15,0.0,0.0
70db5fc8-fa25-40ef-b108-76693b8d1115,0.0,0.0
714ec473-92cb-48b4-a707-7b7fce8a957d,0.0,0.0
71523e8a-fb6c-4eaa-9619-8c4714e4a7e0,0.0,0.0
715f6b42-8db7-4f16-9dfd-fedf452127e2,0.0,0.0
718809d4-1274-4ad5-b543-b6a6e4d16ba2,0.0,0.0
71cc8d34-571c-4485-a5c1-acc611190aff,0.0,0.0
71e7b88a-f27d-4dcc-8d53-02402b67c376,0.5238190293312073,0.6121817827224731
721e8704-8419-4989-a157-179338f69084,0.5221503973007202,0.7463327050209045
7261ab0c-a8ca-4ee6-89e7-2192bf042d6d,0.0,0.0
72ba5ddf-10ac-4d15-9440-6fe64e9e4c8f,0.9456042647361756,0.9312800765037537
72d4140e-6544-4cd4-9338-92101e6fe01d,0.0,0.0
72dd774d-4225-4422-ad73-31d207ff8981,0.0,0.0
72f55daa-c595-4cc4-97eb-07d821f05b1d,0.0,0.0
731697ab-eb20-41c8-87d2-476a61620d48,0.0,0.0
7330eba6-2967-4d37-a0da-10248a965880,0.0,0.0
7339f343-c909-46e2-b2e0-9f7409c0578c,0.0,0.0
735a1934-c12f-4635-8a8b-77a76058eb34,0.0,0.0
7365a7d2-f2f8-454b-87bb-02f2a97e5103,0.6982352137565613,0.8154006004333496
73946132-eab5-4c1f-80d1-98dc86742c4e,0.0,0.0
73a4930c-33bc-4f81-b3f2-c0544d1d8cfc,0.0,0.0
73d15410-b133-41b3-8e4f-23a3db7171f5,0.0,0.0
73e4db9a-58d1-45ec-9e86-04382a503d9c,0.9700104594230652,1.2394076585769653
73ebb950-f349-475e-86bd-2e5cd8c3f978,0.0,0.0
7420646d-d24e-44b2-9964-a0decc6dfa0b,0.0,0.0
7439b3c3-bd5a-43e5-a69c-2028c06e777d,0.0,0.0
744fbc32-54a7-4f2c-bfc7-ae7b3ca6919b,0.0,0.0
74567991-4ede-482f-80da-aa99da4f36c7,0.0,0.0
74747a11-b38a-4b6c-a4d2-8f5480f5ed21,0.0,0.0
7491c6b8-dfc5-40ea-bf0b-b625a1c90b4d,0.0,0.0
74be0dd7-3639-4530-9b9b-6caf3d4f9597,0.0,0.0
74c2cb49-ac9d-4a7b-bd69-e8a83e322731,0.7500789165496826,0.0
74cf84cd-1989-4547-b3c9-1625b9aa8946,0.7175344228744507,0.7948457598686218
74d4d8d0-3206-442a-9033-64dd3133c590,0.0,0.0
74e49a63-d0a3-49a5-b7de-42d3586132dd,0.6536102294921875,0.8259062170982361
750361bf-686e-44ec-ac0b-b3c7b6d198a8,0.0,0.0
751c924a-7bf2-48f6-9d10-9267398ce199,0.0,0.0
7530c49c-d006-4bd6-8fa8-2634cecadaee,0.0,0.0
75644b58-4fbb-494f-9e33-1d04ede3b374,0.0,0.0
7569aca3-0420-4bff-8a4d-c6e72753c937,0.0,0.0
756f42b3-7f71-4f69-847a-c3c9bfca019b,0.695454478263855,0.6722338199615479
757a425a-3d3a-4b5f-9163-f16aa78e2e69,0.0,0.0
757e3add-d5f2-4016-8fbe-d17351b352d4,0.0,0.0
757ea507-90bd-4575-846b-461c96187f8b,0.733672022819519,0.0
758157d9-2fdb-4e4d-8a1a-c12b86086fe4,0.5061705708503723,0.0
758d8222-db41-4183-bb60-4a07017b6d0c,0.0,0.0
7599b94c-6f3e-44ec-b63d-cdef7f682953,0.0,0.0
75a17c6a-b05d-42bc-9fa5-516dda2656ad,0.5279776453971863,0.0
75a36311-2f6c-4482-bad8-0e5559941996,0.0,0.0
75ab8c93-91f6-4692-bf99-a7e3f2f661f3,0.0,0.0
75bcabbe-72ee-4f19-8c5e-2f1482c735a5,0.0,0.0
75daf6d5-120b-420c-9a5a-f74e9239b59a,0.0,0.0
75e130f4-262a-46a7-a998-911c07877da3,0.0,0.0
75edbe83-c20e-494b-b1a1-a3b8d999ef85,0.6388242840766907,0.7951961755752563
7620cd79-7702-44e5-8a3d-d559c2dfe443,0.0,0.0
7644d39d-377f-4f2f-bfd0-84dcae0a5e0d,0.6012673377990723,0.6569851636886597
76519816-4e0e-400b-ab75-319a452c161e,0.0,0.0
7661023b-638c-4169-8c5a-8db593331603,0.0,0.0
767203e0-7f90-4bca-a6e8-81a147471edd,0.0,0.0
76735d7b-5385-496e-886c-da2fb28d3c30,0.0,0.0
7677c98f-20ba-4dd2-ad09-b7757815c3d3,0.0,0.0
7689db7e-fb7a-4966-818a-56d59ac8e3c4,0.0,0.0
76b740df-01e2-4fcb-8b38-102092c831a6,0.0,0.0
76ca7ab8-0211-406c-a8ad-e352974ad0da,0.0,0.0
76ce35f1-536f-411d-893c-379aca4bbe9b,0.7945829629898071,0.953348696231842
76d8a036-4cd4-4bd4-a96f-694f09f32458,0.0,0.0
76e3be23-df38-4676-8c4c-9b63b1eda8d6,0.5765939950942993,0.7435533404350281
76f2cfe6-0db9-447a-8f40-8c18ce4d7159,0.5605598092079163,0.0
76f831e6-610e-46bd-a869-aff1e98126aa,0.0,0.0
76f9f829-f466-4426-8ab8-5f7013e4461a,0.0,0.0
7717e215-a98c-4dfc-b323-e816fdfabb3f,0.0,0.0
776790bf-7ad6-480e-8e8c-caf23fb678a7,0.0,0.0
7792415f-192a-48ae-b59d-fc645757c5aa,0.0,0.0
77936df6-920e-4750-97be-cd980c4eb2a8,0.5082429051399231,0.7564992308616638
77b5d11b-1644-4477-b9f5-26731209c733,0.0,0.0
77d8e9d1-e2a5-4c73-9c09-5e8c1db00142,1.3831685781478882,1.5509320497512817
77dfa7e0-3e35-498e-aada-5668606a3d5d,0.0,0.0
77e89bb8-046c-46df-b158-9dd1a010ffb3,0.0,0.0
77feb6df-5077-4f2e-bc14-debd4935ba60,0.0,0.0
780fe4e6-85cb-4fa1-9beb-340a17d0f703,0.0,0.0
78134cc1-ae34-4825-ba38-68ed2567b1f7,0.0,0.0
7817fd08-1d63-4b9a-9930-ce0194280827,0.0,0.0
781fd166-c0da-416a-8fda-5b3c082352ce,0.0,0.0
784ffac5-de67-4678-905c-fedce0c4e51a,0.917155623435974,1.122607946395874
785efb27-4da8-442a-a762-489910815022,0.0,0.0
786076ec-c576-4488-9c5f-c9f8a07c5442,0.0,0.0
78799ad9-37c4-4927-85ac-2a5222e367ae,0.5639259219169617,0.0
78851b48-b2e4-4475-b294-bc7de20da46f,0.0,0.0
78b2cd0e-f847-4925-a3e2-f6ece3aa37dd,0.0,0.0
78bd2e1a-29d3-4067-8fd9-63a36bc7243e,0.0,0.0
78d6b280-0316-41d4-81a3-5757e225becd,0.0,0.0
78f02e66-8ce3-40b9-b49a-8bc67054c98a,0.0,0.0
7903a96b-0139-4a52-827a-7bdcaa7b4e3e,0.0,0.0
79151659-47ed-42b6-bc9e-7e71cd70626d,1.2645548582077026,1.5245822668075562
791c7bcc-8a80-4003-ada9-db25eea9deaf,0.0,0.0
7932b6e7-f715-46d6-957b-e5d5fb98dd36,0.0,0.0
794a2e28-aa42-48c5-8535-d1e0c04d2837,0.0,0.0
79a3505c-c5b2-4334-a386-9daf1a61d6c2,0.0,0.0
79c56d96-da62-4f5f-ace9-3813a889526c,0.0,0.0
79c9223b-a37d-4e5c-b168-efe16552b1d6,0.0,0.0
79dcf7a5-6d18-4c0b-ae2c-a0e356c13428,0.0,0.0
79f2561a-4666-4656-b0e5-56212f4b1838,0.0,0.0
7a2c807b-9001-439e-a6d3-e5f333e42ffd,0.0,0.0
7a37f3b4-de37-4f28-8adf-529854851e0c,0.0,0.0
7a526faf-7a07-4e4e-8948-0f1acf4d7cef,0.0,0.0
7a6d4e8e-5a77-4ae4-9012-e074a4bbb515,0.6637447476387024,0.8270322680473328
7a9836b6-faaa-49ec-8528-f7a413925547,0.0,0.0
7a9de680-be41-4530-a15a-fa7ef6971b33,0.0,0.0
7aad115e-ed5d-4918-a8fb-26a6f7058894,0.5842682719230652,0.7282071113586426
7ac21a88-2eb9-4848-a97a-33f2fbd71414,0.0,0.0
7afe60c1-0996-4dd1-b456-b517bea15707,1.033334255218506,1.1660752296447754
7b014d9d-6ad3-40b9-917e-6a83da8a9dd5,0.0,0.0
7b101611-0a39-4d73-bccf-ce1d54e187fd,0.5338197350502014,0.5929417610168457
7b1118ef-434d-4340-a9cf-d5a586006849,0.6063982248306274,0.0
7b182386-df83-4fce-b933-3ba3c9af7012,0.0,0.0
7b25ce58-d6c0-4e72-b80b-843d0fcca644,0.0,0.0
7b6251a7-d112-4215-9053-646a4d4ece21,0.0,0.0
7b7a4fae-0cd8-4dfc-a414-a968b54a41f9,0.0,0.0
7b875ab0-410a-4869-b6fc-fdb57a599d02,0.0,0.0
7b9631d2-257c-46f5-927d-2f1bf58f692e,0.0,0.0
7bb0acd5-e4cc-46dc-97b1-595863d59464,1.1249088048934937,1.1792186498641968
7c54d42b-413e-48d8-9d4e-29c011be8d04,0.0,0.0
7c5aea4c-d44d-4332-b17b-aaacb0408780,0.0,0.0
7c5db35d-40c5-4e17-b3e9-cdcf6fd1e1c2,0.0,0.0
7c79f6eb-594d-4ac2-8077-e5c6da056309,0.0,0.0
7c84aa1d-517f-4e3c-9f3a-31c6f13bea31,0.0,0.0
7cbdda8b-1a45-4558-aad1-30dc0c26536d,0.0,0.0
7cccc801-2e1f-4246-8726-e18effb289f4,1.270267367362976,1.3096034526824951
7d18fde1-3429-44b4-806c-f08f7962009a,1.1094218492507937,1.1973042488098145
7d2468a1-15d7-4bab-a830-d9f7a12c1877,0.0,0.0
7d38f07c-b131-4b9a-a06b-c25cd9ab6a50,0.0,0.0
7d43a557-faf8-4345-a4f8-59a357f4a9ad,0.0,0.0
7d9046fd-f176-4f39-abba-ba68e2be4e23,0.5104703903198242,0.5036652684211731
7da76a2f-9b91-4e14-9b74-64cc563d85a8,0.0,0.0
7dc595a2-b642-4c18-8a6c-223ad3e80d5a,0.9688366055488586,1.2134671211242676
7dc8c073-53c0-40f7-8be9-07261ef1442f,0.0,0.0
7deb8fce-879d-4098-b915-99ae716eebb7,0.0,0.0
7ded0014-f2ec-43a3-afeb-8efb86f6b33b,0.0,0.0
7ded5cd0-0347-4fe3-ba4b-5956c91c2ac9,0.0,0.0
7dfafe51-50ed-4971-a0a9-368a049ddcb1,0.0,0.0
7e176fc5-f0ac-4bfc-be15-62859f249f14,0.6229082345962524,0.54374760389328
7e2b7215-d46e-40fd-a035-a8b0c1bb4bd6,0.0,0.0
7e2bbbf8-78c6-4203-b60a-eb946a92fd8d,0.0,0.0
7e60e266-b05f-4cd8-8cde-7234da8e68af,0.0,0.0
7e952b8b-d9d6-46b3-90ce-192aa5b56744,1.5422770977020264,1.7935752868652344
7eb0007a-6a75-447d-a4f7-930012c0f736,0.6252196431159973,0.5366664528846741
7eb86c5b-ec0c-469d-8a3d-5fa389aa0ba3,0.5585418343544006,0.0
7edd0e9f-fc1e-48b7-ac21-dfcd3b2a7a71,0.0,0.0
7f0937b6-e121-4395-8922-006b44b5d986,0.6156156659126282,0.837923526763916
7f2f7bf0-dc8f-4a98-b26d-f869a8bf4c49,0.0,0.0
7f378405-4dfe-45dd-a769-65173dafe252,0.0,0.0
7f4c4b49-a18e-40e2-85a1-2303dce7f626,1.2944416999816897,1.4675129652023315
7f9f181c-f5a9-406b-b420-e14206381df1,0.0,0.0
7fa56a48-04c9-466f-8915-b63ddbd51fb2,0.6839078068733215,0.8412101864814758
7fcb4447-0cfe-4e65-bab6-0f130b7c95f1,0.0,0.0
7fe25a02-bc79-43eb-9ed4-59103a2ca1ea,1.6314630508422852,1.9747849702835083
80343aef-ae2e-4e61-99f9-b1d6501f902f,0.0,0.0
8041cfba-9423-4f67-99f6-d774ddedb92c,0.8513047099113464,0.5931354761123657
80683748-7e94-4d2b-a05f-4bce22e0124b,1.296919584274292,1.6838862895965576
806a250f-1952-453e-b36c-7918dbb006a1,0.0,0.0
807ad97c-cc97-4520-864d-1784cb35c562,0.0,0.0
807cc955-e49c-4b31-bda1-171e5ceacb7e,0.0,0.0
807e5f01-8f72-4c95-a88d-9a2cc6a79d49,0.0,0.0
8084f679-b85c-431f-a4c1-8895c664fade,0.9821810126304626,1.2403172254562378
80a96171-45fe-4fbb-9276-4a11a26a8868,0.0,0.0
80cc2471-46ea-4ac0-ad03-35eaeb76f8dc,0.5445284247398376,0.0
80f7faad-9afe-459e-b9ec-364d6af15ba4,0.0,0.0
80fbf38b-aadb-4597-a0dc-4e3daa75c638,0.0,0.0
80fcf0de-25c2-48f0-a236-640af4ceedbc,0.0,0.0
81032f74-9b7e-4bb7-a581-a21f95f1d7a8,0.6869444847106934,0.0
8106b363-578f-4914-83e4-b3933d495307,0.5555915236473083,0.6864795088768005
81138cf1-7876-4ba7-8a05-c48432493c28,0.5486711859703064,0.0
814d90b4-d470-4501-b582-7dc02351b186,0.0,0.0
818178f7-0daf-4b92-bea8-dc0be271c0a4,0.0,0.0
81dec5eb-2d83-44b4-a933-306c4910242a,0.0,0.0
81ed0e16-95b9-4347-b67b-44def3a37ad8,0.0,0.0
81f79a09-2336-4bc6-8a38-808643741eca,1.204526424407959,1.2990527153015137
823f5c7a-9bc2-41bc-b5ed-cb97c4bbef6d,0.0,0.0
8241f60c-a6ba-4a30-961a-d5a24fde1b4e,0.0,0.0
8244e08f-f4dd-438a-9a97-c108b793746f,0.0,0.0
8260da68-7779-47f0-af30-66df766f2930,0.0,0.0
827e5d50-38d2-45dc-83d8-690df9c52ddb,0.0,0.0
828c6036-6afa-4e6b-8171-a56a385c6d06,0.6541087031364441,0.0
828cb9fa-6eda-48d8-ad38-1feed8b08016,0.0,0.0
829c34ec-6d90-447a-965d-bd6e0f9962b2,0.0,0.0
82b76e21-712b-4e13-b771-d29f7938c8c0,0.0,0.0
82d7d2b2-83d1-4fd3-b538-432bbe5bc3bd,0.0,0.0
83211d98-9428-4821-a2ff-b2a48f6cd757,0.0,0.0
83398a46-2168-418d-8614-f27adf0d41ab,0.0,0.0
8341da7b-72db-418e-a746-9631786698bc,0.0,0.0
834ed3dc-42ce-43e1-b9dd-1d4ac28270ab,0.0,0.0
8360d272-d3c7-4d0a-9c28-d3f74fa81fd3,0.0,0.0
83893608-4fea-491b-849d-31bd6ed2b9ef,0.0,0.0
83957354-3579-4455-9d9c-246dfbda2c27,0.0,0.0
83a7b734-b70d-4a44-a21e-2f8cfdd92294,0.0,0.0
83dc8269-7d3c-41b0-b281-3064b5d42298,0.8766000270843506,0.9382988810539246
83f214f1-f7f8-48f3-a5be-58a1f6e56a02,0.0,0.0
83f3cb30-63b4-49f5-a7c4-c1cab49d5e1b,0.0,0.0
83f4d12e-d880-4723-9066-9e8b635907d5,0.6158772110939026,0.0
84052cab-3e39-4a62-8325-01bc17df8dd6,0.0,0.0
842e2ced-b0b5-4905-a123-34b79273cacc,0.7581636905670166,0.6536111831665039
8435d468-9c21-4669-9581-9037ac6a224b,0.0,0.0
8442004c-1cf8-4625-a38d-6d71392d890f,0.0,0.0
844639be-b3a6-4665-a46b-e75774f8ed50,0.5728814005851746,0.0
844c5a38-2e35-4457-b127-3907c93f94f6,0.0,0.0
84623969-a52d-4c7d-8ea2-dff2935c655f,0.0,0.0
8463d7b7-fd84-4b3f-bb79-a3da05b64284,0.0,0.0
847ccc4e-2f2a-4f6e-8066-a4e700878d25,0.0,0.0
848ace2b-750c-4c46-8273-aaf1cde20e65,0.0,0.0
84957e84-2d2a-4dca-9e88-e1a93553b91b,0.9102752804756165,0.945667028427124
84e64243-f823-4fb9-9231-bd24d727e7eb,0.6440145969390869,0.0
84e86451-78af-4198-bab8-2acf99b87a54,0.6286888718605042,0.0
84ee53d3-0109-4036-89ec-fd3b5b80867d,0.0,0.0
84fb10b6-573c-40e5-9665-915398ec4d8f,0.0,0.0
8505b3d0-0a40-4a07-9b60-8615c7db36fd,0.7964476943016052,0.878355085849762
857ef987-dbbc-483c-96ed-67bed17c6e91,0.0,0.0
85a1cdc7-0344-4d9a-94b9-5a955bf0cdf0,0.0,0.0
85b8b652-4fb1-4b2a-ac12-1ebf3a6ac696,0.0,0.0
85c215d4-e0d9-4571-b6fb-8e283ba1cf76,0.0,0.0
85c5e51d-1ed5-48d8-a670-02cb75cf64fd,0.0,0.0
85d44dbb-94b3-4244-9049-d18221c5db73,0.6115718483924866,0.5575305223464966
85d66209-d148-44d3-b663-ca09312dc441,1.5440772771835327,1.7884923219680786
85f61540-a80f-412b-b28b-9fdbfe0b52c7,0.0,0.0
85ff2628-b326-426e-bf4c-2a6a75cc061a,0.0,0.0
86322c3e-cf2c-408d-bfdf-94152cec74f3,0.0,0.0
863eed57-8ffd-4b51-b456-67e831eddaaf,0.0,0.0
86663c59-4661-483a-a4f6-b4a830c62122,0.0,0.0
868b5ea4-d7e0-4691-8924-8dd3f62e6035,0.0,0.0
869b32ea-ca40-4b6c-9cb4-0575d58cd67d,0.0,0.0
869d4ec6-5043-4c7c-a512-68429578048c,0.0,0.0
86a243f0-8a37-4333-8695-89c268db0c17,0.8663071393966675,0.9910853505134583
86a8c1f7-8666-4d0d-a488-7aab4b79364e,0.0,0.0
86c64558-a676-412b-9d6e-7864f806fbe4,0.0,0.0
86e821e6-8af2-4180-8906-bcd38bc1dc05,0.0,0.0
86f4425a-db11-4365-872b-2570c965540c,0.0,0.0
872104ba-ed8d-427d-8cb1-0aa94504d455,0.0,0.0
873479f0-93a9-43cb-8a13-07d4059a1a34,0.0,0.0
8785c7dd-fcde-4d24-b851-edc5881e1689,0.0,0.0
879958ab-3df2-4e10-bed5-4697fba25561,0.8810136914253235,0.9625266790390015
879da23a-500d-4fe5-9105-1114f415a36d,0.0,0.0
87ab02c0-696c-4210-94d7-3b42d55f347b,0.0,0.0
87bcfb33-bddc-4911-a428-659196e458c0,0.0,0.0
87d2254e-d49a-4102-bd58-750533cd90db,0.0,0.0
87e9ceb9-ed12-404b-b61e-aacd48e826fc,0.0,0.0
88498554-074e-4473-b84e-f7b0cedf36f5,0.0,0.0
88825a6f-8b23-4d6f-8e90-164fc0110654,0.0,0.0
88911ee2-79ee-47de-bcb9-a7efbc65ec28,0.0,0.0
88b59f59-91b3-454c-bf92-01866ad8eb8d,0.0,0.0
88ea152c-328a-4aa1-8741-3a5fd134eb09,0.0,0.0
88efeefe-155a-4a08-9792-8b2b54a35b5e,0.0,0.0
89002b9f-6de6-4887-89d8-82ec176b7500,1.903253555297852,2.286902666091919
890e1b00-0a0f-4642-86e6-a6f8ee59ca24,0.0,0.0
8928ea7c-9581-49c4-9501-817cfecbf37c,0.0,0.0
893d38f5-19c9-4063-9b8f-383363b022f7,0.0,0.0
894acb3b-f635-4ba8-8f8c-af383663334c,0.0,0.0
8983dd80-4db3-4f22-98e2-3811035d5c60,0.0,0.0
8989b330-08fe-4121-982a-c6d777a066fd,0.0,0.0
8994b440-e455-45c3-a8d9-a2d23dd0dc3d,0.0,0.0
8995d2dd-14a1-4b9f-8f1b-91ba23ef67f3,0.0,0.0
89ce18fb-8616-4da9-b73f-bdca11334b2b,0.0,0.0
89e30f28-f7ff-4645-a9fb-9c8bc302fc03,0.9333793520927428,0.9577153921127319
89e4db49-5dcf-465d-9763-c49f86d15197,0.0,0.0
89e6ae90-c80e-4afb-804b-49a9c6b40ba2,0.0,0.0
8a283eb4-9fca-4448-97e0-ccd71ae62024,0.0,0.0
8a3e7856-b548-4af6-81f4-ee92c2241c60,0.0,0.0
8a3f745c-9dae-43ba-ad9e-27d571de8da1,0.0,0.0
8a468f35-9749-441c-b385-402e6cbae0e1,0.0,0.0
8a6fa2c4-5f93-44ec-ae24-010288e4e18b,1.2260757684707642,1.2961819171905518
8a863bfb-ffa4-4d2e-b892-aa7375df7561,0.0,0.0
8a9a13b3-7ba3-4560-91fe-b4eff1997b11,0.0,0.0
8ab1bdd0-4376-48dc-8d26-3f22cdb377c5,0.0,0.0
8ab500c7-a1ef-4224-8180-9cf518a65ae4,0.0,0.0
8b3fe08b-2515-43f5-b2fc-fb1e7bbccfdb,0.0,0.0
8b560c48-454f-4b08-b886-6d5495702214,0.0,0.0
8b57a10b-30f8-4cc9-a8ec-71f0bdb57797,0.5839937329292297,0.0
8b6d593e-8278-4e0e-949b-c2444513b46e,0.0,0.0
8b998e83-86bb-4dc3-bbc8-a58916912f6f,0.0,0.0
8bb6eef5-9f96-4125-b9e9-3ccd329c274c,0.0,0.0
8bc28386-2cf7-4641-ad93-ba6fd17a0f4b,0.8872882723808289,0.716632068157196
8bcaa3a1-1e4d-4390-878f-421294aa8820,0.0,0.0
8bfc5ac4-5e8e-403c-93cc-1f6559606b75,0.9074299335479736,0.9484737515449524
8c1b0e97-6486-4abb-ad86-93d9a8685bc7,0.0,0.0
8c1dd3be-4d91-4ce6-9cef-a76f2c106158,0.0,0.0
8c28ca5d-581f-4358-9599-5ce59a6581c2,0.0,0.0
8c4e95fc-6ae6-4704-9583-9d4850491365,0.6638487577438354,0.6801575422286987
8c4f1018-143d-4c80-a381-e74dee974cfe,0.5097745060920715,0.0
8c51f04f-8a99-40d1-b064-1e98c3cebb50,0.0,0.0
8c70f2ef-959a-4bbd-af0e-012a149ab55f,0.7852015495300293,0.9618530869483948
8cb538d8-1c66-43ac-8162-84fe5af86ebf,0.0,0.0
8cc6488c-d532-4a73-a5df-6ab793e094f1,0.0,0.0
8cd00c79-4748-4902-90a1-866034b3f7f4,0.0,0.0
8ce54a48-62f4-4bab-96d2-12bf62de79b1,0.0,0.0
8cf0fd45-2597-4d14-b61e-397327b7d95a,0.0,0.0
8d0e55e6-31f4-49bf-b2e8-bc914e8b6fbf,0.0,0.0
8d1b21e3-6e35-4909-86f2-50f3ca3269cc,0.0,0.0
8d287a9a-8ee3-4347-9dbd-344d01cbac58,0.6112391948699951,0.7568768858909607
8d38325d-9464-46a3-82e9-d916f700f1e1,0.0,0.0
8d5db2c5-f9f5-4940-b3d7-a85b8fb8edce,0.0,0.0
8d868171-8eed-4181-b5d7-c03a9a6f9800,0.0,0.0
8d97132b-501a-4f38-ac3e-09abfe7b10a1,0.0,0.0
8dcb3f7b-3abe-41fc-a123-911ad2e210ce,0.0,0.0
8dda4f03-a04c-43ca-8f33-276d82d3dbaf,1.68389892578125,2.029015302658081
8e08adf8-927c-4fc5-8fd8-d7289443da7d,0.0,0.0
8e2f015c-9acc-41e4-9df6-ca9087328ae6,0.0,0.0
8e3d6d1a-e9e3-47cc-a887-14506a758836,1.1083756685256958,1.2052571773529053
8e4cf4de-7e22-4b40-8b11-b66294ef30c6,0.0,0.0
8e4f7003-0c73-4f48-a02b-2bedee6469f6,0.0,0.0
8e77fe19-6c99-4ced-8d01-00a1e570bf59,1.3380247354507446,1.6930099725723267
8e945b6c-2bbb-48d0-b3ce-c415e560fc43,0.0,0.0
8ed441fa-9042-465f-a8b6-ecebd97e1992,0.5503342747688293,0.5874011516571045
8eda8516-a4df-4406-abf3-2f85c43513c3,0.0,0.0
8eeddc77-135b-44d5-b8f3-a303f2cd501e,0.0,0.0
8efe4060-1856-49d3-bf39-2803661b1424,1.547580361366272,1.9375708103179932
8f0008c9-7a0f-4f23-91f7-a44f60fa3c04,0.0,0.0
8f010ea3-d5e5-4df0-a4a4-216938a100d6,0.0,0.0
8f11cd65-b4c2-48ad-aadb-981c61dc2df6,0.6045785546302795,0.8267600536346436
8f23f50e-15c5-4ac0-8611-ce93641db48c,0.0,0.0
8f2a5168-a09b-4325-b95e-c9b93c793762,0.5062448978424072,0.6868771314620972
8f701f67-f372-4935-b31c-a44e8be78691,0.0,0.0
8f7351b8-f33e-47f1-ac9b-1d06bce71029,0.0,0.0
8f778c15-8075-4499-afdd-808a78534850,0.0,0.0
8f788b60-d40e-4943-942d-dbbe3b9d4f35,0.9897066354751588,1.0034027099609375
8f893799-da11-4a0f-b975-7a7cde755bbb,1.0748751163482666,1.2955366373062134
8f9286f6-1569-450b-b7ea-0d2b89985c79,0.0,0.0
8fe5787b-ab2e-43d4-8ddc-e8609c13023a,0.0,0.0
902f36cf-c916-4715-883f-e73ad2ab4cc9,0.7251912951469421,0.7967867851257324
9047bded-3127-4a64-bac3-a83b0bcb9b81,0.9552932977676392,1.152396321296692
908f90ad-4718-4270-b8a6-176cbe65f037,1.0536692142486572,1.160975456237793
90afdbb3-eb1b-4672-85de-771bc12dc1fd,0.0,0.0
90bac0d1-9ade-4a58-9d53-64e7c147669f,0.0,0.0
90d98fb0-dbbf-468b-abe3-b48bdc79cc6a,0.0,0.0
90edb7e8-b150-4bea-a9a7-6778afbfbfe1,0.0,0.0
90f7712c-5e44-4166-aed4-e5f40ea5351a,1.0241191387176514,1.1160517930984497
91309ddb-36f4-4f1d-8581-eb9c84d1e828,0.0,0.0
915371c0-0d6b-4a76-9bd1-ec78f12f63d4,0.0,0.0
915803e4-3667-4257-a51d-926448d56c5d,0.0,0.0
916b0a99-a677-45bb-8f03-bcc49c566e61,0.0,0.0
919a2dd2-d58f-4289-b8b0-6e1e6cc0b5b8,0.0,0.0
91dda6db-8d9d-474a-9d60-36d1dee144f6,0.0,0.0
91ee3fb2-93b9-4337-9a3f-e4bd9901544d,0.0,0.0
9218eb4f-877d-429c-ba97-d9de3fb8c3e4,0.0,0.0
9244b377-1ef9-479c-85dc-9ff5503e084c,0.0,0.0
924eb422-a23a-44fc-a826-c9270fad3746,0.7182319760322571,0.5045065879821777
9297595f-632c-4726-9c3f-9524fb6902c3,0.0,0.0
929f8f6d-8c67-4267-805f-5fd5dff2c242,0.0,0.0
92bb08b5-60f3-43ee-8974-fce1b439e9e3,0.0,0.0
92becc1f-61d0-4c39-9ee1-be78ae88e189,0.0,0.0
92cf46e4-80ff-41b9-ba93-ca0ad15cf49d,0.0,0.0
92feee03-7689-4936-b6b1-0a55d5f03e66,0.0,0.0
930eaa88-ab76-4dce-9dc8-0782b8cc99f9,0.5535707473754883,0.7145909070968628
93171cbf-811a-4a91-bf62-028dc80a98a2,0.0,0.0
932ba1e3-aa79-4c17-8797-17d3c4d076c0,0.0,0.0
93669455-6731-41df-be53-e3ec6e7b68f0,1.650790810585022,1.965212106704712
936b2527-0328-4bba-b642-f348225db551,0.0,0.0
936c9f79-754b-4a71-8797-7c8c145870a2,0.6448740363121033,0.6321543455123901
9383457b-95cb-4050-b713-484e121499a3,0.0,0.0
939ad6cd-58f6-438f-9728-3f47b6129c30,0.0,0.0
93aee58d-967f-4ab0-9ec5-e61dafaaf345,0.0,0.0
93b472d3-a66b-48f7-bf42-ad67407b7739,0.0,0.0
93d67f13-782d-46d2-84af-5bce2b05b2ee,0.0,0.0
93f64a6b-7810-4481-84b7-6bdfe605e74d,0.0,0.0
9439e2b2-ce1a-45d5-8cb2-24a2117fffdb,0.0,0.0
9440f2a9-959b-47cb-a47e-fa4cd36b9e99,0.0,0.0
94727c88-07fd-4d6e-bada-692a6c80efb8,0.0,0.0
947f9cdd-b494-49bd-9eae-c0da947d0afa,0.0,0.0
9492cc60-a3b5-4d01-930a-de44503101f2,0.0,0.0
94963826-c04e-465a-9fcf-a0d9eee7226c,0.0,0.0
94acfbb4-15a5-415b-af21-4f8ab2089f35,0.5984818935394287,0.0
94b338c6-40a2-4be0-b7fe-5630eb5c15b2,0.0,0.0
94b609bd-3468-4be3-93cf-31f8e4fdbf4d,0.8348296880722046,0.6822767853736877
94c31309-0a8f-4462-8280-669cfff96ddb,0.0,0.0
94ca8c09-e4ff-4ebd-b11d-52734465d03f,0.577401876449585,0.6341626048088074
94d1b11d-5c68-4793-9c18-8f67b028d275,0.0,0.0
94e74667-f8c6-47d1-bc9e-316ee0d1d51f,0.0,0.0
94f7b872-af59-4303-98c4-977fbd7432a1,0.0,0.0
94ff1b29-503f-4f8d-b310-93872e28549d,0.0,0.0
952a56fd-d1a9-4ff6-80d7-8458d94bd36a,0.0,0.0
955eb0b9-d6e3-4c6c-9f8d-c86cbaf00fe7,0.0,0.0
957e0e32-3807-434b-9877-d3a04a3983f4,0.0,0.0
957e6680-b92f-49cc-9b7c-742d55e937d8,0.0,0.0
95a97c80-49e1-49b8-8e70-c2fb251d9a73,0.6935949325561523,0.0
95f419ca-b5fc-4032-ba22-fd0491690c24,0.0,0.0
9618d342-4b2c-4c06-ace6-8efd8bb29ed0,0.0,0.0
961e8877-effd-41e3-bb71-7bea9c11f311,0.0,0.0
962f6718-ce02-4d13-b28c-e159d1adc2d4,0.0,0.0
96409692-849b-4a0c-9227-8cc69ef3d2b6,0.0,0.0
9668524e-7c36-490f-a28e-50ed9484ad9d,0.0,0.0
966868d5-8794-4b67-97ad-ff902a7c6b66,0.0,0.0
967892a1-8886-4aff-9dc9-1aadbc8d531f,0.0,0.0
96a06f74-4198-4269-b258-0aa7d8c6e99f,0.0,0.0
96a467e1-0a25-48d8-ac89-e0d6c95554df,0.0,0.0
96cabfbf-a237-44d4-a564-6d0cb9a934b5,0.0,0.0
96dc10e5-97c0-415c-ac1e-7feddc55fba9,0.7015409469604492,0.0
96e0422a-202e-4ad4-99e2-fbf544950e03,0.0,0.0
96e0c491-b591-49a1-9539-81422b57e5a5,1.0742647647857666,1.2617721557617188
97427e59-ad29-4715-bda3-bfb2f7e24a27,0.0,0.0
975c0cf7-3083-4e71-b1b5-48b3f11a9c7c,0.0,0.0
976b1d25-23f0-496f-91cc-2f63bd5d402f,0.0,0.0
97a617ba-51d2-46a4-96b1-9b709d8c1d3b,0.0,0.0
97eb7134-c866-4f05-b983-3433775abe27,0.9303709864616394,0.9168197512626648
97f2f855-5df5-4710-9ab8-9d95c0097c80,0.0,0.0
98099101-99d1-4278-b8f3-e84ef832b59e,0.0,0.0
982c0cf9-9cf0-4eb8-8d45-4d911a7aac83,0.0,0.0
983b8710-1e49-4dc8-8db3-164b7c76ef70,0.0,0.0
9840fe8f-d221-4e5f-8a28-a54969c82e94,0.0,0.0
98672956-ae8d-4adc-916f-bbecfb5da71a,1.8242371082305908,2.1670994758605957
9870c6f3-922d-43eb-8de5-8bf0fd42e107,0.0,0.0
989fde4f-b07d-41da-888d-3e4d04a72750,1.0293066501617432,1.1243842840194702
98b00203-8845-4944-aedb-36bbaff89fe3,0.0,0.0
98c12633-034a-4da0-825d-7ced6a0eb5f5,1.1256004571914673,1.0251647233963013
98e120ab-9d4a-4b02-a237-de7cb9692aa6,0.0,0.0
99637dda-7217-4a22-886b-e7ade7836334,0.5982115268707275,0.0
996fdec1-a9d0-44c1-ba2c-7010b0b80005,0.0,0.0
9a010ce3-9118-4db2-a75a-0c8159fa110e,0.0,0.0
9a0c330f-325f-4d5b-946e-e7827d6efab5,0.0,0.0
9a30c1bf-8718-49d9-a501-bc7cf33a58e7,0.6390472650527954,0.8435180187225342
9a363a1d-3ce1-4df8-bbf8-7a9d9f14fdaa,0.0,0.0
9a4281dc-4a0f-43f8-9d4f-d0369ca97055,1.003817081451416,1.3085442781448364
9a458c58-3d39-4893-94be-962f8f6e8098,0.8765907287597656,0.7843272686004639
9a5d1c2d-5236-45d9-aea9-d5d31132b2d7,0.0,0.0
9a69a4d9-b69c-40e5-a2f9-0125bb55a71e,0.0,0.0
9a7f58e5-fe19-45b9-8237-938e497b97d6,0.0,0.0
9aa45602-5ca5-4c97-9df8-19403b69f9cc,0.0,0.0
9ae387d9-d24a-4516-820c-301ca3d97be1,0.0,0.0
9b12a2be-0945-4b84-ab24-2cc6c7a48437,0.0,0.0
9b41b9e6-edd3-42d0-b23b-cca984b03c89,0.0,0.0
9b45d3a0-5876-4847-962e-ce5e446bb365,0.0,0.0
9b57aff7-5c4d-4011-a509-7d19a482320a,0.599678099155426,0.6660075187683105
9b5832ec-aa2e-4587-938b-bd0354fb0e4f,0.0,0.0
9b638771-9544-46c3-975a-849e8e12cc6b,1.0873355865478516,1.2401866912841797
9b8e1f7b-83dd-4e10-98bc-ae06909d721c,0.0,0.0
9ba0a6e2-d9b9-4b7b-bd27-6cd72f04b221,0.0,0.0
9bb2234a-a02a-419a-a1b5-4d7f5575b3dc,0.8472965955734253,0.9183820486068726
9bdd7dd0-6cdf-4510-8c33-168db2a91378,0.0,0.0
9be7ab0a-b355-435d-86c5-a554f0293c5d,0.0,0.0
9c11a8e0-d957-4b99-a162-a5c109e7d932,0.0,0.0
9c4710ea-8fe5-4186-bba5-70fa76cd0373,0.0,0.0
9c5dba53-69c1-4991-9d23-f67e10514e9b,0.0,0.0
9cae490e-b6e6-4c04-948c-b5973d0562d1,1.2026469707489014,1.3585901260375977
9cb9de9e-2ad5-4655-9c0b-b65933719eba,0.0,0.0
9cc91af2-4b8c-4309-a344-e164e326542f,0.0,0.0
9cc9a4a9-e5a1-4d17-9315-ecb6c435bbfc,0.0,0.0
9cd493f6-f634-4fd1-a9ae-96df23811aef,0.0,0.0
9d0636a3-7d7b-44c1-9601-5a2b61d0b58f,0.0,0.0
9d0c6ce4-c332-4e25-abe5-9e70b5c448a4,1.2220239639282229,1.2553420066833496
9d2503d7-fad5-49ed-90c9-03ef0cd2f28e,0.6376949548721313,0.5273258686065674
9d7c155e-76d3-4ae5-9c15-d3add5d8f69a,0.6564188599586487,0.8398327827453613
9d7e363b-def7-4fc7-9bf9-0505a92f2786,0.0,0.0
9df2a659-2044-4c95-9fe1-c3ed315af313,0.0,0.0
9df80f3c-92d8-446d-83a6-b122552c1513,0.8572030067443848,0.911177396774292
9e103a67-3c19-4b1d-a718-6e40457974c0,0.0,0.0
9e1d4d99-c44d-470f-b1b8-c1205dbeb47f,0.0,0.0
9e31fd43-066d-4774-8bc2-575f0df32f18,1.3648786544799805,1.4862438440322876
9e3adb01-c3cf-419d-9fab-7f77546aa509,1.133330464363098,1.3366672992706299
9e3f7aae-7a3c-4f3f-9e07-7faefaaf7ae2,0.0,0.0
9e74667d-41ab-4791-9243-e0eee8366811,0.0,0.0
9e7a2e2b-b670-44e9-ad92-8f52e502da9e,0.0,0.0
9e7e8084-29bd-466e-a9b7-7082f8abffc1,0.0,0.0
9e889535-c0b6-4b1a-a484-4a82dcb30499,0.0,0.0
9ea729e3-9ba9-488b-a507-50ccfb272ab6,0.7944566607475281,0.7958047389984131
9ed5397f-6f67-4b9a-be41-943dbe5d9321,0.0,0.0
9f4279c0-36d9-4064-a399-1f8b3e06e97c,0.0,0.0
9f63068e-bfd5-4446-8964-ac40c01be129,0.0,0.0
9f6b615d-8dec-4895-a5e5-1459edf829f0,0.0,0.0
9f7787fa-0f34-4061-ab12-13226c10649e,0.0,0.0
9faefb23-052b-4ee2-bc7e-e78235e00533,0.0,0.0
9fb7c3aa-738f-46f7-9c02-97035aaa8c3b,0.0,0.0
9fbd8402-1c5b-4199-9fee-d392666dec59,0.0,0.0
9fd4611f-82d2-4295-baf0-af04158a5edd,0.0,0.0
9fdb5bfd-976c-466a-8581-3c9048db8044,0.0,0.0
a0180237-af6f-4619-bc5c-092334a9a1a0,0.8085606694221497,0.9685996770858765
a019b456-f3d9-4c80-a592-30554b83f5c0,0.0,0.0
a033f81b-1e45-4386-a403-e3f3bf8d7fcb,0.0,0.0
a03a696f-8fa6-477f-b839-f8317ddc1e4f,0.0,0.0
a0485800-92f2-40b4-97c5-b93187896793,0.0,0.0
a05f89a9-25bb-4082-9d78-f441080c524c,0.0,0.0
a089c5b6-8a31-42b4-a2b9-8698a9e2e7db,0.9848080277442932,1.203271746635437
a0da4d73-c16a-4f86-baca-79b4f68ed6d3,0.6249841451644897,0.8349583148956299
a0edcf2a-3868-4b7f-bc18-5f0865c0a89d,0.0,0.0
a10932e0-4aad-485d-b3c1-e900014716e0,0.0,0.0
a1119c4b-5157-4a0b-9b2a-965add3a06a5,0.0,0.0
a16367c1-f41c-4936-88ae-410e2ae22a11,0.0,0.0
a16b4b07-10fa-44f5-b24e-26de9e795835,1.0393705368041992,1.1529030799865723
a184f0e6-04bc-44b6-856f-77f7808dde90,0.0,0.0
a18c165d-a22c-40ae-9b60-e40cd356efc8,0.0,0.0
a18c8965-899f-43df-a9c4-c117814fd5f4,0.0,0.0
a1a8f0bc-822e-4e71-8e92-525a37ea26b1,0.0,0.0
a1af1f90-ce5c-40d7-8059-948f4a7a4981,0.7180972695350647,0.6783918142318726
a1d5e2b5-4725-4685-a4a7-5db073c9621c,0.5274628400802612,0.5335602164268494
a1db379d-30b7-4149-9248-ea7b3cb2b80d,0.0,0.0
a1e0da1f-9eab-478b-aebc-d41d0e2ffd7c,0.0,0.0
a1fd2f16-6a8b-4ee1-8ded-7537096a1d52,0.0,0.0
a21d2e22-c76b-4430-b285-84406d1222ce,0.0,0.0
a232b0c0-de05-4177-bfde-3ef5d5a4d5a0,0.7196265459060669,0.5497614741325378
a246796c-ffbb-47e0-924f-20a35cfe2be0,0.0,0.0
a2524937-02eb-4651-8698-1d866eca2ef2,0.0,0.0
a27d4272-0080-4e28-b123-e2b9d2bb6a3b,0.0,0.0
a2920f85-493d-4e2d-90f2-d4fb38cc7f96,0.0,0.0
a2b97b75-fb1a-4631-8a11-4a27d59314eb,0.0,0.0
a2ca3d30-d47b-4993-9f93-27a58d51485d,0.0,0.0
a2cf6f9d-0c8d-4844-a057-e9119cc10b81,0.0,0.0
a2e1d103-e4b2-4b15-9edf-8ac2b63cce23,0.0,0.0
a2e4acf3-2d97-48be-9591-e3b3605bea3a,0.0,0.0
a3013156-472c-4d52-a62e-e1b08aa24b9c,0.0,0.0
a3185909-44f9-4270-b883-53d75934e4a6,0.0,0.0
a321b364-89cb-4864-be43-ec0d4a787b72,0.0,0.0
a326f291-6cbb-49d0-bb76-38eaa281dcbf,0.7259137034416199,0.9186328649520874
a32907d8-067b-4658-a6a9-5628cbed50f1,0.0,0.0
a3362e3b-04a6-4fbe-bca3-33e2033942d0,0.6392841935157776,0.0
a34679ff-db4d-4619-b2bc-c05337ff0f95,0.0,0.0
a35a921c-9467-489c-92dd-50f47c42a0d9,0.0,0.0
a3b2f0b4-bd66-43c9-9a14-6c9cf8ec2426,0.891873300075531,0.9712164402008057
a3f5552e-0797-4b30-8315-502694abc2cb,0.0,0.0
a40220fe-da0a-42cc-b4e3-aa579bec2ed3,0.0,0.0
a4034878-6806-4d99-9651-ee1e5e67a4a0,0.0,0.0
a408b73e-632a-418d-8510-2234c7441298,0.5950656533241272,0.0
a40baed2-d195-4946-a39d-394ab73ed5d9,0.0,0.0
a40dd18b-9485-45a7-b6f8-5e47f72d388a,0.0,0.0
a4120c8c-7993-49eb-a08f-38823a9affb4,0.0,0.0
a44a75a0-0444-4e9c-8506-e7efe9858b11,0.0,0.0
a458efd0-353e-4e9b-bf45-5387dd8cc8a9,1.116503357887268,1.4639652967453003
a475c347-b71d-45b7-9cf4-290d92a5aa13,0.5986900329589844,0.6850881576538086
a4802803-c2bd-4854-838a-bb83eaf352ee,0.7076808214187622,0.5498046875
a4b21884-7c11-4699-9f1a-30ea3196a5e9,0.0,0.0
a4dd686b-a575-46c6-81f1-c56ce16d5fb6,0.534331202507019,0.5240169763565063
a4e8e597-1c21-4a46-bf08-2ee5149c481c,0.0,0.0
a514f7fb-f13c-470a-a3b1-ef76ed652ad8,0.8968225717544556,1.0830302238464355
a5156e9b-27e2-4f25-a419-6181329f3b00,0.6133435964584351,0.5669542551040649
a5284588-2269-4127-995e-dfe7578ecdde,0.0,0.0
a531d706-2e7b-4f80-b561-d7f5f7849939,0.0,0.0
a556ff3a-be9c-40e5-a012-3f90e348d9ca,0.776619553565979,0.0
a574a8a2-6dff-4dbd-a2c4-81d86236c550,0.8547460436820984,0.6484203338623047
a57f56da-6e2e-4660-b139-f78fef823124,0.0,0.0
a5d27ab8-aff3-4949-b413-55ae0422a3e9,0.0,0.0
a6106de2-7924-48b7-a3e9-9af6d1efbfa7,0.0,0.0
a6210316-ea81-44c0-8224-642f87cd2f30,0.0,0.0
a62876d0-e011-42d8-aeff-36769a4de9a3,1.1606614589691162,1.2334800958633423
a6325cf0-cbe1-480b-9574-bf3d4730f484,0.0,0.0
a65c0c8f-4aa2-46bb-8f3c-8b2ae32c8023,0.0,0.0
a67ce051-02b6-4b19-ad1a-f3370d8af219,0.0,0.0
a6bc98cc-42d7-40e3-b2e2-586cd95d5afb,1.1209453344345093,1.2406855821609497
a6eb0b8c-591e-4a29-a651-895213714c38,0.0,0.0
a76dd84a-9e9a-4350-933d-9acdeb99ca8e,0.0,0.0
a770bda9-5574-48ed-8afa-bbf9470ea06b,0.5538221001625061,0.0
a7774835-3811-4415-8ffd-2114af5a31c6,1.2374956607818604,1.0733672380447388
a7988538-9d7e-4b65-b8f2-b6fb4dcd5b09,0.8904485702514648,0.9258681535720825
a7b9d46f-2d31-4692-b611-53cda80a7a88,0.6504239439964294,0.5975676774978638
a7bba2ff-d52c-4d44-85ec-06a946489cb4,0.538670539855957,0.0
a7db0961-b49d-48ed-8d45-9ac5906c5c4a,0.5121116042137146,0.0
a831f8fa-bb62-4796-9355-4add622cfbb1,0.0,0.0
a878f4d5-5648-48ba-85eb-be2a580cda2d,0.0,0.0
a88ee033-e01d-444d-819c-59fe35dff693,0.0,0.0
a89b3ab8-11c7-4646-ae1d-1f0ae0fb2248,0.0,0.0
a8c33969-e1db-4d25-945b-162e3731d06d,0.0,0.0
a8e77afa-2b42-4d38-a891-169246c543b3,0.0,0.0
a8eecacd-4255-4d93-a9fd-8b4fd1a29c65,1.1045544147491455,1.2132283449172974
a94fb679-8059-4b42-8ba3-9e57ee118928,0.543620228767395,0.6498209834098816
a971fd95-163e-4ffa-97b2-d7b5d429d19a,0.0,0.0
a9a38abb-cef9-40ff-b943-099261f847ff,0.0,0.0
a9b57d9f-fba8-486e-8f00-78826d9c3088,0.0,0.0
a9cddb27-836b-4a36-84f9-0347942ffe0a,0.0,0.0
a9e1258c-59bb-4be1-ac1c-ef5235d72944,0.0,0.0
a9e5b169-6489-44d6-b3ff-32dd5f5df05e,0.0,0.0
aa07d5f2-c2cf-440b-9e6b-c71e23447983,0.8100792765617371,0.0
aa22305a-975a-4099-a3af-53258aed42df,0.5125845074653625,0.0
aa2c9382-4e47-4f9c-ae3b-1db56dab1122,0.688532292842865,0.6717162728309631
aa5e7480-b4fe-49d4-bb9d-3566edf19b55,0.0,0.0
aa6aac8e-e01a-41a5-a65f-40e50f5e113e,0.0,0.0
aaa21ad9-b743-4a0e-b7d5-7e57fc303d52,0.0,0.0
aaa2823b-2993-4773-809a-45bb99f4d701,0.8329431414604187,1.016223669052124
aaac7445-dc5e-4700-b388-0d8624a34377,0.0,0.0
aaaea050-d5bd-48de-bc4b-69818358d6ac,0.0,0.0
aaeb3ebe-fe0c-440f-95eb-289640e49661,0.0,0.0
aaefba32-b7a5-4107-8163-ca2f8acacf63,0.0,0.0
ab1cc4ce-a15c-432a-a031-80acf3b5b0ae,0.0,0.0
ab365be3-b421-4496-9ec8-93c3a96e4eee,0.0,0.0
ab4a6a78-1fc1-4433-bc33-3ad932d5d206,0.0,0.0
ab660456-f8d8-4f8c-958e-fb263ed15fc1,0.0,0.0
ab6c0cf7-2a9d-43c5-8721-c6fb10a071ba,0.7353281378746033,0.0
ab80aafe-9f1f-422e-bcab-97701a9f4819,0.0,0.0
ab8f0aa1-6021-43cc-b61e-64c273066916,0.6905558705329895,0.0
abb85a35-5cc9-41de-8566-5233919f415d,0.0,0.0
abd1d518-6490-49cc-ae28-6f5b27ff59d8,1.228937745094299,1.4773869514465332
abdde279-752e-4369-824d-e817c9888a10,0.0,0.0
ac77d304-6287-469a-9f5a-c4e5c64c3746,0.0,0.0
ac7fc883-605b-4a42-8dd6-6b0528f6b9ea,0.0,0.0
acb65928-96b7-4dd6-b332-729a96fc1e66,0.0,0.0
acbc964f-d510-43a4-9e61-2e5757a9b4c0,0.0,0.0
acc216b8-00e9-4484-90ec-6c6285f7d080,0.0,0.0
acd3fa7c-61b3-4bff-a169-3f52fd1785fd,0.0,0.0
ad1327bc-a405-42b4-b374-4935afe4191f,0.0,0.0
ad1d5676-4e44-43ee-9d46-39d4d5793f08,0.0,0.0
ad595f22-e5c2-4a28-99a1-7f5fee724599,0.0,0.0
adbcd65e-3a2f-46fe-a0f5-37b03983bd49,0.852106511592865,0.6610557436943054
adc38342-9931-4ce7-93d6-3fbee6dddce3,0.0,0.0
ae0fb873-afed-4ef4-a68c-ce6bc5c820ba,0.0,0.0
ae314274-d0d6-48b1-a570-ac9d4da851b1,0.0,0.0
ae41fa68-9be1-40f7-bf00-efbd9989cfb6,0.0,0.0
ae49e1b3-4115-4683-97d9-1b3ce103bf6e,0.0,0.0
ae5523df-c47f-4394-ac5c-bf14bee6a283,0.0,0.0
ae5fa725-16f3-4fc9-8bdc-532159942c8c,0.0,0.0
ae629950-b363-4389-b22e-6a76be6dbdbe,0.5069301128387451,0.0
ae82c308-0c86-44d5-b36e-4ac62f7aba27,0.0,0.0
ae95e6a3-c296-47e6-8edc-9cd5ab53a1a0,0.0,0.0
ae9ddd54-b553-45cd-bd81-2bcb5c65a111,0.0,0.0
aeb5faa5-c5b8-44aa-bb80-353bb21d6387,0.0,0.0
aeb6ea34-07c0-4739-a1d8-890ed76f0e56,0.0,0.0
aee7baa7-711c-43a7-a6b5-958b0ec3af69,0.0,0.0
aeeb7a99-2858-4a76-a27e-21092e66aebf,0.8427055478096008,0.7442789673805237
af069d89-67d1-4d3a-b4b8-3cef14d6b688,1.4430009126663208,1.497068166732788
af2050c9-dc9a-4152-af3a-e0bb0e961a46,0.0,0.0
af39ece4-1b50-46f3-ad31-8ae34396fc37,0.0,0.0
af439eeb-ee21-4bb3-971f-71b7e008612d,0.0,0.0
af43cfec-1ff6-45f4-a972-9f9b6ca41e9a,0.8733821511268616,0.848529040813446
af783752-0de3-44ff-bd91-7d9efdd8efe3,0.0,0.0
afa005dc-7643-4788-af51-c06f290de9ca,0.599426805973053,0.0
afbf7982-e1db-4c09-8893-db17296cdb77,0.5915165543556213,0.5304522514343262
afcba0bf-b6e4-4748-8230-228fe42f4a33,0.5080171227455139,0.5170627236366272
afcd8c20-0cfd-4c7c-9f63-ba811bfe8009,0.0,0.0
afcef922-cdf4-4211-bb8f-62206ccba921,0.7597041130065918,0.504769504070282
afda4b27-1666-43da-bdf8-7cb325410f0b,0.0,0.0
aff48c9c-7493-4d0d-aaf5-3c919efe0465,0.0,0.0
b0369194-f362-4a35-a99a-dc886b40728f,0.0,0.0
b049e0cb-3ce5-4cbb-adcc-fd303b4c5904,0.0,0.0
b06d2d89-665d-47b2-aa41-f0b33c449a0d,0.6100522875785828,0.8005388975143433
b07f06c9-ba26-4137-b9dc-a859676f7de6,0.0,0.0
b0aa3128-7c51-43a2-ab6e-b9e4e067e672,0.0,0.0
b0ae73f0-1e06-48d4-818c-6fc28cccf705,0.5285676121711731,0.0
b0d04c74-79c2-47ea-8322-cc0f17a4e436,0.0,0.0
b0f1dfed-1233-498a-a478-6a4887d5b797,0.0,0.0
b0f43161-37a5-4b96-8e46-459bc1396e52,0.0,0.0
b10653a8-4b5d-4aa0-8f35-8ffdfbbaf721,0.0,0.0
b10ec89e-bbc5-4d73-afc0-d9819e1f01dc,0.0,0.0
b1341198-4fae-4677-b4f0-08d3d0dcce1c,0.0,0.0
b1551793-b744-47e4-8251-952afbee6e13,0.0,0.0
b160c10f-e584-4eac-b5c3-9e822dde87fb,0.0,0.0
b17dca6a-4ae5-43a2-ab18-09a60ada1429,0.0,0.0
b187f7ec-0cfb-4161-8856-6b76d57dd0b5,0.5720967650413513,0.0
b19f3976-b839-4a78-ab48-0496923786c9,0.0,0.0
b1a99bea-09cb-4b53-84ee-02d79a8f07ec,0.0,0.0
b1b9c958-4d18-40b7-b51b-dab5154a18fd,0.0,0.0
b1e84094-b9ed-4c6e-80f0-829d0b283ed0,1.942931652069092,2.347395896911621
b1e8d336-0c3b-4c99-8504-9459bf68919a,0.0,0.0
b1eb1270-30ba-4d1c-9bf8-efa6326c5052,0.0,0.0
b1fb86f1-0c7f-43be-bfae-b644414fab1d,0.0,0.0
b1ff8978-ae89-4be6-97f4-2b971f727659,0.0,0.0
b209f367-f09d-416d-8230-4520654071f5,0.0,0.0
b273658b-3987-4374-beee-146edb5f4a7f,0.0,0.0
b27f9fd2-2ffa-42f7-8fbc-83d624c35ad1,0.0,0.0
b2c13ed5-e855-4144-99fb-35768fbef1ff,0.0,0.0
b2cb9b5a-dc4d-449c-bca7-b4565a7ceb02,0.0,0.0
b2d36edc-d3d0-4681-a857-92f6db127730,0.5713925361633301,0.0
b2f63bec-0815-43a8-93c8-f2e58e90cec9,0.6239398121833801,0.6492714285850525
b2f6fafc-4825-40cc-b5e5-4163d22903ef,0.0,0.0
b2f90201-c5fd-4c1e-a392-2082be64acb1,0.0,0.0
b303b911-3faf-40fe-a371-3a27b1c5e68e,1.5189059972763062,1.674492359161377
b3090d69-03cd-4707-a14f-d338a2ae6ea8,1.4548383951187134,1.64405357837677
b31be77f-58b0-4b07-87bf-5451a349d2f6,0.0,0.0
b35dc9ee-9d06-4c07-89f5-0db2e3762420,0.6261710524559021,0.8312001824378967
b37e9ee3-5cd4-4cc0-bf18-a70d728bd476,0.0,0.0
b380e4d5-181a-477b-8fa7-a2aaa35ef078,0.0,0.0
b39335d7-29fb-4939-9c10-05b32258f516,0.0,0.0
b3a73d0c-8046-412b-9edb-2c9183ea3fcb,0.0,0.0
b3f3cad4-644c-49b6-b64b-7c6547085cf3,0.0,0.0
b3fe9d55-2119-4262-a6d2-737096848941,0.662520170211792,0.5698153972625732
b404b796-319b-4710-827b-4427d9dd7e62,0.0,0.0
b419697e-4e72-4329-be00-57fae94029e7,0.0,0.0
b4403a99-2ce0-4007-80d3-cf86309f1fd5,0.6249516010284424,0.8685848116874695
b44c04c9-abbe-44ce-9f52-1008aa6a2c51,0.0,0.0
b4688623-725b-4638-9e0b-2cef9e8ef0d5,0.0,0.0
b46b6d68-87ce-4e51-803c-810237610f6c,0.0,0.0
b472f84f-69d6-40b4-a63a-1b2280ce56d7,0.5067554116249084,0.0
b4845f9f-c039-4741-8aba-5e818fca21c8,0.0,0.0
b499662a-4458-4176-bb01-d1bc40d85167,0.0,0.0
b4abd335-add4-4172-8f52-c2b3c5e25332,0.0,0.0
b4c49ac2-2a1f-4770-8c09-bae1acfd263e,0.0,0.0
b50a0146-8d26-41cc-9707-5ad436a05bf4,0.0,0.0
b51af067-9f73-4688-94c4-33d4d2885a80,0.0,0.0
b51e3617-3580-49ef-9e4e-09fc28c580b1,0.0,0.0
b522539d-3c80-4eb0-8b7c-a2f5a28a2992,0.0,0.0
b544632a-88f3-4691-b7b8-52b9b249e6b9,0.0,0.0
b55ac330-77e1-4b46-adb8-1a71c81c4e25,0.0,0.0
b58047d8-8674-410f-a166-4f909edb5d7d,0.0,0.0
b59982ca-c16c-4a82-9de7-6e1d42ef69e2,0.7758762836456299,0.5241702795028687
b59aa6e0-d2ab-4aab-85c7-e50963453530,0.0,0.0
b59ee1e9-8aea-4cf7-993f-a1360ffeaada,0.0,0.0
b5acf93b-db45-40a8-a5b0-113da8a78ad1,0.0,0.0
b5b132e4-bd28-4b9f-9f32-b87e10bce204,0.0,0.0
b5b28882-4a25-4355-b819-3c9628ea9bd9,0.0,0.0
b5c7343d-a4a9-4da9-aee3-36539a545af6,0.0,0.0
b5f39dd4-2cbc-4355-9bad-090b422ad41c,0.0,0.0
b60fcd39-06b7-40f4-b141-ac66e144e182,0.0,0.0
b60ffa9e-4816-4181-a3a6-f2614b7ad5e4,0.0,0.0
b61ae6fa-ba06-43b6-8223-dfed59a57dad,0.0,0.0
b61ea188-631a-4095-a336-28de1699dac9,0.0,0.0
b641fc29-7463-40a8-869c-cd2977997c16,0.0,0.0
b645c823-bfc3-4a93-8adb-d4a0750f327b,0.0,0.0
b65961d7-a34f-4e72-823d-afa27a8843ea,0.0,0.0
b66886dc-2c56-4c89-a27b-b9d7c3fb9000,0.0,0.0
b677f0b4-6f46-4102-958d-d825e6a374ba,0.0,0.0
b67a1bb6-cea3-4cfb-a328-cafcdb9cf94b,0.5018563866615295,0.6486921310424805
b6c9d987-035f-4387-a738-f48487ae8a57,0.9581209421157836,0.8025531768798828
b6f36e02-43f4-4542-a001-acbf46a33fb8,0.0,0.0
b6fa353d-83cd-4e85-a4ff-47b955a89c5d,0.0,0.0
b70f9cac-71db-4deb-adff-c936b77d1c93,0.0,0.0
b76a7711-0157-4421-bbe5-1d4ead7af4fa,0.0,0.0
b76cfb07-2b24-4b4a-bfdb-30b4dad3cbb8,0.0,0.0
b77859e2-bb5d-4cfc-b548-b6e34766d0f9,0.0,0.0
b778f2c5-dce1-4aa5-8bbb-53f68b20d01d,0.912786602973938,0.7000613808631897
b77ab210-2c87-4c8b-a294-5d756419890f,0.0,0.0
b792222a-a212-4e72-b114-615d98946c68,0.0,0.0
b7978ab3-c9fd-4c98-a19f-6ab19c3b038d,0.0,0.0
b7a292f1-0daa-4a59-98e4-b8d8370e5db6,0.0,0.0
b7b9d391-8891-437d-a9e0-dfcf55f6d2de,0.0,0.0
b7d88aa6-0f9a-4cd1-9c8c-f83c2dd2a848,1.010867953300476,1.1075845956802368
b7dcc873-fff5-4c9d-be26-3d2b2dab8392,0.0,0.0
b7e0a0cd-566b-4c2d-be8e-49a584d8d077,0.0,0.0
b7fb849a-0d53-419f-9bb8-f02fbd595931,0.0,0.0
b800b744-32ec-475a-8e60-b7478fd4b939,0.0,0.0
b802a5ed-e345-4a59-b18e-5d9f7f5a70c6,0.5458598136901855,0.0
b826aad1-a60f-463c-93e7-c1a8d43e3cf6,0.5163366794586182,0.0
b87544d3-8472-4a74-b1d6-9c875d45bcbc,0.8924549221992493,1.0826729536056519
b878c216-88b8-412a-b837-e5e27430b554,0.0,0.0
b8a30cd8-c3e0-4d60-a6ff-b3e09ffbf7e1,0.7212761640548706,0.6824612021446228
b8e0de57-8789-42ca-a1da-6329e17e2fa5,0.0,0.0
b8ed960a-bf3a-4a9b-9718-785caceae55b,0.633699893951416,0.0
b90a5bb7-1fc4-43b2-9fa3-bada1c6d63fa,0.0,0.0
b93b2474-6eb1-42b1-865c-846607084746,0.0,0.0
b9543fc4-7689-4f40-b1ce-523855f8dc78,0.0,0.0
b95628f1-5300-483c-a372-d31f59a91b2c,0.0,0.0
b95ec212-3766-4fe1-8900-c463b23c2604,0.0,0.0
b9667161-cd7e-47b6-b027-0847e5427eed,0.0,0.0
b96c731c-3ace-4a20-be5e-85996f391bb8,0.980129599571228,1.2080621719360352
b993097e-666f-43cc-8b6a-057bada7d637,0.0,0.0
b9974f6f-01ef-4fb8-8147-7f6dce0a5210,0.9315402507781982,1.132253646850586
b9d2cc5c-6c6b-4ba0-a987-74531ed20eda,0.0,0.0
b9db6953-5a15-415d-88d9-8382308ee039,0.0,0.0
b9ea75eb-7b3b-4ecd-926a-e6a74dccb39d,0.0,0.0
ba055cdd-68e8-4286-88ed-8f6edf1812d9,0.7878406047821045,0.0
ba116c39-076d-4b54-9b87-56a4fdd6cae8,0.0,0.0
ba273dd5-99d8-49f8-84d6-3c7fc9f8dcf2,0.0,0.0
ba3e7c95-5bca-4171-bf3b-e23346a2b746,1.363166332244873,1.4941922426223755
ba7330c1-c414-40a2-99dd-ed18bfb0c3bc,0.8031965494155884,0.5242594480514526
baa406ee-5fc3-4c4d-bb32-b88747fa6adc,0.6072617769241333,0.0
bae07ca2-d4ff-461f-ba07-b96c5722d444,0.5783100128173828,0.6176187992095947
baf64ea8-8bdc-4c6e-91f0-ea9a744b9de4,0.0,0.0
bb06c884-32d9-426b-aa56-1d68e4154d48,0.0,0.0
bb15bf53-7a78-4430-8106-cb255643cb15,0.5309033393859863,0.0
bb2efc5d-1f99-4b1a-9523-a8007bda881f,0.0,0.0
bb330775-2f26-4b1d-8a82-b53d760ed986,0.0,0.0
bb367d58-68d2-4e21-9593-5f5240ebca41,0.0,0.0
bb48a62d-9814-4de6-af83-35e94f0eee62,0.0,0.0
bb8b3a8d-52b2-40ef-a817-34db09ef2e86,0.0,0.0
bb920ef7-b1c2-4646-9b66-ca83c24016e9,0.0,0.0
bb9455e3-b322-4e46-9da1-15a22382ce49,0.0,0.0
bbaa2e3c-d333-42ed-9f1a-46bcf994a4f5,0.0,0.0
bbbd1983-2e5e-4e64-bf8d-5bbc435942b6,0.0,0.0
bbd41a70-8b64-4a9a-acd9-9fea7ab17fe5,0.0,0.0
bbe05a23-3908-49be-8d1a-80f08103ee14,0.0,0.0
bbe7673a-3ae2-4175-af92-3cef39f34c59,0.0,0.0
bbf0787b-c651-4d05-97ba-8a7b2eeef80a,1.3460297584533691,1.4238412380218506
bbf608ea-bab8-49d7-b6ee-abdd043f7099,0.0,0.0
bbf9c4b9-dd77-4b65-aafa-c9806a243bcd,0.0,0.0
bc2a9af4-0915-4d83-9981-92e73ae5f991,0.894208550453186,0.6977497935295105
bc379cba-ef22-4273-8fd4-57e2f8e1f0ca,0.8731493949890137,1.0153517723083496
bc392b09-bdd3-4d36-a221-83d4026a7b72,0.0,0.0
bc5f7828-347b-47e1-a9f4-3f9e76851629,1.3724706172943115,1.4974695444107056
bc64d8e3-c19f-498d-bc5f-a4201d1c0e41,0.8271178007125854,0.8557666540145874
bc79207b-6539-4d2e-8d03-80256fda5288,0.0,0.0
bc920b90-27eb-444a-96f1-103e9f97d1a8,0.0,0.0
bcd06838-0f7e-4f63-87f9-0eb6e1e67098,0.0,0.0
bcfe314f-3e99-4be2-a2b0-052ffedac582,0.0,0.0
bd087a81-2f36-4f17-8c48-09713fdd7cbe,0.0,0.0
bd08a5e1-1d7d-4006-a865-b66cae0f7451,0.5249609351158142,0.0
bd0fa5e0-909c-451e-b954-ae5b6979255c,0.0,0.0
bd18bf27-471b-43d6-99e3-3dd785f5cffc,0.0,0.0
bd211056-7975-451d-bf2a-9d8daba137b7,0.0,0.0
bd2f721b-f778-4b68-a887-c2e7a9bd8a20,0.0,0.0
bd3eb89a-bab6-4bb5-a765-55879e3ec417,0.0,0.0
bd46b3a7-492d-4ee6-9051-eb665e3749cd,0.0,0.0
bd5b039c-4166-498f-9e2d-7a335d2f9c8b,0.0,0.0
bd62d774-40eb-46f5-8faa-45ea0e5d43d9,0.8958530426025391,0.0
bdcc56af-26df-4478-b29a-b149a63f0d37,1.3757669925689695,1.508080244064331
bdde0b6a-f918-4974-9fce-6f473a35ff12,0.0,0.0
bdde160d-0d80-4765-8843-b7c400d0950c,1.326058030128479,1.436880111694336
bde3ebcd-c18d-4ba2-96bc-6efa42821863,0.0,0.0
bdec80c8-a781-49d9-a833-ab45d3908018,0.0,0.0
bdfbedb6-b651-4adb-867a-179b31175f0c,0.0,0.0
be43f04b-eb37-43c3-8bb7-98624c52dd55,0.0,0.0
be5b5493-8e8f-42d3-ab51-492e54ca2c81,0.0,0.0
be75ee5c-bab9-4b1c-8298-6a13339172d2,0.6416710019111633,0.7760663032531738
bec9e90f-777a-4f0e-b1be-faacf3c2ed59,0.5236620306968689,0.5317493081092834
becfcbc5-66a1-4a4d-835a-552ffb5fefe8,0.0,0.0
bed4c8c1-a2cf-405d-8cee-ce3c6a3e0749,0.6771082282066345,0.0
bf22d0e2-da0a-4a99-800f-500e1989230b,0.0,0.0
bf45bb24-932d-406b-8c64-8405cf762ae3,0.6774659752845764,0.6514570713043213
bf51f99d-0e11-42d1-b5ca-3eebf973dbcf,0.0,0.0
bf54b29c-4e73-4997-a338-b3fdab4d3945,0.0,0.0
bf896e35-54f1-49b8-a861-57da12af3293,1.28141450881958,1.4267897605895996
bf9f8763-f7cf-4782-93aa-f291bb39018f,0.0,0.0
bfc2283e-29ec-48f8-b4e7-81be9ddf3228,0.0,0.0
bfea52da-cca1-45bb-99fa-44e4417c37cb,0.0,0.0
bfeba44b-96ad-4860-a785-04349cd4396a,0.0,0.0
bffde326-4b39-4919-87f0-ab96a9ea5b2d,0.0,0.0
c04b2546-4f51-4f61-b06a-a6a98d68b24a,0.0,0.0
c0559d03-c4aa-46f6-9f49-5598f5dd6709,0.0,0.0
c05a363a-ce47-4420-aef7-3f57cbc9ad28,1.1003209352493286,1.1409355401992798
c05ea454-ee0e-4e07-80d9-aca74c99f6b4,0.0,0.0
c0721768-39ae-4ba0-858e-420f2da4ed2b,0.6881128549575806,0.0
c07cdc1a-88a0-4c72-b3fa-b7552745d7b3,0.0,0.0
c099368c-6810-46de-a789-555da6843e2f,0.0,0.0
c09ffdef-45da-4bec-9841-f0f3d9025774,0.8115843534469604,1.159355640411377
c0b47f3c-97b1-4804-a7d0-e16bbf3e2aa2,0.0,0.0
c0d38524-f295-4fd0-8e53-03d752d19d72,0.0,0.0
c0d3f613-4a80-4a67-80b4-9ae49f6aad3c,0.0,0.0
c0da66f1-ffa9-437d-81c0-eeea1aef9bf4,0.0,0.0
c0e062a9-13a6-4d15-b788-c04f3a566727,0.0,0.0
c0e9a4f3-b9bb-49a7-8151-b12b13427d0d,0.0,0.0
c0f35d75-6334-48d7-ad9b-a0d45c41137b,0.0,0.0
c11282bb-be6f-44c4-a909-ea53e6425caa,0.0,0.0
c1163518-cdb9-4d04-9b4d-fdd3caf560d0,0.0,0.0
c1201b7b-8e96-4635-998a-590e27bec4f0,0.0,0.0
c138e7de-54b4-478b-8b3b-137c3719f40b,0.0,0.0
c1461f18-7264-4700-8b92-3db0bf769482,0.0,0.0
c1536d86-c256-4de7-8c25-355e1d4bc713,0.0,0.0
c15abe6f-9c6a-49b8-8297-98683afdfbd1,0.0,0.0
c171cd07-a8ac-457f-accb-b228a756902a,0.0,0.0
c1820861-de3a-406a-aefc-a97b4201ebad,0.0,0.0
c18a8794-4373-47ed-aa74-c62489c0a3eb,0.0,0.0
c1d1ebc3-4641-42e4-939a-e13df7124f3c,0.0,0.0
c1e9ec4b-6085-49b5-8af2-ab51db942dab,0.8534648418426514,0.9640499353408813
c1ecf20f-7f92-46a7-9062-bf34786df6cd,0.7979940176010132,0.5109109282493591
c25e77b7-0f69-4841-abb8-0becd19ff18e,0.0,0.0
c2754c23-1d45-4402-961e-50d3d9748b63,0.0,0.0
c29c0ff4-6379-4b72-92ab-f6c687e1c561,0.0,0.0
c2a49c05-b063-46a1-993f-68b1725e8264,0.0,0.0
c2cdb1ad-f386-458d-a95d-7277db1e8db7,0.924075961112976,0.7767282724380493
c2d687d6-c4df-4d35-9daf-216718e34fa6,0.0,0.0
c2de514e-67b5-452f-aa9e-e9d934d15da4,0.0,0.0
c300373c-07e0-4452-b3a0-0334de4858f7,1.746340036392212,2.068098306655884
c3070592-6d4f-4d0f-a388-8e15a354b103,1.5041989088058472,1.6877703666687012
c31eebef-8d90-43ba-b3d5-2de1b2c53f87,0.0,0.0
c32027be-7a87-4a3c-9a58-971968dbf455,0.0,0.0
c3336a74-5ee6-4ba4-81aa-9fd64b8c9604,0.0,0.0
c344d66c-814a-4bd6-8455-18ed5adaa1d5,0.0,0.0
c34dce1e-fecd-4d7f-9bfb-463c92fda46e,0.0,0.0
c352f5f3-6ca5-4899-ab1a-e5a77d48a7c6,0.0,0.0
c3782247-5002-42a1-b05a-9df3c1eb16a1,0.0,0.0
c3a9c903-2838-4597-8032-905552cd5961,0.0,0.0
c3e19da8-6f51-4a88-ab39-1702b309a959,0.0,0.0
c3e4ad69-1973-4098-bf94-cd651146a77c,0.0,0.0
c3f0e39b-4e6a-4fd6-90bb-700d6b1dcfe1,0.0,0.0
c3f84f90-dfea-4052-ba3b-814dde028e06,0.0,0.0
c40b4687-596d-4fa4-9466-307199dd1731,0.0,0.0
c4230bf1-f50f-4ec1-b26d-85f4dcdf4273,0.0,0.0
c4399792-e218-4e64-bc26-588bac8c7c88,0.0,0.0
c43fd72a-fc71-4294-a663-3c7de5132559,0.0,0.0
c44ec384-6961-480a-8b2f-546b869cb473,0.5938369631767273,0.0
c45f1255-4a25-4583-a187-c10d1684899e,0.0,0.0
c46ff388-6f47-4254-88c5-63269ee87366,0.0,0.0
c48052d4-49df-4799-b079-0874ea409dce,0.0,0.0
c49be3a5-7bf5-43cf-91c4-8863d8e6e702,0.5778273940086365,0.0
c4a5c3c1-e871-4a61-96f5-be572ef6cd20,0.0,0.0
c4b6083d-4706-4225-a467-e188f8170b27,0.0,0.0
c4bbb2e7-39bc-42e7-99e1-5e6ce46f1a76,0.0,0.0
c4bec13d-6bdc-44f3-9244-4899e1ced1ed,0.0,0.0
c4cffc02-4b9e-4969-b1c1-f33de54e4be5,0.0,0.0
c4f01fb7-f4a9-4f6c-9f54-f0e2f57bf328,0.0,0.0
c51866d0-9fe1-4ea1-8f3d-f75c0a440e64,0.0,0.0
c5a467aa-92b1-4e28-92e6-21f36caab329,0.0,0.0
c5a87180-cd56-474f-8fe8-a464deadeb69,0.0,0.0
c5c1faf0-7e37-4bd9-813a-c218b3f18a6e,0.63133305311203,0.0
c5faa332-bfc7-4dab-b1e2-468d9dcab72e,0.0,0.0
c60a7fcc-a672-451a-8764-fd0fb6f0c61a,0.0,0.0
c61721be-467f-4e95-950f-f655848215cb,0.0,0.0
c62191aa-b522-4408-85a2-1b19f92b5d00,0.0,0.0
c6289d51-f34e-40b6-a2a6-27eec1af12e0,0.7602332234382629,0.9931177496910095
c6328fe1-84af-4003-99b1-57b2883c598a,1.3602545261383057,1.689418077468872
c638a766-cb1d-45d9-9cdc-7419a7d13138,0.0,0.0
c63c2a96-e742-4c28-86b4-72ad64139cc4,0.7305038571357727,0.6148858666419983
c69130c3-96b4-4079-8b9b-c072fc3df41e,0.7256563305854797,0.8798741698265076
c6b5f859-ecbe-401a-bb35-e22491168b60,0.0,0.0
c6c4de60-604a-422c-ac52-0ce97a60abfa,0.0,0.0
c6ed577e-38a7-4683-818d-d20199ac40be,0.0,0.0
c6fd1c46-fe65-4dc3-8997-a48173e7c5c3,0.0,0.0
c70ffdac-bafc-4482-bf36-6302391a9c2e,0.0,0.0
c72b0041-3ec5-4da7-9ff0-141ec4a83b26,0.0,0.0
c72e07cb-09ef-4775-abf0-1ac9765afe1f,0.0,0.0
c7348292-e254-42a2-8c58-5831dd9ee2c5,0.0,0.0
c75ae648-f172-42b2-91b0-4ff992981be3,0.0,0.0
c77c3870-bd1c-4f6a-bcb5-7a5ba028ebec,0.0,0.0
c78f82cc-23bc-49a0-ae37-0aec65a642de,0.0,0.0
c7adf345-af65-4696-9e2a-161705e05ac9,0.0,0.0
c7b076cc-4cac-40ff-803c-8f9e0b5a9c1c,0.0,0.0
c7e9bdd2-7c84-4b65-ae0f-21273ad869fa,0.5919137001037598,0.0
c81be85c-227f-4c1c-9d86-6c183999a332,0.5409876704216003,0.0
c85256c2-0c52-42a1-81f0-d16413ff3e4d,0.0,0.0
c8570da1-d798-438f-b849-3b0e5bdfecd9,0.0,0.0
c867befe-1b7d-462c-bfb2-7c7f974318e9,0.0,0.0
c8866466-6568-4521-bfbe-6b5571a1f21f,0.5056674480438232,0.0
c8d2a82f-1f24-4e6e-8056-5d90031aa02d,0.0,0.0
c8edb7ed-55ec-44cf-83fb-e5f058539636,0.0,0.0
c920bad1-391e-488c-9354-08afd3fbccb9,0.0,0.0
c95d1e60-36da-4406-8f9d-124f491dad7c,0.0,0.0
c965064e-f198-4a53-ab8c-ca0ad1ad5641,0.0,0.0
c96729ee-6df2-4754-9528-29694a14c5ec,0.0,0.0
c981d618-810e-4ac8-a5a8-f130427cc461,0.0,0.0
c9b23da5-6d32-444c-aebd-673053e6c0d2,0.0,0.0
c9b70697-c0c6-4a72-9ce6-fe845aba9c6a,0.0,0.0
c9cd2da6-87ad-4707-9240-5f330fb352fd,0.0,0.0
c9dc479a-dc91-476c-9e06-7c3392dc00e3,0.0,0.0
ca076cd4-d4dd-49af-9f4c-6a4e4fa3725e,0.0,0.0
ca339200-da7a-4edf-bb83-4e0d2cd98caf,0.0,0.0
ca355211-4beb-4934-b8d9-75a3d3b63dbb,1.5181649923324585,1.8008710145950317
ca4e2483-e293-41f3-86d2-a9f0c0210773,0.0,0.0
ca7ebb3f-2ecf-440e-b985-7d9f9681e0ee,0.0,0.0
ca8f298c-4e90-4122-897c-e991fcb5ea2f,0.0,0.0
ca9260d1-550a-478d-ad0a-0b8c9c71631d,0.0,0.0
ca9d774c-fed1-46a2-843b-de47dd32e36c,0.0,0.0
caa416a9-24f7-4981-b53b-1f2e43b519ca,0.0,0.0
cad464e1-8a3a-46f6-aa69-8cbb9ea3be75,0.0,0.0
cad59950-2e26-4ee0-bc0e-e13dce6273b6,0.5191071629524231,0.0
caed4cba-ff21-498c-9edc-dd5cecb0de41,0.8898385763168335,0.9640931487083435
cb070402-55a3-4c00-8fba-973673b91829,0.0,0.0
cb4fa65e-dc46-4fec-adef-54bb0d8d2660,0.0,0.0
cb5746ce-8b94-4939-8128-4235835b76c4,0.0,0.0
cb5d5bfb-6eb1-4a33-99fc-3ba72be805b3,0.0,0.0
cb61af0c-0dcd-4e2f-9a9d-156f03eb5983,0.0,0.0
cb693194-fa83-45ec-9c4c-2f9b9fcf8042,0.8091069459915161,0.8988080024719238
cb762de6-f923-4853-9768-b83bfe59c9ca,0.0,0.0
cb9c6466-b02a-4d89-825e-eeba45d1a366,0.0,0.0
cbae88ca-c90c-4f8f-8731-c23dedb01d48,0.0,0.0
cbb25976-625b-4d5c-82f8-5887bf46047c,0.5256989598274231,0.0
cbbe688b-20e0-4fb2-98d0-3814392a8343,0.0,0.0
cbe04952-a2ae-4525-98c5-a644c9a5ddc5,0.0,0.0
cbe93064-65f6-4091-9821-4f3caca8127c,0.0,0.0
cbf82ca3-d6cd-4fe7-880e-6b09d5b11bd1,0.0,0.0
cbf85383-3c00-4337-94a9-c725b6321c37,0.6118956208229065,0.5538499355316162
cc086abd-987e-4e5c-87fa-5c772e8b9839,0.0,0.0
cc08a456-b690-4825-acd7-cdfc1facd139,0.0,0.0
cc321c4f-b5ae-40bc-9bc0-2ad1b099af80,0.0,0.0
cc3d68f2-4de5-4376-9e0b-aca1c25ab231,0.5242716670036316,0.5329821109771729
cc762c9f-55fc-4a57-ad38-7dff90ddd5a6,0.0,0.0
cc8a0740-e17e-40ea-913f-5325a31f2832,0.0,0.0
cca91179-7a63-475d-98e9-0226c8b2137b,0.5788424015045166,0.0
ccb438a3-310a-424a-80f3-5a79f026aa2d,0.0,0.0
ccb444ba-91ba-4c21-8241-689debc05b61,0.0,0.0
cccb513c-f35f-47c3-90b7-3e5c3dc44fa7,0.0,0.0
cd04e693-07b3-4794-b6d9-d5de194ba87a,0.0,0.0
cd07bde3-c8f8-4a15-bcf6-e29576ed26f9,0.0,0.0
cd0caa97-2b57-422d-812e-6efd0925d8c6,0.0,0.0
cd18d127-fcb9-4c59-a572-c5bc316d50ed,0.0,0.0
cd1a5bd2-89ab-45dd-b970-c272e5faa77d,0.0,0.0
cd1a689b-1cb7-4af8-a814-a4eae81d3145,0.8076738119125366,0.7173405289649963
cd82e599-3d2b-46a5-968a-3dea4b2722e7,0.0,0.0
cd85ac1e-3f48-4767-a92c-4eb32c4bc330,0.0,0.0
cdabc218-7759-45f1-a9f5-80e6cd1b3785,0.0,0.0
cdc959a1-398a-498c-9e1c-69e9c4dd1baf,0.0,0.0
cdf7b546-5417-4a29-a8c1-dddc4a8835aa,0.8593584895133972,0.6647156476974487
cdfbaf27-bf35-4a49-bf05-7ba7a318fef8,0.0,0.0
cdfd5d7d-d890-4cd6-9040-2349334bbd2a,1.3563770055770874,1.5682464838027954
ce071f60-dad2-4cc8-9033-7dc89ca760dc,0.0,0.0
ce118fb3-69f9-4ed5-b9c6-16d4b848dee7,0.0,0.0
ce1ba24b-dea3-428b-b237-09eaf60237c2,0.993729531764984,1.044547438621521
ce233423-53c2-413b-b5e4-8fd24fb5a002,0.0,0.0
ce28529a-cc1f-4f43-b67e-7a06b0ae3a8f,0.9677407145500184,1.0367393493652344
ce3234ac-cd4c-4ab2-8d9d-70df23b70701,0.0,0.0
ce36a57d-1bfd-40db-80a4-34db04ae24f5,0.0,0.0
ce565d96-507e-48d6-b817-087111ece244,0.0,0.0
ce6e8c53-a3f6-44d5-baec-830b04e2f191,0.0,0.0
ce7e92cc-8915-48f9-b607-ee87be0b990c,1.0889438390731812,1.0692722797393799
ce810c0f-fb5e-4323-8bbe-1a208011ebfa,0.0,0.0
ce952eb3-9067-4001-9d08-e03b3b392d1a,0.0,0.0
ceab049c-7d13-4b61-a848-0f37bb93bdfa,0.0,0.0
ceac913b-713a-4197-997d-7c50d49f2ac8,0.0,0.0
ceafbff7-ae4b-4f52-bd69-2024a42ce2e7,0.0,0.0
ced3fff0-e6cf-412c-90f0-9a55aef08055,0.6948844790458679,0.0
cedac377-25f6-4dfb-98d5-a5aebbf1e121,0.0,0.0
cedbd1dd-c480-462d-9f3e-c773062d1dbd,0.0,0.0
ceeb4a9b-dd60-4d47-a68e-b52848774b01,0.0,0.0
cef17e3d-eed1-4f87-9ed9-ebd59a40c2ee,0.0,0.0
cef3fe85-4ab5-46a3-89f9-3171f7f4ee0f,0.7212682366371155,0.0
cf04e1ea-ddc5-48c5-b92c-f218a7febae0,0.0,0.0
cf123145-4607-4174-8d15-1dfbfa234dc8,0.0,0.0
cf20123f-3851-4f8d-b6d1-47343cbaa454,0.0,0.0
cf29cce2-17ec-40fb-a0be-03e15c5024e1,0.734024167060852,0.7578185200691223
cf595e24-4ded-40f8-a77b-7b0d1827755d,1.1108953952789309,1.2067664861679077
cf615e71-92f2-4ac9-a979-a4236589cdd4,0.0,0.0
cf7a57d9-e017-47b4-adb0-25f68ebf9332,0.0,0.0
cf8b4d8e-e39e-4976-82b6-c2ae6586e745,0.0,0.0
cfa60364-3e6d-4457-a63c-748dc663f4ce,0.0,0.0
cfad10ae-da46-4e99-b268-af4721ae9908,0.5373275279998779,0.7297875285148621
cfb567fa-9c1a-4da2-ae28-13b223e541eb,0.7326635122299194,0.0
cfc733d9-44eb-451b-af6f-d9ea3ab0b0c9,0.6016594171524048,0.0
cfdaebc4-b99f-4713-b71b-85982d5ce62a,1.1696313619613647,1.1618660688400269
cfe9c5d6-796b-437b-82d6-b72adcb0f34a,0.0,0.0
cffd133f-8c67-49a1-9f12-dd7d070dfb64,0.0,0.0
d05b84c8-c043-487a-ad57-6b10ba889685,0.0,0.0
d068a831-a691-4ab0-9870-aa123aee7c10,0.0,0.0
d0901c9d-5464-4874-b4df-ef64ce4a30b5,0.0,0.0
d0b848f6-e451-45f2-a96f-5e5a08fdde91,1.1561837196350098,1.2355477809906006
d0f90b65-0f5c-4e78-a3c0-cc46617a7f5b,0.5872288346290588,0.7215014696121216
d0fe5ed6-48a5-4575-a241-6cd11451b29d,0.0,0.0
d14b2275-464d-456c-9e55-92cc7b8fc40f,1.6656887531280518,1.6567310094833374
d152057d-ad37-410b-ac2e-1a3bd14c42a1,0.0,0.0
d1970378-c6bc-432e-8dd5-a9485be6ad51,0.0,0.0
d19ea8d4-ec85-443d-aba8-4dcc71bf5659,0.0,0.0
d1be33cc-05ba-4279-b64c-b98a05302cfd,0.0,0.0
d1c2558f-243b-4b1d-a19c-db328f0c2295,0.5225717425346375,0.0
d1c57fb6-8388-4988-b0a7-3b31268f7af2,0.0,0.0
d1d5d70b-9fcb-4041-a315-1aa1e6a4be0d,0.0,0.0
d1e3efd2-8f5d-436b-a996-6e9f6923a2ed,0.0,0.0
d251bf99-8fd3-4708-98e4-a4561971948c,1.8368884325027464,2.1975207328796387
d25b0395-2af8-4813-8d8c-83a932af79d9,0.0,0.0
d2708be8-4f24-449f-9e78-f2dc615a1098,0.6899398565292358,0.5605589151382446
d2ae09fa-9b05-4874-89e6-a38f7691037f,0.0,0.0
d2df9563-667f-4511-a0b2-b6f04e3fb7b3,0.0,0.0
d2dfea6f-353d-4f08-a404-f47df31fdf87,0.0,0.0
d2f219c4-6cf3-49d9-9fc5-585095a559cf,0.0,0.0
d34f8f1a-c25f-4af4-a854-6b3710a0ddaf,0.6570971012115479,0.690108060836792
d35ef03a-b81f-4c5e-9ef5-761d3997bda0,0.0,0.0
d398c86a-3cf6-47c6-810e-a90eea9a383f,0.0,0.0
d3b4d225-59ab-4a8c-a764-88a6922418ad,0.0,0.0
d3cf6489-3b0c-42f0-aea3-908ca7ee4394,0.0,0.0
d402ef54-a26f-4e80-aa1f-135449f777ba,0.0,0.0
d4218262-9e19-46d0-bc72-3a7273a78dbf,0.0,0.0
d435129e-4e9b-4ce1-876f-3770f391d928,0.0,0.0
d45d1c7c-ef20-4dfb-9bfc-db1645f9b5eb,0.0,0.0
d46ed5b6-dc9f-4c44-bda7-13f4d37d8136,1.365004062652588,1.6864227056503296
d47be5b1-e986-4847-a87c-6d758c558edb,1.0447373390197754,1.1279232501983643
d48a5669-162c-4825-952d-0f402bd327f9,0.0,0.0
d4b453d8-8058-41d2-85c0-577ce16e34ec,0.0,0.0
d4fa2885-72d4-466a-970a-8c41af106fac,0.0,0.0
d526ad01-7c48-448d-8493-b2e96b5ed47f,0.0,0.0
d53ca16e-2362-456c-9c94-aba6dbd92455,0.0,0.0
d544ed0e-e0ad-4807-a34c-1d05d91dde6b,0.0,0.0
d557ffe3-1853-41b5-a67f-2f55805c549a,0.0,0.0
d565479f-1ae8-48bf-8db7-ac11f6e9b1a9,0.0,0.0
d5677b42-1fd1-4405-be22-d0c62c5809e7,1.1043392419815063,1.2660762071609497
d56effa4-a220-4b88-804f-5853273c8f7f,0.734733521938324,0.0
d56f174a-91f9-4759-911e-e9f951c03204,0.0,0.0
d57d1bca-20ee-4fb4-b7e0-f8282e68dd74,0.0,0.0
d5ecfb39-9014-4a05-8459-45346552c19e,0.0,0.0
d5f5d33d-220f-474e-839d-5604042b7b7f,0.0,0.0
d5f80353-1c63-44fc-8681-30eb67e6a6c7,0.0,0.0
d5f8ea5f-1e6a-4658-90f6-a4aa4ba57c4a,0.0,0.0
d5fb2a2a-bf71-4210-aae6-747fbbcb5bc0,0.0,0.0
d62fb3cb-660e-4c3a-97c5-d709ec146bf1,1.1677285432815552,1.4169580936431885
d63dc1c9-c5cf-4d4b-a8a7-227a0f801574,0.0,0.0
d663eccd-7360-4d69-99b1-3a6e9c04d3d5,0.0,0.0
d66478f7-a3cf-440f-8135-7faabc97d820,0.0,0.0
d673f0e0-f00f-46b2-809b-69001df15220,0.0,0.0
d674ee8e-49f1-44c9-890d-4e04997522a1,0.0,0.0
d6a1b724-d117-4133-901a-5a84c6875e2b,1.1599475145339966,1.3460302352905273
d6b7759e-bd3a-43b9-81a8-f0e577e16d71,0.0,0.0
d6dcd94f-52f4-47e3-aa50-3c88488915a5,1.1924924850463867,0.9147412180900574
d6e9d90b-7363-4c25-88ed-b1c555353b78,0.0,0.0
d7162d5f-80fa-433f-8ffd-8c183ea064b2,0.0,0.0
d7280390-cdea-4e9c-8ee0-d169c2031a97,0.0,0.0
d729fe9d-0c76-4db6-a0ce-87e86150390a,0.0,0.0
d738d6b5-5c70-4982-837b-8791c7eea2de,1.1257106065750122,1.4318861961364746
d7395307-59af-446e-b38e-ae13d984e832,0.0,0.0
d7745f42-73e3-46a5-8f2a-31eb616ab75c,0.7617643475532532,0.8123829364776611
d7a0ffc8-badb-4852-9335-4b4c4fd16df0,0.5891970992088318,0.0
d7dc52e3-ea0e-415c-b09d-37e2cf9c0bf1,0.0,0.0
d82b7e68-498c-4f67-896f-2ad127269bc8,0.0,0.0
d82c79a8-345c-4996-abde-de6f12895285,0.0,0.0
d82c8975-0e21-40ee-92f8-eae58436564d,0.0,0.0
d82f1a57-922c-473f-8cae-4141419d8a65,0.0,0.0
d897f6e2-25d5-445a-a2ef-40243a992a38,0.8258179426193237,0.6376936435699463
d8accf62-cd36-489c-9474-4b6ce987c11e,0.0,0.0
d8c28d53-50d1-45bb-821f-b78040e6057b,0.0,0.0
d8dd86a3-8aee-4ba8-9ad1-b0955e4aa3f4,0.0,0.0
d918761f-31ef-4ad5-a7fd-7624c165ab46,0.0,0.0
d9201a07-f496-4e96-ab6f-256615408a4f,0.0,0.0
d93b72ee-a3df-4f61-a900-722ba2d76e8a,0.0,0.0
d97bf430-afd6-4e89-a9d6-9205894c408d,0.0,0.0
d97eff2e-873a-4f83-9a37-085629b35bec,0.0,0.0
d98333af-af29-4ae7-bbbe-ddb6278261b9,0.0,0.0
da050a1e-f752-478b-a464-ad2817ab693a,0.0,0.0
da260d8b-a788-4287-a755-1097947f9775,0.0,0.0
da2ab4e1-bba5-427b-a02d-b50e6c3b4801,0.0,0.0
da2cd1d1-62da-4574-8d02-fcf8da9b3de5,0.0,0.0
da2f8bf2-cad9-41f1-af11-34e26a2abaac,0.0,0.0
da65898a-1fb7-4de4-ac40-56b511b6ac97,0.0,0.0
da8a5b75-5a03-4411-b174-d720d300a408,0.6051931977272034,0.0
da9ee41d-6f6a-4548-8032-68af6de8d4f0,0.0,0.0
daaaf5e8-d2f6-4f25-8b8f-ba0ed96d9928,0.0,0.0
dabbbb1e-56ee-43d6-b8ca-04a45a8d5ddd,0.7725901007652283,0.8071005940437317
dabe4850-7a28-4c35-bff2-e4fa0287c241,0.0,0.0
dadf5120-2de2-44de-99cc-2328cb9d32f5,0.0,0.0
daef4642-3c27-434e-80fb-d3d78453dd8a,0.0,0.0
daf05ee9-9d3f-4f31-8bfc-38327b01f9fe,0.7495077252388,0.0
db3578aa-dd53-44d2-b4bd-0a3620cdcdaf,0.0,0.0
db3951f1-1bb0-4e9a-9739-a3634ac92be1,0.0,0.0
db64c115-85f3-4ade-b8d7-38559a1e84b7,0.7303674221038818,0.5528008341789246
db7a8615-77b3-4312-b85d-0b8a3de60f36,0.0,0.0
db885c32-64f9-43a5-ba6d-bbb3d5b7be10,0.0,0.0
db9d3162-1523-46a1-96f5-df4e28b2cccc,0.0,0.0
dbfdac7d-f097-49c9-82ed-eafdc7b4a317,0.0,0.0
dc3b3fe2-c06a-4cd0-8949-603a5a25afda,0.0,0.0
dc678143-5d94-4278-b60d-0e21aedec383,0.0,0.0
dc75219d-fb01-4901-895f-691998168de4,0.0,0.0
dc854690-0f9b-45d5-89c0-90c56221ce87,0.0,0.0
dcbae7f8-12c4-48ad-aa86-69251c2a26b0,2.082258462905884,2.757708787918091
dcce4db9-0094-4e1f-99c9-86c5cca8f611,0.0,0.0
dcd408d4-29b1-4df2-b15d-82545fde4ea6,0.0,0.0
dcdf501e-e7be-4c42-82d1-49d30a2374bb,0.0,0.0
dd27c71e-bda1-41d8-9671-7062bf8a04de,1.223587155342102,1.5685452222824097
dd55bdb9-bcf2-4563-93eb-94e087cf405d,0.5229164361953735,0.0
dd5e14a8-255d-4da0-850b-6d98f3f01611,0.0,0.0
dd624e5d-9f2b-44af-8da4-83375770fd12,0.0,0.0
dd80efcd-1e7a-4a2b-9c84-a08636ddebba,0.0,0.0
dd8b5de0-3e47-403e-9edc-84fd9dde6563,0.6951251029968262,0.6679367423057556
dd9e5130-791c-4a93-8d47-8f1964c67ebc,0.73063063621521,0.6618131399154663
ddc760c7-dc6e-4fd4-ac1a-987ba3f79748,0.0,0.0
ddd07426-8b7e-4f8a-a1de-eada8fa32b4f,1.5294241905212402,1.7562849521636963
ddeb5dd4-f3ed-481c-b8ff-9c697652ca74,0.0,0.0
ddf458ab-6a10-4dc9-b659-67ebfc4eefde,0.503136157989502,0.0
de0c42e1-7ebd-441a-b438-3ef81153da37,0.0,0.0
de1a384a-f141-44a9-b569-0836888986cf,0.6900151371955872,0.8712805509567261
de3a1a74-e6fd-479b-9ec7-e88b2d8b6e10,0.0,0.0
de6ebed1-4db6-485a-8b99-002781ddf7ed,1.6098617315292358,2.0176303386688232
de9a7876-92f7-4aa2-8345-e554bf79d494,0.0,0.0
dea43fd3-e82f-4631-9f25-f782caaa4e58,0.0,0.0
deb3bb7c-240d-4b00-b43e-c3eb58c2e048,0.0,0.0
dec4b0aa-edc9-4aae-a7f3-fa2eb7243be4,0.0,0.0
df337a05-adbe-4fe5-b147-7ae0fdd13f17,0.0,0.0
df426ab7-ded4-4b44-8601-ae5a73f301da,0.7779620885848999,0.0
df4c3715-27ef-4a3e-aeec-bdf8bcb63d3f,0.0,0.0
df57b9b6-064e-406c-bc84-b4197cc443d5,0.9347697496414183,1.021020531654358
df6a7666-438e-4869-a0dc-0e2adcc8cc0a,0.0,0.0
df9029a1-8ec2-4d7e-884c-5389c9efdeec,0.523816704750061,0.586310863494873
df93c7b1-2897-4a0e-8679-2e394f23eacd,0.0,0.0
dfb8d0fd-3f80-4a0b-9e85-81185747ec59,0.0,0.0
dfe49840-a9fc-414f-a78f-f67874c7da8e,0.0,0.0
e006bf58-8ee1-4d84-a133-8c7047d67034,0.0,0.0
e019f36d-6dcc-4900-999f-14b9bc53ea52,0.0,0.0
e034ebc1-2ded-4b2d-b914-cf8b3b3b15c8,0.0,0.0
e088744a-59f5-43e3-a922-1301fb9c98bd,0.0,0.0
e09674ef-3852-45ef-9b60-0d06a768fca9,0.0,0.0
e098b6ea-4719-4fbf-ae05-c0747ca0e44b,0.0,0.0
e0cecb0f-beee-476e-9d9f-b50143619df1,0.0,0.0
e1011b4b-f3d1-4735-a6d1-b6ef831ded6a,0.8614062070846558,0.8112387657165527
e112a3dc-e001-4f22-ba54-ca2d50b320b3,0.0,0.0
e17c9438-e7ee-461a-a5a2-42416832a79f,0.7677425742149353,0.8918342590332031
e18407f2-4563-4d7c-adb5-782103d0b66c,0.0,0.0
e2039b0b-e8e7-4bfb-8b09-f60d4b15f6a9,0.0,0.0
e2195c28-54f4-4a48-93a2-f204103e60a4,0.0,0.0
e228a3de-21d2-4f34-97a8-fa3ddf7dbaad,0.9962334632873536,1.082635760307312
e2512d81-a21c-4f24-8037-82a955f2c530,0.0,0.0
e278a291-e551-476d-b399-1d7fdb5ecc65,0.0,0.0
e2ba035c-76fa-452e-bfdc-593e962ff1a5,0.0,0.0
e2bb14d1-5572-4999-9c68-c08948646d69,0.0,0.0
e2c5ba90-9e94-4f46-8f77-0fceee03f924,0.0,0.0
e2cb2c55-9c17-4b2c-87d9-17857b81a242,0.0,0.0
e2d774c6-0d64-4060-bcd7-be7cdfce0276,0.0,0.0
e3028b26-f933-4905-a784-23b22b1834ef,0.7140278816223145,0.6687227487564087
e315c8d4-ddc0-4ad8-90d7-18707d0b126b,0.0,0.0
e3b36d3f-fc83-4a15-a889-a0eca419d9b4,0.0,0.0
e3c45207-3961-491f-a89e-b2b22c7a7299,0.0,0.0
e3cc40da-deca-44b8-9d0b-ccefa69bdbbb,0.0,0.0
e3d4da89-9d7f-4d7d-b933-f80f15abde0e,1.8376340866088867,1.964089274406433
e3d8ec43-b309-4cca-be43-8a5808e32689,0.0,0.0
e3e0bd95-55fe-4783-b4c7-809f001b934f,0.0,0.0
e4022380-06e6-4ec0-b430-3cb997fe3cea,0.0,0.0
e41318cc-252e-4941-ae5e-a006d28e6872,0.0,0.0
e42b96fd-96e9-4f22-b5bd-dce5ec7651d0,0.0,0.0
e43ef865-0869-44d5-998a-0c0277d98085,0.0,0.0
e45552be-1f58-4adf-8bfc-279d1ffb5d71,0.0,0.0
e472bf06-963c-408c-b7a1-177ad090c4ee,0.0,0.0
e4786f10-67f3-4837-9a7d-a147bf03d890,0.0,0.0
e48a48c9-483d-462f-b522-71f960d4cc97,0.0,0.0
e48a938e-5ca5-4f81-be32-878f2d88c3b1,0.5184075832366943,0.0
e4ae3a28-aa5f-4b5f-8290-927c22384cc5,0.0,0.0
e4bbbdd1-aa99-41bf-bbd7-583e1f071346,0.0,0.0
e4f5dda4-d022-48f6-9f1a-91ce81e4b97e,0.0,0.0
e505c4e2-fcd6-41e3-90ff-2eccc7c8b59a,0.0,0.0
e512e082-d56d-4fbf-9063-a6d39a499ffd,0.7554554343223572,0.8934481143951416
e5728c53-adeb-4e95-aa50-6a0aced0b3fd,0.0,0.0
e59d5aa3-63e4-4ac3-957d-beb76380abe7,0.0,0.0
e5a826e5-07fa-4e07-8ccb-78a5653a3993,0.0,0.0
e5c45d4b-bd27-40ac-b6fc-955e996e5e04,0.0,0.0
e5d57bd6-2e2f-4957-8172-894b0886386b,0.0,0.0
e5fb890e-454c-460c-9512-90027ab1935d,0.0,0.0
e6247cb4-f69c-48b7-b232-84d31a6f10e7,0.0,0.0
e6570280-1442-422d-9d05-4e2fdd9f805f,0.0,0.0
e68c51b4-0f46-409a-90f2-9451c913f565,0.0,0.0
e6b69043-2e18-4d49-a5fb-e0a4b8fcfa1d,0.0,0.0
e6c06320-9964-4216-9946-4372ece498c1,0.0,0.0
e6d6c4e9-f294-454f-9ebb-567b80f27c8e,0.0,0.0
e708d21a-8bec-4482-8400-3867e7cfcba7,0.0,0.0
e72bc39f-b0d3-44c3-b1fb-25e336cde088,0.0,0.0
e74591d0-6385-46d7-863b-b0358b6ab513,0.0,0.0
e7603ef1-4d69-4e00-81db-a27944d88c56,0.0,0.0
e76556ce-aa24-4f90-ac26-1506f5ef3220,0.8638701438903809,0.8069895505905151
e777b9fc-c37a-4e50-8596-cc98fc4ee43e,0.9323049783706664,0.5569077730178833
e77db90c-7e86-4c20-8732-cf64f2ba2186,0.5101624131202698,0.5468943119049072
e797e1c2-91f4-4010-801d-ec7bfdcd7ef5,1.258486032485962,1.3407446146011353
e7eac7a1-60a6-4089-b887-e3bf828688bc,0.0,0.0
e8197272-cf57-4e87-82fd-d371012bae79,2.027822494506836,2.421414852142334
e82d917d-f815-4f5c-abe9-283f805ea70c,1.3468278646469116,1.4407544136047363
e83462d9-55f0-40ad-a69d-7d64dcf09f73,0.5198388695716858,0.0
e834946c-7c96-4693-a6eb-ac7ba64b37c4,0.8546777367591858,0.9280449748039246
e83bda58-d924-431c-8035-306ea3af8d8e,0.0,0.0
e83fab18-7e86-4000-9a6c-659e480837af,0.0,0.0
e8946301-b09b-4f0e-992e-a37161be0c26,0.0,0.0
e8c74e14-1af3-4c87-bafb-bd64c93b656c,0.0,0.0
e902313a-75c3-484b-94da-eb6ad11978e4,0.5595689415931702,0.5301396250724792
e931c822-4e44-44dd-867a-633790257bc5,1.3826863765716553,1.6266642808914185
e9496d91-d17f-47d9-aa6f-2d961ac7326c,0.0,0.0
e954f431-b71e-4a32-9aba-0641205e575d,0.0,0.0
e9585e87-e930-443d-89ed-49184fab23b1,0.0,0.0
e965e6b6-388e-4594-bbc8-e9c6c4a1d27f,0.0,0.0
e98d6ae6-56a1-4523-bab2-ed39824597a8,0.0,0.0
e9e37395-29b7-42c3-a946-146945cde616,0.0,0.0
e9fbdce5-951f-4ee2-946f-c71e22f01cdc,0.0,0.0
ea1beaeb-a20a-46c1-918f-710e1c1ce65f,0.0,0.0
ea24bd75-4e77-4c98-813f-3b94035e211e,0.0,0.0
ea350f39-168f-47c0-bbae-aedf7c36b74d,0.0,0.0
ea5f02af-412f-4f81-8111-204e8a8323d4,0.0,0.0
ea86a240-5ab5-4955-a3eb-0c49fb54edba,0.0,0.0
ea92a1ec-10f9-4881-98e1-3fc5fc8ae389,0.0,0.0
eab32de5-5e81-4e4d-9127-8cc26d3eb95a,0.0,0.0
eae9c34c-592c-4dfc-a3da-2118c0a4da77,0.0,0.0
eaf85fc5-647b-4406-94ce-4177ec2b4830,0.0,0.0
eafc5993-e9e2-42c1-b9b2-10bade88d83d,0.0,0.0
eb46a598-624a-40e0-80d5-bed284fdeb7b,0.8774111270904541,1.1214995384216309
eb61d05a-4e34-4931-ba3b-2d9570ec7d8d,0.0,0.0
eb625c73-fd93-4138-94dc-2e537cb05866,0.0,0.0
eb71d548-dfe3-4c84-b415-25a664fd4b77,0.5831055045127869,0.5766711235046387
ebad225f-4798-4b2b-a155-672cfb428daf,1.4997602701187134,1.6709808111190796
ebe686bd-1872-4ef6-a0d8-b1f95bbb03c8,0.0,0.0
ec233e5d-10b4-406c-80e1-171c36594983,0.5555241703987122,0.6977827548980713
ec26fa06-08f9-43d1-ba15-57f3eeca7bbc,1.0169683694839478,0.8699273467063904
ec2c5e52-acdc-4d8e-b254-8a7efda31a15,0.0,0.0
ec3b9384-fe19-41be-bbb2-04a988754bf4,0.0,0.0
ec85606d-3543-4f8d-b3a2-41e56b91397a,0.0,0.0
ec868ec6-42df-46ac-912b-c4fb1ac8c10d,0.0,0.0
ec8c4e25-aefe-458a-8524-dd20d57bcf76,0.0,0.0
ec8ed1b9-596d-43c2-b699-9e11c64cc893,0.0,0.0
ecc490e8-c404-4631-9cd3-e5593093b1c6,0.9258240461349488,1.0059080123901367
ece6d786-929c-4e88-8694-1f7eed0de3e2,0.0,0.0
ecf174d2-fb00-4525-b0c7-c016e4344280,0.0,0.0
ed0d6ff8-4627-49e5-871a-a7c98cb29aa2,0.0,0.0
ed44da1d-034a-4ee0-88d1-ef6de615f6bb,0.6240950226783752,0.5914565920829773
ed4cb203-2797-40fd-babc-f9acc284749c,1.2651331424713137,1.4193514585494995
ed51eae2-551c-4d2f-839a-99723955bd48,0.0,0.0
ed69a7ae-bc34-4c52-b841-a54aab1a2105,0.0,0.0
eda87dc6-8796-47d6-9464-17f5bfd4fe31,0.6780428886413574,0.5151028037071228
edb2d4ce-dce7-4190-a419-c150da2fea3d,0.0,0.0
edbc57ab-b1e6-467b-9106-b180a5c81ec5,0.0,0.0
edcc8d46-02db-4160-9115-0c9bad6f4a36,0.5554377436637878,0.7626944184303284
edf98c25-601c-4ab7-bc1c-e36d08575e87,0.0,0.0
ee08558d-a6ce-4fb0-8a7a-223eca00f42d,1.2130731344223022,1.3369371891021729
ee0f47ce-1c47-452b-9cdc-e9f35d29fb4f,0.0,0.0
ee2fce9d-b0ba-44c6-97d5-7f5f4f3af3b3,0.0,0.0
ee5e829c-1c75-43fb-84c2-ac1703bcb42e,0.0,0.0
ee69b465-415f-4bce-9bcd-e1e413605f4a,0.0,0.0
ee7aa34f-fb1a-40a3-8e71-a1f78fe0415c,0.0,0.0
ee7e719c-efdb-4910-984c-eae6c522784e,0.0,0.0
ee91a81e-b40e-4d83-8195-b4cd32c9c1ce,0.0,0.0
eea399ed-35c8-4d15-b56e-38b98a0407cc,0.0,0.0
eea87933-ef8b-44bd-8003-babf29b34926,0.0,0.0
eeaacc8f-2a3a-45f3-b701-a90ff38c8990,0.6773790717124939,0.549579381942749
eeecc779-6e6b-437e-ba74-0aebd5fc0a9a,0.0,0.0
ef2dec6e-ff9c-4290-a849-ab6e9bd2ae54,0.0,0.0
ef3cf548-7b67-4fd0-8c4b-3f672fd56551,0.0,0.0
ef463e68-a399-4aca-8c9d-4834ee75a93a,0.0,0.0
ef4e5f73-65b3-4190-be36-b123175f7175,0.9520275592803956,0.8526402711868286
ef67c010-7a61-4e21-be8b-b3b31ed435a0,0.5553569197654724,0.6956663131713867
ef7dc31e-9ec5-4ab6-8e73-94e570dbcdfb,0.0,0.0
f0079858-c1f1-4f4f-bdd8-471ea29af185,0.7853603959083557,0.6845107674598694
f035d9ee-92fb-4ba3-ab14-8ccd95e89596,0.0,0.0
f05432f2-d8ed-421c-9872-0cc3fb699d75,0.0,0.0
f05b4270-6823-4c97-9bd4-0a1b1ae2829d,0.0,0.0
f07ceced-9da7-446b-b330-1cf48b4b705a,0.0,0.0
f0e4470b-61a1-482e-a5d7-38c67bd74c14,0.0,0.0
f0e70752-78c6-4290-b267-c41c0b854e4e,1.2441599369049072,1.3144217729568481
f0ed3550-f107-4d95-b034-85178f0d6ea0,0.808374285697937,0.0
f125bac0-8e97-4f0e-be90-7ad03d545e23,0.0,0.0
f12f4ddc-b7f9-4227-ac14-d65f13b18a0b,0.0,0.0
f1435fd0-e0e4-4820-8827-842bc443e134,0.9193580150604248,0.7739223837852478
f14e8b37-51b0-4e63-8b1b-c92081e10358,0.0,0.0
f151a0f7-0423-4e3c-b6cd-4fbe1fb6aba4,0.0,0.0
f153c733-258e-4399-86ac-d0878ab13a86,0.0,0.0
f199e5ad-6780-4a81-8d1a-b0c4dc004f37,0.0,0.0
f1cb8322-7674-4465-82e1-460ba102c05e,0.0,0.0
f1d6c0c6-130d-4d4b-bb16-e70761147554,0.0,0.0
f1f3f0e9-2c89-4ba5-aaae-ebbe5e87f573,0.7039212584495544,0.0
f23e90ec-5605-49e1-850d-6a7c1ed1398b,0.0,0.0
f24e4b69-3b27-4839-b479-861273308b06,0.0,0.0
f257ece8-173e-4091-8749-547155f70449,0.0,0.0
f25e943a-9eea-401f-a2b7-ea4923ba10cc,0.0,0.0
f266da1a-787d-4bb7-9dd8-15efda27878b,0.0,0.0
f28e844d-facf-4f5a-8a63-2b75bf5ac82d,0.0,0.0
f2a1b2c4-209e-474c-8637-98e709a627d6,0.0,0.0
f2b24cd1-0551-4a82-b398-91b28f0de499,0.0,0.0
f2b2ef54-bbec-44cf-a086-d3acd31be199,0.0,0.0
f2ced492-c1d5-4d6b-99ca-66249d3b9461,0.0,0.0
f2d75a82-453c-4ce9-bd9e-b95b9cb68f3a,0.0,0.0
f301182c-7eb5-4ad6-bbb9-fb42bb19a07f,0.6161991357803345,0.6028267741203308
f3222d28-3d90-422e-9db0-b7927cfa41bd,0.9273151755332948,0.0
f3575309-ce75-4c4d-96c6-56fbdc9cef6d,0.0,0.0
f3601bb9-de2f-4810-819d-f1a75dd40179,0.566788911819458,0.0
f3762b30-f498-4b2a-b6e2-ba16e9754313,0.0,0.0
f379484f-7c69-4c6c-b6d6-fbdb0d4cf393,0.5451857447624207,0.0
f38dc9b5-2935-4e0e-b1d6-bb7a07353b79,0.0,0.0
f39fe99f-77db-4642-8e9b-7451c4f04af3,0.0,0.0
f3a8bf82-fcdc-4546-8cf3-44ab9077ddcc,0.691966712474823,0.7055415511131287
f3b18637-6d91-4038-a13f-3f3e5293ebfe,0.0,0.0
f3fb25e2-d049-4ccd-b9a5-cba46a0f6b6e,0.0,0.0
f439845a-5b49-4df0-bc8a-894ce03bd3f7,0.0,0.0
f444c558-4516-4f7d-9321-cdc76d8f884d,0.0,0.0
f464367f-df51-47c0-9339-ebd9899e26eb,0.0,0.0
f46a2422-bfe4-4fd9-ac5d-8dc50d4b6930,0.0,0.0
f4777915-e67b-4e9f-bb66-d4ddc7e42e93,0.98426353931427,0.8446027040481567
f4832fbb-c1e9-4f54-8def-464720a9ebd7,0.0,0.0
f4880cd8-7c9b-4f14-a1c6-db074dfea6df,0.0,0.0
f4a1a61e-df80-4994-8da3-a03d6e9594d5,0.0,0.0
f504d96d-0125-481c-8ac1-a504f26c8a20,0.0,0.0
f5223e06-235d-456d-81d3-ff2a111a4be7,0.6022507548332214,0.5236894488334656
f53e24cd-bb0b-4ccd-90d9-52642aec4540,0.0,0.0
f5822769-f5b8-468f-9563-3375ad0f5fb8,0.0,0.0
f58f270b-457a-4aec-8cd6-2ca8ca46edd8,0.0,0.0
f58f54ba-4671-4373-8f80-e9f118fe29f2,0.0,0.0
f5944653-c01e-480f-8d1e-be43cb255ac1,0.0,0.0
f59d6a08-d069-4928-ab8d-c29f57200829,0.0,0.0
f59e0f75-5df8-417c-9a2c-099fa9cd7201,0.0,0.0
f5b14841-133a-4f3c-a4cd-b53ffafe1a1a,0.5304564833641052,0.724960446357727
f5b8a3c6-348a-4ffd-bcfc-6c95610e9430,0.6377586126327515,0.5914092063903809
f5bea682-58d3-487d-9a33-ccddcb04d90c,0.0,0.0
f5d40b9a-efb4-47ef-996b-f2fe186d5976,0.0,0.0
f5f1a435-27bc-4176-95c9-af25c91bb103,0.0,0.0
f6106ef5-e6fd-423b-9034-59bce18319da,0.0,0.0
f6388b97-5e83-4154-9ad4-36ec9a7370a6,0.0,0.0
f65e9e9c-05f1-49be-a17e-d71e37025fad,0.0,0.0
f674973f-0f50-4dc8-948b-1b565a100759,0.0,0.0
f684f168-e33d-42fb-bc55-0e8a685e4eb7,0.0,0.0
f68fad77-9a00-445e-b017-24008fec5e03,1.4221800565719604,1.6610288619995117
f6b9e1ee-e4bd-4e39-b8fe-6a8188b510df,0.0,0.0
f6c6aec3-562a-4f6d-86e8-5b723bb8d7f3,1.998117566108704,2.4345805644989014
f6c7ef2a-90cb-4643-91da-77be9d43e4f7,0.0,0.0
f7028795-1f34-484d-adbc-61f4f7634fc2,0.0,0.0
f70aed18-52f7-471b-a35b-f5fdc15dda04,0.0,0.0
f723e4ae-c775-4842-912a-462a530b6c32,0.0,0.0
f755d041-6de2-4d83-b08d-c8d694ac3d23,0.7643700242042542,0.9154228568077087
f78e3888-aa25-4834-bb66-bbe7ccd9394e,0.0,0.0
f7b84605-d1f4-4516-ab6c-ffb71be393af,0.662388265132904,0.0
f7ccc09d-4533-4ae7-b454-b528b8e1da1e,0.0,0.0
f7d420d7-5ef6-4d04-8698-78e385c81435,0.0,0.0
f804c491-32ae-4752-bcce-86f7cdda45c4,0.6179760098457336,0.0
f8077464-f8d7-4eb6-81f2-5a230bf82539,0.0,0.0
f8110307-cbe7-4edb-b2b1-df182c60d6da,0.0,0.0
f839f7a5-81af-4a76-b60e-db5f30c6567e,0.0,0.0
f85b1350-0006-4b38-8661-6af8a9cbaea2,0.0,0.0
f8632d13-8866-4104-bd73-a5022e474028,0.0,0.0
f8650a35-2d6c-46bb-84c8-dfd1f1dea6b6,0.0,0.0
f87134f1-14cb-471e-8f8e-be677f28a45a,0.0,0.0
f8c02326-346c-4f4a-8308-482f7c602698,0.5557499527931213,0.5656372904777527
f8c2607c-94b3-4d95-82bb-75312c6d9462,0.0,0.0
f8c5100a-e363-4321-aeea-6263bc08a839,1.8472537994384768,2.1781702041625977
f8deaf48-bcbe-4ab8-8a60-465e2ac9dcb6,0.0,0.0
f92cb52a-ffe3-4b32-9a71-fccd0a91ac50,0.0,0.0
f9343a91-0125-4eff-b9d5-7aac99f41c1f,0.0,0.0
f93ee447-1331-44b5-a933-59e01661301b,0.0,0.0
f95fd38f-a9cb-4d7e-bf19-f883e010c283,0.7759069204330444,0.5234646201133728
f96a8516-820d-4ee2-afac-aa190b64ad33,0.0,0.0
f96d690a-a67c-42d6-9fce-c102e1687141,0.0,0.0
f9a3449a-de93-4193-bece-9d23e7aed82b,1.3069276809692385,1.5807353258132935
f9ae0654-d3b4-45b7-a00a-4c38c73460a7,1.102314829826355,1.0464673042297363
f9d5f0a4-ec46-4496-b450-8c9593fe2e43,0.0,0.0
fa0e9d9a-bceb-446a-985c-8cc024c7ec85,0.0,0.0
fac1c203-62a2-4641-9d35-967baf407bb3,0.0,0.0
fac67da1-bd0f-4d4c-867e-63e419ba390a,0.5547609329223633,0.0
fadb643e-284c-4245-9f6f-6d14af4c735f,0.0,0.0
faedcf82-11dc-4e28-b933-3f6b2f741fca,0.0,0.0
fb31603e-7d4b-4246-ae7c-aa05ddf4e3d3,0.5423659682273865,0.5179913640022278
fb333f94-adb3-46d5-a96a-bb8634b140c2,0.9549829363822936,1.1088448762893677
fb50c528-bce2-4312-be4d-849f5444b415,0.0,0.0
fb53aefc-71f2-46e2-a74d-d49349ac283d,0.0,0.0
fb5fedb2-c4b2-4d52-bc33-07825656d421,0.6659634113311768,0.5059304237365723
fb7ec5ac-de5d-478b-96e8-61d7767f44ee,0.0,0.0
fba50ea9-2f08-4929-8505-13c7610cac0d,1.7093744277954102,2.0755538940429688
fbbe1f3c-f266-415a-9b2d-c46a2ffd3c8f,0.0,0.0
fc1437e2-0f51-41b8-928b-c4a9d902df59,0.0,0.0
fc379b37-9d8b-45ef-b23b-4e2755ef32e2,0.0,0.0
fc95ae83-0dc0-4509-b10d-dfb51884a873,0.0,0.0
fc9802d6-175c-46e7-a52a-6d4029a7fa5a,0.0,0.0
fc9f0118-91ce-4592-95de-350f80258433,1.3230655193328855,1.5514625310897827
fcc6f8b3-5092-4c91-ba24-e374a0d506a4,1.8502854108810425,2.197540283203125
fce04748-a36c-4b24-9899-9d7da0a13f78,0.0,0.0
fce19700-d66e-4006-a695-a558fc9e34d5,0.0,0.0
fd140ee2-1947-40f7-982a-7edfccedb35d,0.0,0.0
fd1bab30-255a-49c7-9013-9dbe9bac7687,0.0,0.0
fd2d7a9e-3363-4f9f-ba71-caa91fe2b122,1.301668643951416,1.5200715065002441
fd448e14-9a95-4424-bbf4-aeee847a92ad,0.0,0.0
fd6c849f-b0da-4f94-83d7-6564ff8c803c,0.8079994916915894,0.5904462337493896
fdbb5340-6ea9-4178-be1c-b0f2aa40d8de,0.0,0.0
fdeaa93a-2d13-4002-9b14-06107a11d2fc,0.0,0.0
fe0ea304-fc03-4240-bd18-6725c462c99a,0.0,0.0
fe147b75-6f33-4953-96c1-0aa81cc5e4d0,0.5532678961753845,0.5203683972358704
fe2209a2-10b1-48b7-af06-ec3fea6490d9,0.0,0.0
fe36779e-50ec-4767-8fc5-cb72fff44066,1.223225235939026,1.388144850730896
fe6a345c-f7bb-44c8-b1d1-b3514d01c28e,0.0,0.0
fe870c43-3655-406f-b5d1-ab292dc45241,0.6226423382759094,0.7849711179733276
feadb688-65fa-4da3-8111-b075b4935188,0.0,0.0
febe2610-8dd4-4792-90a3-b7271502894b,0.0,0.0
ff1bb36b-9b81-4c70-acab-e272da008856,0.0,0.0
ff3543ad-9bc1-438d-b72b-e1cd3bd898ae,0.0,0.0
ff387ceb-40d0-4db4-b488-62ba0515d90d,0.0,0.0
ff4c4b83-4c4c-4d00-89e9-ba0debd28c91,1.411361813545227,1.5325291156768799
ff66fbf5-f41b-4e02-9c05-733a14755a0c,0.0,0.0
ff676a65-e224-4a78-b6f5-e161c7d395ce,0.0,0.0
ff85bb4c-2c21-43db-aea9-f184ab7ae7ba,0.0,0.0
ff8a5f48-d8f6-44f1-90ac-b5adb7bead0e,0.0,0.0
ff8c4a7d-9d41-4e2b-b8db-523ff5304ddd,1.2821178436279297,1.434487223625183
ffb6d015-cb93-4ba3-ab9a-953d31a82bbb,0.0,0.0
ffe249c4-19de-41eb-9611-60af5717cdf4,0.0,0.0
fff54897-9676-4f7e-8e68-da7457517b7b,0.6539307832717896,0.7282582521438599
000a9004-1462-4b8c-96ee-0601aff0fdf7,0.0,0.0
000ba8d9-d6d5-48da-84a2-1fa54951fae1,0.0,0.0
0017d1c4-64cb-426d-9158-3f6521d2dd22,0.0,0.0
002220cf-0b83-4f58-bacb-c4318686194b,0.6061871647834778,1.1268125772476196
004cf556-f3dd-4c4a-9da0-cb2eb848ff0e,0.0,0.0
004f4c46-e664-414b-ad56-feaee010eee8,0.0,0.0
0051c2e3-a110-4460-9296-9d9c9df82473,0.0,0.0
00743e1b-a98d-4026-9bdf-50cc52cd168e,0.0,0.0
00c0b91c-9aa7-4d9b-a44f-abb91acd49d2,0.0,0.0
00d0afb7-e919-4b16-86d4-4ca059c7af09,0.0,0.0
00d3626b-3696-49ae-97d2-165f56187953,0.0,0.0
00fd6873-2601-45b8-9704-8bb6a53bb62c,0.0,0.0
01387dab-ab55-490d-9451-1d15bf4d9b0e,0.0,0.0
0139def7-9348-42b8-8767-0edcb1d81a1e,0.0,0.6690467596054077
018acc46-9b3a-4f14-b4c0-5929776ace07,1.0921618938446045,1.8070082664489746
019d002f-2ba5-47c7-9d1e-0421d065e23f,0.0,0.0
01b0d56b-f1d2-436d-a0ae-bc605eede64a,0.0,0.0
01c10e0e-9255-42a5-a649-9c62f74ecf86,0.0,0.0
01ffe76a-9d66-4733-b17f-bf922a54fb21,0.0,0.0
023dba15-adc2-45ba-9613-19fd0a299602,0.0,0.0
023e4079-f8e3-4b27-abd2-93047825fd7d,0.0,0.0
024d4a58-ef11-4f2b-925d-657809d60ff6,0.0,0.5466811656951904
02660d65-17e5-4c3f-a48d-f3438b4d2c4a,0.0,0.0
0266bae9-30f1-43eb-8c9e-25b6d250aa1a,0.0,0.0
02690e0c-f79c-4746-82e5-5247c89c1f06,0.0,0.0
02897a1d-af9b-46e3-aec2-cf8f9ef11c30,0.879477858543396,1.9739521741867065
029529bb-cea1-43ec-962f-636aa443c403,1.0450283288955688,2.004333734512329
02a453da-76c8-4ba1-91d4-7c56fbf0eb60,1.7544699907302856,3.5733275413513184
02bab660-283a-4a3e-b30b-939bbae5a969,0.0,0.0
02c3fdcf-b9c8-4a81-b1a8-1c1682cd8959,0.8653760552406311,1.7565425634384155
02e48cc0-3e23-4d26-a4ab-6bc3563a4dc2,0.0,0.0
03093663-1b50-4087-a861-86cce1fdd9eb,0.0,0.0
0309ccc0-02a4-4fa9-b7fd-44e13269bc8f,0.0,0.0
03439423-e11c-482b-94bb-a9b26b054b73,0.0,0.0
03887d4f-9286-48f6-84a4-4acb672e43ab,0.7044564485549927,1.2449976205825806
03abc36e-7824-4b9e-9677-e79d08656817,0.0,0.0
03b29664-20a4-4f2c-82f6-d47a87506d07,0.0,0.0
03c2ea2c-c749-4f08-8ee0-6dfe1bcddef0,0.0,0.6779160499572754
03d82692-a06b-4a1d-b14a-e79498696337,0.0,0.0
03eb98bf-38c4-4354-bf9c-92c50c7012fb,0.0,0.0
03f406dd-ad7d-49f1-9907-3a3cd5b2698f,0.6217653155326843,1.3075213432312012
04087a89-e8b9-42a8-b152-b05337a29602,1.0417648553848269,2.3543286323547363
044b8806-634e-4d8d-a077-107658def160,0.0,0.0
04559e19-c4ef-4025-80f5-2562c33ae14b,0.0,0.0
046e34b2-5972-44cc-9356-0905864a04c8,1.3077280521392822,2.41353440284729
0478e534-833e-4d9d-b2a5-a6b71e967bd9,0.0,0.0
048f80dd-9052-49f5-b644-b74313f86b65,0.0,0.0
049cb9be-c25f-4469-8721-982645acb73b,1.0808454751968384,2.3545594215393066
049e7f98-849c-436f-98b6-fb24e2fbc4b5,0.6432080864906311,0.8016644716262817
04a20b0c-286d-4cae-98d3-701962f098a2,0.0,0.0
04a51496-1c55-4e0c-a626-04f73586854d,1.4767318964004517,2.9997122287750244
04b160db-c1d4-4f5e-806e-82b099a0f649,0.0,0.0
04cd43ec-9b28-4094-9965-317dd7c0b00d,0.0,0.0
053288fc-7634-4b0e-83cb-7d76f072192d,0.0,0.0
05726490-fcfe-4bd3-ae8e-6b5dc39e1bfa,0.0,0.0
057f7dd4-6e33-4f6e-828a-6a3d14abf2cc,0.0,0.0
05b6e9fd-c047-486d-a063-3df46ee9507b,0.0,0.0
05c40154-5e23-4fb2-b48f-1fe5d393527f,1.1087381839752195,2.234093427658081
05f06090-2b19-48df-aa89-db729161af09,0.6717973351478577,1.2590925693511963
0607cd43-6cb9-40e0-bab2-4c5a4bfcd4f9,0.0,0.0
062f44f4-1b93-45c2-93be-809308ee8b35,0.5913327932357788,1.221689224243164
0647e67f-75b0-48f2-896e-592c2e776818,0.0,0.0
0656eebb-487a-4ec9-9334-f6e14fa4bc15,0.0,0.0
065babcb-76b1-412d-8e47-b1adcabbdc70,0.0,0.0
06711527-3e20-4c94-bf71-0ea9b61fad0b,0.0,0.0
067bb9b0-0758-4e7d-bde8-78bd17397c31,0.0,0.0
067dc1e9-3a04-43f6-bd82-f995cb717594,0.0,0.0
06b9de44-7961-4686-8238-7cbe56df7cf5,0.5190128684043884,0.6966037750244141
06c89620-9510-4b90-b60c-a871b2a80ad0,0.0,0.0
06da70a3-4d77-4c62-b0a2-5d5fa11b9233,0.0,0.0
06ddcd9a-4ccb-4a06-8217-aecd7c05b2b0,0.0,0.0
06f5be0d-81f6-4c93-9c6d-7a8b627e05b1,1.3492344617843628,2.28291654586792
06fb42b1-60e6-45b3-bdb2-8589390ecb62,0.0,0.0
0713d324-c3bb-48b7-809c-74dd6ab523f6,0.0,0.0
071ac298-7ea7-4abd-8b53-d0e2c32cce1a,0.0,0.5027218461036682
072639ef-bda6-4767-b747-82ee87ffd235,0.7798707485198975,1.5731950998306274
07462578-d456-4906-9560-c88a4cb07b75,0.0,0.0
075349d4-2b89-45e1-ad36-56ca2ebe868b,0.0,0.0
07758724-4cb0-4a80-ac0f-982d96f89f3d,0.0,0.0
077d90f3-090d-4349-83b9-4af91001c57f,0.0,0.0
07aafd03-974e-47fd-ac1f-90750dad086c,0.6026845574378967,1.382450819015503
07b677c1-f44a-4c20-bcaa-56fd98f1244d,0.0,0.0
07cdc659-00c9-406d-83e0-46b452516699,0.0,0.5153592228889465
07e7755f-8b70-4a02-a3ef-8c5566aab322,0.0,0.0
07ebec08-d2aa-4d3a-961f-f4cd6cdcf807,0.0,0.0
07f72086-57eb-4c3d-8529-3dd308fa545a,0.0,0.0
082ee61d-8991-4d2e-ba73-9df0297aff89,0.0,0.0
087cd91a-fb97-4c0f-9a30-5b9d77b3dba7,0.0,0.0
087e55f5-c526-4a03-8baf-60400a997012,0.0,0.0
08988ab6-3250-46f5-812c-e6669f35d51f,0.0,0.5567940473556519
089b20a1-42b0-491e-88dc-32777fb65aa6,0.0,0.0
08ac50c1-1c7e-4ebc-b465-bb53f7c83025,0.0,0.0
08b16a7e-3bae-4e98-a901-bc180e0b60c2,0.0,0.0
08c99bf5-d19f-439f-b2a5-15da9ce9869a,0.0,0.0
08cf0d1a-5f8e-4747-b919-b6a42745c806,1.1470075845718384,2.085448980331421
08d44c40-6d27-4dc3-9749-c539172bd941,0.0,0.0
08e0271f-adbe-4da7-96ec-0256e8e80276,0.0,0.0
08e6e5e6-0dea-4197-b48c-80785af3bbd8,0.5868749618530273,0.56235671043396
08eacab7-d826-48eb-8f8f-a8c6c12fe536,0.0,0.0
08eb335b-7337-4b04-b4e1-88022109b574,0.0,0.0
08f92ff4-b82e-4ff4-995a-accd1a8d1c27,1.068514347076416,2.1202166080474854
08f9adeb-ae0e-4e55-bee1-b2ad4f904406,0.0,0.0
092fd75d-45a8-452e-b1d2-2f3d3a691164,0.0,0.0
09305d9d-4c67-42a9-84ab-d92d0acc460c,0.0,0.0
093ff7c2-7e69-4d0f-9364-711d16ae9968,1.2207614183425903,2.653064012527466
09832184-89d6-4280-bbab-9e8cfb41ce87,0.0,0.5763996243476868
0983550f-f704-445a-97a3-0782306b8278,0.0,0.5499833822250366
09930dff-cd04-4b8c-a824-9a3007b02d92,0.7353024482727051,1.6888182163238525
09b2e777-0c08-416c-96be-fa16da257c3b,0.6947069764137268,1.392480731010437
09b91bab-eece-47fc-b780-88db978b51f3,0.6105321645736694,1.1406618356704712
09c16013-fd3b-4ffc-aa8a-02a9652fa6fd,0.0,0.5101836919784546
09cc6c4a-b532-422f-b5e5-29327599f6b6,0.0,0.0
09e62f58-0d1c-40e6-bf1f-1ee4ca776449,0.0,0.0
0a05eb6e-a58c-411b-a61a-a858cb7442a9,1.0636919736862185,2.1062166690826416
0a067213-9188-490f-9c83-f01207d95192,0.0,0.0
0a13d2c7-ae30-422a-9ac0-ac14da665f4e,1.4103593826293943,2.791642189025879
0a172180-5ee9-4095-83c1-6cd086309b3a,0.0,0.0
0a1856f6-7647-4f1b-bf65-5fe31e2ed204,1.7018150091171265,3.6961324214935303
0a6340fb-c62f-4750-a634-b133f38cd939,1.2669678926467896,2.582473039627075
0a8009e5-8f09-4f5c-b8bf-e35f91337337,1.636055588722229,3.2450613975524902
0aac46d8-09f7-4710-9481-098cfd1abac9,0.0,0.0
0aba7490-72c1-43ff-b26f-925065d4be26,0.0,0.0
0acedd67-5334-4cf0-9327-fd737c2c55a1,0.0,0.0
0ad62278-9eeb-4bda-a330-74ee2b64e5fc,0.0,0.0
0add508b-fd20-4bba-ae04-7354ad59256b,1.5288349390029907,3.0983998775482178
0aeae4c1-337e-4476-9d8c-073955d45887,0.0,0.0
0afebe6b-b16f-4a1b-9e4c-92ac1a9c35e4,0.0,0.0
0b0dda5d-e350-4e49-8ecc-d5f8d084bcc2,0.8256856799125671,1.7706224918365479
0b1ac29c-a06c-4418-98f4-44a5dfced85a,1.135600209236145,2.504323720932007
0b1ce129-e769-4711-a46d-8d3d61556443,0.0,0.0
0b224ea0-2892-4254-ab41-1f8b0ac3732b,0.0,0.0
0b3a3cba-2ef6-4523-8839-1614ee01b8f5,0.0,0.0
0b3df019-6452-4544-bc30-c26246bf1166,0.0,0.0
0b3e3768-32e3-4d14-9bbd-8ad950e09fff,1.9371600151062007,3.930105209350586
0b3ff718-f3cb-4d84-acc5-07016f1876ea,0.0,0.0
0b4f0b9d-3a95-4a6e-a238-de0b0bf6c5ef,0.0,0.0
0b7e4306-bfac-4544-bd53-8b0836d153ed,0.0,0.0
0b97e4f5-0278-4156-bb22-6124f5fbfb48,0.0,0.0
0bac901f-52ca-4567-ad42-ba62610feca8,0.0,0.0
0bc98401-36c9-4368-a4b3-d7041057a62e,0.0,0.0
0bcae989-8577-4416-9820-eec8ed14c467,0.0,0.0
0bd80ebf-128b-4323-9dbb-3029b3c61a4d,0.0,0.0
0c117e50-0fce-49b8-8f32-70f8d44b407c,0.5946504473686218,1.3048545122146606
0c1ac5c0-2d11-4cfb-a4a9-3338bf3fe451,0.0,0.0
0c218b21-6e54-49ed-aa03-11d70761a170,1.649540901184082,3.5301969051361084
0c336bbc-b124-4805-a11f-4c50c2353797,0.0,0.0
0c4842a8-c180-4335-af1a-c218449d271a,0.0,0.0
0c6b3d20-4cba-40c9-9744-c288d2553a71,0.0,0.0
0c860edd-84c0-4509-8880-e20675b8da07,0.0,0.0
0c996eed-0e6e-47bb-b6b5-67268ef82c98,0.0,0.0
0cb6b71e-b456-4a2c-868f-41d1c7cc8013,0.0,0.0
0cbc07e8-3f14-4de1-8b80-6443533b6005,0.6765278577804565,1.6389844417572021
0d0cad8d-dfac-4b81-98a0-708d3f02360b,1.4982582330703735,2.7375807762145996
0d3286ec-5965-4dba-b740-9fc38a0c1268,0.0,0.0
0d341a7a-fbd8-4bb3-bc67-9a1a67f03e02,0.7589920163154602,1.8068488836288452
0d46687a-a0fa-4d61-a66f-d8cb51bf2ed6,0.0,0.0
0d48d3be-e87e-4f97-83d8-4e5182349c10,0.0,0.0
0d62fde4-4609-4be2-a366-4273ff4c5e53,1.3891973495483398,2.6697394847869873
0db9d7b8-0875-436d-9d8e-9839e207a675,0.0,0.0
0dbe37ae-4af3-4575-aef5-16efb52d01f4,0.0,0.0
0dd3b563-d9cb-4021-9156-0228839aceb5,0.0,0.5289201736450195
0dd4fcba-1e6f-4b95-8a10-95e8bad5d9ea,0.0,0.0
0dea1785-fc26-4d5b-ae6c-efa2383c05da,0.0,0.0
0e0189e2-215f-451b-a641-03136032acf9,0.0,0.0
0e10d294-9377-41d0-b767-4461ce6d7995,0.0,0.0
0e264fe1-1a32-44c1-9c98-fbfed5e42028,0.6816707849502563,0.9517096281051636
0e5711e6-b578-4b8e-988b-9ad7d4f1b534,0.0,0.0
0e604374-3aab-4b34-8a7e-0fb8af395af7,0.0,0.0
0e771165-ee0f-4b73-bd36-24b1d25ecc3c,0.0,0.0
0e952ced-7e33-48b8-a113-fa12ee7cdb5f,0.5481187105178833,1.0459359884262085
0ea66c61-6fe4-4c2f-9b73-a4601530811e,0.0,0.0
0ec19322-635c-4d4c-80bf-49263c6abd88,0.0,0.0
0ecf7ad4-592f-4e0b-93de-9cfc3cf3578c,1.3725954294204712,2.989670753479004
0ed0532a-ec4a-4162-8270-3d081b0f8994,0.0,0.0
0ef9c96f-808d-487b-8fe9-e3d31d8ce99a,1.2370328903198242,2.385373592376709
0f023533-4f1c-4b2b-b537-877c6764dd4e,1.4233479499816897,3.146212577819824
0f1b33cb-e155-41e7-8466-2f8e59164fe4,0.5831014513969421,0.9368774890899658
0f34b9d8-83fc-4328-9718-3e8fee9cbfcc,0.7017306089401245,1.3977622985839844
0f5e695f-15ad-4297-89a0-0691e238c50d,1.1946622133255005,2.4195945262908936
0f6e13b3-2726-42c5-9eff-eefc2f8eb96a,0.0,0.0
0f6f1dce-da76-4c43-af23-a604b6a2d706,1.9031219482421875,3.975935459136963
0f76e65a-65db-413c-8473-1eadf45eb772,0.6044071912765503,0.7346019148826599
0f793a57-d700-48c0-8d00-cca6c7dbd019,0.0,0.0
0fda8e51-be46-4f09-b552-3201c1f33649,0.0,0.0
101559c7-e3f2-4746-a0e7-42556008c82b,1.0164259672164917,1.9120876789093018
102a81de-bb53-4786-b739-18f60f5ce659,0.0,0.0
106daf81-65bc-4418-96f2-fed99eec5975,0.0,0.5775362253189087
10b74531-48e4-4036-a712-8a2ec7f81338,0.0,0.0
10bfd636-2937-4b24-a8ca-873caaa1fe9b,0.0,0.0
10c3817e-d436-4fc5-bd58-851662462fea,0.0,0.0
10d6c907-0818-49df-84e1-5df8e84f3148,0.0,0.0
10ec899f-3f98-4924-8927-55e280340807,0.0,0.0
110af2d1-a778-49b4-9774-9edf026c5f2c,0.0,0.0
11364d97-2c5b-453b-a9b1-cf37d396781c,0.0,0.0
11680fb8-3b51-441c-862f-619f57a27121,0.7647683024406433,1.252739667892456
116e6a78-f10c-4b1b-be69-fb4652beb4d9,1.0146691799163818,2.2157325744628906
116fdf2a-d72d-4674-9202-77d84443e4a9,0.0,0.0
11809e95-5e5e-4599-9c86-66ca2aca2bc6,0.704238772392273,1.4538908004760742
11b5e347-ff7a-4be9-8023-bdcfb7f78a5a,0.0,0.0
11caa75e-02bd-4cc3-86d6-2155d3b13bc7,0.0,0.0
11dc66ec-5a17-4df9-ad5a-7fedfadec9ac,0.0,0.5223610997200012
11e5128d-915c-4a06-adb6-ffe5c175197c,1.4808237552642822,3.064122200012207
11fc7266-12b6-4797-bbe8-654f56ba15b6,0.0,0.0
1214d83b-5e3b-48e0-af26-e236fd22ba5c,0.0,0.5469946265220642
12165df3-2194-425e-8186-c09eded8b7d2,0.0,0.0
121c28ff-3a5d-4004-9862-3b68e966e6dd,0.0,0.0
123886fb-e01c-4ab7-9e32-dd493fe62fba,0.0,0.6106177568435669
124b5645-e372-4b62-bae6-fd5632da87a2,0.0,0.0
125ac7f7-6d41-489e-8419-2b205bccca86,0.0,0.0
1276bb7c-84b4-4b8a-afef-4dab0a30ca9d,0.0,0.0
1286626e-39c3-450b-bfa0-def26795360f,0.0,0.0
12909ff7-c6d0-4e25-ad67-1258e194064e,0.0,0.0
12917ecd-832a-412b-a73e-f646c7f45517,0.7168678641319275,1.5775989294052124
12977d0f-d2c9-4827-b994-5fc04d01cdaf,0.0,0.0
12cd9b58-d2b7-4bca-a95a-4678388df6d1,0.0,0.0
12d68997-8859-4593-9e6b-9fa435c1305f,0.0,0.0
130aa1a3-5c31-4faa-9e5d-ad502b511f80,0.0,0.0
131997cb-2bb8-442a-95a1-aa7e80f45ff0,0.0,0.0
1329a456-4996-412b-9560-c9aa9c60cf82,1.6377060413360596,3.5822038650512695
133486eb-e8ee-432f-9426-70d56b91b65d,0.0,0.0
1336b87e-5c08-44d6-b98b-963bae273c2c,0.9805145263671876,2.1326191425323486
134f6fbd-a72e-4337-956d-13bfae55ef69,0.0,0.0
13636af2-f771-4455-ab36-85c4b5de40c2,0.0,0.0
139c6f52-9f16-440e-b51a-7724eb7159cf,0.9863266348838806,1.743302822113037
13b630b4-c97c-4fa4-86e4-c9af5a1f63ff,0.0,0.0
13bda315-01a1-4039-b736-b88b142f8db3,0.0,0.0
13c07c62-a606-4fb3-a89f-2970156b20a0,0.0,0.0
13cb1094-001e-4feb-8b70-ac753fa8ab32,0.7097374796867371,1.670628547668457
13cc4b6b-e639-4f60-96d7-1cbe558d5ce2,0.0,0.0
13d0a16a-7107-41e0-98a0-b365345a64ed,0.0,0.0
1402b6da-31d7-40b7-a580-657252dca698,0.0,0.0
1414c669-1b83-4cf2-8003-8e15b2f3a602,0.0,0.0
141d59cc-fd78-4ca8-9e2d-dadeb3cb08f4,1.1048150062561035,1.8060575723648071
14282386-0b1d-47bf-a4bd-1eeaff812b36,0.8819286227226257,1.8203266859054565
142bd4eb-3e9a-4a35-8173-442cf61154b4,0.0,0.0
143de372-321d-487b-ab0f-225432806cba,1.3519282341003418,3.0905821323394775
1486d247-baf6-4ff7-9dc1-34ed50f3b68a,0.0,0.7201766967773438
14934aba-a54c-4bdc-9b48-34ba67defecb,0.0,0.0
149a666c-2c99-4cad-ba3d-279ad0cc1414,0.0,0.0
14b4f532-e6da-4c22-8169-54c845c5f32b,1.2060467004776,2.367809772491455
14b7feab-bc3f-4dc2-99f5-796d1e7e6547,1.2581883668899536,2.9071176052093506
14bcf78b-80f1-493f-8d52-117fe13bfbd4,0.0,0.0
14cf9bf4-f7d5-41d4-a647-a74abe47fec5,0.0,0.0
14d840f9-a084-4465-827f-a28d1b105bd5,0.7703918218612671,1.3418327569961548
14ed6bf0-fa3e-413c-a2d1-a75b32ebe99e,0.0,0.0
15026142-b8cf-4b45-95ee-243dd627c473,0.0,0.0
154cb0bf-ad63-46ea-95c1-d79baf249320,0.0,0.0
154fd2a7-b386-4df4-a9ab-d8f15fcc387c,0.0,0.0
1557f104-106a-4d14-8a6c-ff25296f7bbd,0.0,0.0
156b5ab1-e55c-4829-8720-0b652e7b697c,1.002417802810669,1.9217065572738647
157100ea-6c11-4ff3-80a6-c7c623998507,0.0,0.0
15813b7d-08bc-40a5-b593-59275659da9c,0.0,0.0
15864b85-747d-4190-ac62-4eea3b244db9,0.0,0.0
158d2378-80b3-426f-ac51-aea172b3d345,0.0,0.0
159592b0-60d1-4282-8bb2-f7579061dfa8,0.6386871337890625,0.782174289226532
15b0c418-bc48-45aa-8aaf-2d057da3c01e,0.0,0.0
15ee6573-5850-42d3-b44e-c0edc222c44a,0.8039098381996155,1.768678903579712
15f0da2a-5660-4c2b-b968-6cf2559f7190,0.0,0.0
16060437-f34e-4534-84aa-72d1d5cd6e8d,0.0,0.0
161da8ba-aabd-4b2a-8725-77c028696023,0.0,0.0
163084ba-d175-410d-9bc1-151e408712cc,0.0,0.0
163c63ef-4794-4b21-8ebe-7c0cd301ea31,0.5554446578025818,1.1300339698791504
16554611-fa7c-412d-baa7-62d269400f5f,0.0,0.0
16591c20-2e80-47d0-a886-b33279a7689d,0.6998242139816284,1.435616374015808
16a2b951-62e7-47d9-b854-762163a19daa,0.0,0.0
16a2fa5f-e2e7-4d16-89d4-76dcee575144,0.0,0.0
16e4bda5-1a98-418f-9ec6-dfed4a41c302,0.0,0.0
16e79197-4ef9-4db4-af88-c362708de09d,0.9966792464256288,2.257840871810913
17202e77-507a-4a71-aabd-202b4aca6307,0.0,0.0
1727d970-a1ee-4362-9df7-e055ea490fd9,0.506472110748291,1.2721723318099976
1748032c-291d-4bc6-8a88-fc2985321ba2,0.0,0.0
1748ad33-ce2c-44c0-9a66-3793e342e3ef,0.0,0.0
174e8501-6487-4195-a39f-96b34c658804,1.0916788578033447,2.2062137126922607
17590454-8dd7-428d-8753-4b0f23188277,0.0,0.0
176c47fe-8d57-4ad9-936a-7386d2aeeeb5,0.0,0.0
177461ab-3ed9-49a5-adc7-06be5804dfc0,0.0,0.0
17884cd8-ccae-44aa-9f43-9651d9a87186,0.6851977109909058,0.9780083298683167
179f8f02-6fe6-4914-aec3-43515bc969b2,0.0,0.0
17a8460b-e7a8-41f6-ac70-0aa83f097974,0.6252814531326294,1.0971225500106812
17ab06e9-ebab-464a-8bfd-aaaa3ec4a9e2,0.0,0.5711432099342346
17c75268-3db0-4d2c-b73d-87027799555f,0.0,0.0
17cc62b7-9fb5-45e7-bf65-d4668a4263ca,0.0,0.0
17eb4969-d406-49d3-9a7f-6a8571bf6266,1.692983627319336,3.579462766647339
17eede27-ea7c-4705-8871-85571d73874c,0.0,0.0
17f6e80f-41bf-40d3-b98a-09c519550416,0.0,0.0
1803b2ff-7c6d-4a6f-8e59-166a60527298,0.0,0.5455054044723511
180eeb6b-8454-4d33-a109-c935d25a4956,0.0,0.0
1828dcac-f7ae-4ee4-85a3-c83d5bea2416,0.0,0.0
18562bda-c36a-4f16-a695-8ee6e46d5924,0.0,0.0
1862a559-4e0f-42ea-8061-1ea960eb646d,0.0,0.0
18733911-e794-4664-b312-eaa4dc643af6,0.0,0.0
1893faa1-5b69-49c0-8c4f-70534269924d,0.0,0.0
18b0207f-a543-48f7-933e-31c8164b9323,0.0,0.0
18b6b4f5-ec43-4ea1-b34a-fabed7adfd1d,0.0,0.0
18bf5130-83d5-457e-a748-7e3456bb2697,1.4734704494476318,2.742025136947632
18ee6b54-03ba-438f-bdf5-160deb480dcb,0.0,0.0
18f98ada-4c81-493f-a768-5c3fd11f17b0,0.0,0.0
1918cff4-db64-428a-90b5-cfb0111bb2a3,0.6870157122612,0.8805930018424988
193eb521-0b28-4e8b-8b21-b5d192dbf97c,1.228442668914795,2.654731512069702
1955f049-707e-4d59-899f-37b19afda3a5,0.0,0.0
19816f25-9265-44ee-97c2-136a2ccc82ab,0.0,0.0
198c1383-831a-4802-a1ed-7f22fac44c0c,0.0,0.0
1994bd2e-4143-4433-94f2-394bcaf1a456,1.290930151939392,2.3092291355133057
1995fe1f-1f61-49c3-a81c-20bfe2a9aaf3,0.0,0.0
199f09c1-f636-46a4-ba39-14801ec8743d,0.0,0.0
19a8d549-0a47-4494-9793-2a76a7b98e69,0.0,0.0
19b4cc9f-2a0b-4a2d-bfb6-08ee0fbc8429,0.0,0.0
19c4d328-213a-4374-8627-fcadf41a3453,1.121323585510254,2.066704034805298
19d1e6c0-d2b1-4ed9-b2c5-5552ff7f9824,0.7100387215614319,1.4483411312103271
19d216d5-4d31-41ff-9d72-7f082fe7defb,0.0,0.0
19d52977-36f8-47af-a289-1d827cb2eba0,0.0,0.0
19d7520b-9b18-4bbc-80e7-0cd30354d51a,0.0,0.0
1a0c7e4f-a3a6-46f1-9bc8-e9cd660e9e5a,0.0,0.0
1a3141ab-7db5-467a-b1ee-35e54c19aa3e,0.7101598381996155,1.2265602350234985
1a55646a-432c-4c4b-9f46-3a23b90aa927,0.6003000140190125,0.916210412979126
1a65f29d-fab1-4c96-b1b2-f930e4dc2773,0.0,0.0
1a7a093c-a32f-41d2-82c4-6e9015ec1afa,1.2647961378097534,2.583791494369507
1a901773-e484-4469-bc0e-b33c549271a1,0.0,0.0
1aa41794-6938-432a-bbe4-d2f4087ac8f4,0.9677960872650146,1.881792426109314
1abe75bb-a2bd-424b-a36a-0ba978cd2eee,0.0,0.0
1b093066-09f9-4d94-8124-4d24bdd99111,0.0,0.0
1b1c4256-4c83-4019-9250-a49746f975cb,1.067472219467163,2.2234230041503906
1b5ecbd5-dc4c-4180-9b57-67a36c2a2b1d,0.0,0.0
1b851a9e-62bb-4f78-af2d-b3be2d9bf093,0.0,0.0
1b854a07-6015-4a15-9e4e-be1e8cf270ae,1.0058454275131226,1.833477258682251
1bd1c407-1d36-4b2b-9137-4e9107a17513,1.212863802909851,2.4086179733276367
1bd545dc-f3a9-497a-b1d1-f8c8795177a1,0.0,0.0
1c024784-eb78-4ba2-9cf9-e33b4ab71a1b,0.0,0.0
1c111700-e216-4db3-aae3-a1d585524e3e,0.0,0.0
1c2476dc-7d0e-41de-a7b8-bf365cfc5e67,0.0,0.0
1c445f99-874d-4b9b-85f2-b3aaab9fb4bb,0.0,0.0
1c4b02c9-824d-4dc7-a4e6-8997ebbd3e15,0.0,0.0
1c519a14-c4fb-4c43-a8d2-6d1b77ec626a,0.0,0.0
1c5a829f-1348-4bb3-aef1-43fdc8a290a2,1.1329249143600464,2.386885404586792
1c6cb2be-161e-4cf1-978e-cbe05eadf386,0.0,0.0
1c74f7dd-27c8-4cd9-b09b-10760b478321,0.0,0.0
1c7d3050-015f-4b5c-90e0-f2d978254f81,0.0,0.0
1c943626-aee4-4d29-a741-8a5ca94468ed,0.0,0.0
1ca39e4d-2da5-40c8-b5d2-f36a9c7b6014,0.0,0.5455082654953003
1ccd8476-b350-4677-bf1d-788d3c4925ee,0.0,0.0
1cfb81ed-257c-4f80-bd01-e0aae7922c1d,0.0,0.0
1d35c948-99fa-4c4b-a3a2-05c63914799d,0.0,0.0
1d5f2a41-2aa9-4421-8d32-518392d67b05,0.0,0.0
1d7a5edb-c490-4033-8933-1669b9978f65,0.0,0.0
1d967b0c-4226-45bd-a7c4-5704981b0b14,0.0,0.0
1d9bf22e-fa20-4544-a215-44de58f045b0,0.0,0.0
1dc00041-452c-40b7-b4da-da2a4273092d,0.0,0.0
1dc007bc-276e-4aa9-ba5b-a726bad0c9e6,1.662588596343994,3.493938446044922
1dd4be22-658c-4626-bb5b-44dbc1e420f8,0.0,0.0
1de59c5a-6f56-4331-8b76-298f09c11034,0.7988303303718567,1.6083166599273682
1e1f0908-b3a1-47a8-a947-6b566865e469,0.0,0.0
1e1f3b02-daca-4972-ac63-8ac19e0bcd7d,0.985424816608429,1.846480131149292
1e2148d2-70b7-4f65-baa7-da8801b571a2,0.0,0.0
1e2f60d3-4c32-4f51-b745-dbd04a4afaf6,0.0,0.0
1e3d76c9-e2ac-4be0-a1f1-94c8d463ad44,0.0,0.0
1e8c2b22-2af0-4397-b55b-6a4500585571,1.2094216346740725,2.4254400730133057
1e95d695-8e78-4d87-949c-3719550ff432,0.0,0.0
1e984695-3370-49eb-bbdf-0c21328c1f8e,1.026862859725952,2.0854196548461914
1e992186-0a2b-4874-8123-400d99f47471,0.0,0.0
1ed99ee3-9bdc-4a2b-beb7-5725a8b57ac5,0.0,0.0
1eedee86-2b26-49f2-acd2-c933bbc243af,0.0,0.0
1ef2a626-d642-4e86-b9a6-9e2e85f571d5,1.6713286638259888,3.2915432453155518
1f1fb316-1638-467a-b107-575d36a1772d,0.8945972323417664,1.6730127334594727
1f235f87-ff6d-4bb8-b548-287fa2948b28,0.0,0.0
1f484541-5b61-4b71-af8f-e327ca52b6c8,0.0,0.0
1f4d25c6-0d45-43a2-8a51-1ce160a3bf52,0.564386248588562,0.6952142119407654
1f569a72-d374-4bea-b006-ea024ba4b682,1.0202172994613647,1.7436310052871704
1f708171-53cb-474d-b721-43f9c93a6a6f,0.0,0.5549408197402954
1f73b528-577c-42e0-a3ea-b4d8be361a83,0.0,0.0
1fbbeef7-23f6-4ac1-8b69-b31c4432119d,0.6671889424324036,1.235239028930664
1fcf9427-cd2b-4af1-9785-928b54cb56da,0.0,0.6891005039215088
1fe9519d-e074-47ef-8b26-6e152ab64ad5,0.0,0.0
2017329a-a899-4c70-852b-f235027f7da1,0.0,0.0
202e0369-2215-4d2c-a2d1-da71e339c1b8,1.362267017364502,2.778789758682251
208b55d6-b4a6-407f-b805-0f1bbc1eaf6e,0.0,0.0
208e6591-d1fb-4884-a059-c9d4c80abcec,0.0,0.0
208fe71a-216a-4dce-b749-2b4cbf56a68b,0.0,0.0
20aca99b-20c1-43f1-b95d-9a77158c19a6,1.045909762382507,2.5096538066864014
20b366d6-eb37-42f3-92f5-f1daa18c1670,0.0,0.0
20c018e8-7be0-4645-8d07-7990be98ac92,0.0,0.0
20c7bf22-c3c4-4f42-b6e4-ddbcc2d24c4b,0.5526270270347595,0.6634337902069092
20d465c0-b994-45f6-8020-a4cb60b7a2e7,0.6003615260124207,1.0773417949676514
20d8bafb-f2ed-4aba-b6a2-6c2dee1d08a9,0.0,0.0
20f2537f-c4b8-448e-a892-93fd0883b6b0,0.0,0.0
212313fa-444f-4cee-b0c6-66ced67a2882,0.7346300482749939,1.4335596561431885
21358509-652c-4fcc-9ffb-e7edc5a4b79a,0.0,0.0
214615d6-7654-4fde-aef5-9a5e2222f8bf,0.0,0.0
214d10aa-49bc-473d-8cca-79175b966f40,1.4362525939941406,2.661480665206909
215a8076-5ca1-4f06-96a2-144e8409f2b8,0.0,0.0
21b8c62e-17ee-4d6a-a2f2-eb798ae397fc,0.0,0.0
21d0fdf3-3a12-48fa-864f-a20b52832ba1,0.0,0.0
222e2bcb-05a5-43fc-badb-9054b397868b,0.0,0.0
223cdb37-e254-4869-9937-7c03b4e818db,0.0,0.0
2242fc95-b5e5-4a20-97ef-c7f26d1e7735,0.848711371421814,1.5565481185913086
227ac82d-3524-4937-a356-60ac63dae38e,0.0,0.0
228d5522-c66e-499f-8100-b5ac990bf9d8,1.3737727403640747,2.44352126121521
22b9682d-5264-4032-a2aa-7abd2a5759b5,0.0,0.0
22c7f60b-ebf8-4e7d-94ea-fb6bdc02ce5f,0.0,0.6539027690887451
22d202a6-2b38-4355-acbc-1abdebeabddc,0.0,0.0
22db95e9-828a-4208-9a5d-48bb85701e56,0.0,0.0
22e34347-89b7-485a-b1c0-89177d456e2f,0.0,0.0
2308de74-d020-4883-b768-2a2bda8a3c72,0.0,0.0
23180cd0-b004-4ed5-a622-0dd2bfad4ee8,0.0,0.0
231e6091-a3c8-4447-b772-4eb50e3045ae,0.0,0.0
232c4314-808a-434c-97ec-4e4beee525d7,0.0,0.0
235efdf5-f060-4b22-bf24-c111013de768,0.0,0.0
237c4dbf-2785-4d71-9eda-2e725e796531,0.0,0.0
239725cf-79d1-4eaa-8d8e-57e083d01a9a,1.1075958013534546,2.0444235801696777
23a4c192-ed0d-4dcd-97e9-98d596861fe3,0.0,0.6687211394309998
23cd8918-7c92-4a14-a3a4-29bdf45dea40,0.0,0.0
23defa7c-525b-4e93-8edb-079838722c91,0.0,0.0
24001303-299c-4580-ba08-ca118fbae113,0.0,0.0
240269ce-3c86-4f14-9011-494b695ea137,0.0,0.0
2406418a-9185-4602-845a-7cb8761188f9,1.4043065309524536,3.034548044204712
241129ab-8927-4135-bcf4-d23e75a8a5f4,0.0,0.0
241bd21f-52d3-445b-8301-1f88ac626b23,1.236929416656494,2.4769773483276367
241c3b37-27e5-4ef8-ab40-82cebeabfdcc,0.0,0.0
2449ea71-f80c-4ca2-8621-1bab6b540cf8,0.0,0.0
24786f8f-2182-423a-8dcd-b8f8dee7fa55,0.0,0.0
24869e89-bb1f-45c7-a7e4-05d1ef4227e1,0.0,0.0
24a58438-010c-494c-9448-6e0070279cfd,0.0,0.0
24b7bd55-74de-4f09-b0bf-3416e7835c0f,0.0,0.0
24c66c41-0587-45cc-91a8-0896a1fcc31d,0.0,0.0
24d78f3b-54fc-4628-9bc2-806bf01afb59,0.0,0.0
24e20fb7-5993-429c-81e5-17bbab747744,0.0,0.0
24e63998-190f-43f4-a0e1-cf0d79127d4d,0.0,0.0
2501cc59-504b-4a55-9427-c2160123a0a6,0.0,0.0
251074e2-ac43-4a19-b35a-e9b194c9f631,0.0,0.0
2516e000-3956-4d91-bf6c-b21f5f04792a,1.2567776441574097,2.4831180572509766
25515997-ddfb-486d-b0dd-edb6c1395a9b,0.0,0.0
258388d2-5fcf-4c32-b141-6f26729df78b,0.0,0.0
2594120b-05db-4aa5-9130-dab2f6550cac,0.0,0.0
25cefa36-1c92-456e-b3fb-e2d2b782bc2e,0.0,0.0
25dfe47c-4f38-4974-9cb9-e5609fb7bb2a,0.781390905380249,1.4553289413452148
26067c8f-1fef-4463-b5c2-b1063598f0c3,0.0,0.0
2620fdfa-4293-44f2-834a-b57c307a32a8,0.0,0.0
262d8a28-8d6a-4751-8b0f-4eeb80f4ab03,0.0,0.0
26376eef-18eb-4f1f-913d-33f0682bf8a9,1.0021569728851318,1.9045393466949463
26378a76-7887-4462-bbfc-852779d15695,0.6944634318351746,1.7520626783370972
265d15a7-7824-480a-a54a-c52346632fb8,0.0,0.0
266326d7-a648-4c4b-b6a0-7735c56c5e0e,0.0,0.0
269f5678-047a-45a7-af24-89ad97f95321,0.0,0.0
26a63217-84d4-4bdb-9c98-d18c885cc9d4,0.0,0.0
26f0a2b2-babe-4f36-89fe-31d06682c120,0.0,0.0
26f99756-2183-4fb8-b856-4663b2f57c79,0.6702366471290588,1.4359686374664307
2700b724-e8c8-4715-acef-f448b252e07c,1.6118028163909912,2.923178195953369
273bf7b6-de01-4320-b4b6-6212d6d04bc4,1.2784192562103271,2.777832508087158
273e5016-1e95-4948-91f9-42670259fc69,0.0,0.0
279c3df1-a629-4474-bdbf-7e3c9dea02ad,1.4581996202468872,3.2108962535858154
279e6d28-22c1-4419-abb0-f11d9b3fc9a7,0.0,0.0
27ad4026-f59e-4229-b012-b0b30761d94a,1.1576496362686155,2.4272074699401855
27b7c779-b93c-437d-b258-33836111d57b,0.0,0.0
27ccd988-9129-42a1-b64b-aeb7124ccbb7,1.075448513031006,2.2007298469543457
27e6cd9d-1529-4484-a3e2-24f033d95255,0.9563522934913636,1.8665056228637695
28117afc-6615-450b-82d7-5820df5807d6,0.0,0.0
281f1947-e1a2-4ff1-a3e0-744c7eee15a5,0.0,0.0
2887701a-9d01-4d22-a264-b5216811e8b3,1.1486754417419434,2.2032577991485596
28880458-9514-4a46-bbd7-fec922db5d46,0.0,0.0
288f6457-65b2-4bee-a4e9-715090f7fa98,0.0,0.0
28a0e33c-d3a7-4d66-822b-97f4565dfea0,0.8655473589897156,1.647836446762085
28cf5db3-19cb-48fa-93a8-2011209fca64,0.528066098690033,0.6332995295524597
28eafe93-16ee-497b-8a7e-4d1e0607d923,1.0314074754714966,2.204155921936035
28f1a14e-9333-413a-9112-9d45b5d766c1,0.0,0.0
28fe872e-e346-4e10-89af-e9855e43deb8,0.0,0.0
2905e636-c3f3-40b2-b9e7-e4b87827d47f,1.0114059448242188,2.1945488452911377
29095752-0876-4835-a603-b84952321495,1.438507080078125,2.9743783473968506
2919c5b0-96b3-43dc-9c1d-5ab3bcfb816a,0.0,0.0
291f99e2-2323-4ecf-aa4a-d82729350108,0.0,0.0
29554a7d-d91e-4847-9ebd-ebb8c7096c0f,0.0,0.0
295b09ce-a55f-4e7a-b1fb-8e9c3cf1cd66,0.0,0.0
29639d84-325b-41de-bce2-fa225d29a300,0.8995363116264343,1.526344656944275
29683b6e-30ec-4671-8fc4-cfa7e4f66145,0.0,0.0
29796a10-92ff-4ed5-ac10-b0d792a63f32,0.0,0.0
298ef94c-2809-47a5-a2a1-b564c3e15b50,0.0,0.0
2998b68a-f38d-4ff9-b930-25981bbd1406,0.6493356227874756,0.8127747774124146
29a56a23-9038-4e2a-8496-f9eae4764051,0.0,0.5488643646240234
29ba95fa-6645-4efa-a968-32417089308f,0.0,0.0
2a0221c7-4b34-49af-99eb-3dbb8e86f0a7,0.0,0.0
2a09e908-efcf-4cb9-b155-6c21855740d8,0.0,0.0
2a2cab0d-7b1c-4437-ad42-cf17a7b50a68,0.0,0.0
2a2d6c33-0a30-4502-b88e-22afc0212bf8,0.0,0.0
2a31d079-c3a1-4e45-8285-cffcdd4f11a6,0.0,0.0
2a47bbc3-5f14-4700-9120-bd4dda0aa592,0.0,0.0
2a535f5d-7d00-4689-aab3-e11595fe6e64,1.433400273323059,2.9421401023864746
2a7c5db1-1783-408b-9518-3f92af0908af,0.0,0.0
2a7fb10c-d248-458c-8fd5-331280076b5e,0.6207268238067627,1.043545126914978
2a878ee6-e5f0-4718-84ba-bdc6151b6f03,0.0,0.0
2a999e7f-0f51-41d6-975b-346c1275696b,0.693070113658905,1.4040956497192383
2aa5fdb5-2f10-46ef-a74e-30576a576ad3,0.0,0.0
2abffe45-5448-481a-bfa3-06646d35281e,0.0,0.0
2afd38a7-ef54-4741-af4e-100f317b9b91,0.0,0.0
2b02295e-2922-49a6-a076-d07adaf5b3bd,0.0,0.0
2b048b8b-53cb-4807-abb8-067608079451,0.0,0.5749305486679077
2b07c89f-c672-4559-9baf-475edbd92fea,0.0,0.5834673047065735
2b3189e5-d02b-495f-a9ad-9c1a5fd05f6a,0.0,0.0
2b34c22b-186d-4804-9645-3a816786af18,0.0,0.0
2b3aca40-df40-4fb1-9343-d21a87aab864,0.0,0.0
2b3c67b3-0fd8-46ae-965f-d771c3a82db3,0.0,0.0
2b7f8cc8-db04-4958-a999-a8844a492128,0.0,0.0
2b8ebadd-5480-4b49-b03d-eaca1b859d7b,0.0,0.0
2ba0e0d7-b39a-4c22-bda6-f1ccac19463b,0.0,0.0
2bb4e5dd-3050-4e89-99b4-ea6633a5b2ea,0.0,0.0
2bd57894-4fbf-4980-a55c-f6f2dfbfaa96,0.0,0.0
2c2c17d0-6b33-420f-947c-4f4427cb5ccd,0.0,0.0
2c3006b5-690c-48b2-94c6-0ec03b3e8a29,0.833381712436676,1.3805127143859863
2c4ef11f-d13b-4ee9-93cb-724131f7d164,0.0,0.5017868876457214
2c50c412-d57c-4d39-833b-ecc7cfc52ec7,0.0,0.0
2c59cbb9-3053-4ce9-bc04-4d5940f61526,0.0,0.0
2cb4f3e1-1882-49cf-97b1-2a27914f0cbb,0.0,0.0
2cc10205-5771-4210-a1ca-bb2ec9f75237,0.0,0.0
2cd90d06-dd79-4560-ba66-7fcaf8559adf,1.4104958772659302,2.835745096206665
2ce7ce59-3bf5-4ef4-be1d-a4006e224c6e,0.0,0.0
2cefb644-f17e-400f-8624-3df95e00bd3c,1.3823059797286987,2.665990114212036
2cfec6cf-1ddf-4568-8cc3-9e1e9948a366,0.0,0.0
2d07e971-36cd-4827-8be3-3a59db89109d,0.0,0.0
2d0a374a-6de2-4983-a1ba-683e00a54e9a,0.0,0.0
2d3bbb2f-1883-42c0-ac8f-30d698e4ab4e,0.7539116144180298,1.5196847915649414
2d51764b-b963-4ce0-ab31-d529ec220a39,0.0,0.0
2d6cf436-bd6f-4124-9935-d339786e47ad,1.2606565952301023,2.7452878952026367
2d7e72f2-471a-4f07-9565-5febcea9488d,0.0,0.0
2db1bf68-6e69-4288-9dd2-caeb6c988ba7,0.9171346426010132,1.9026591777801514
2db2c684-5c23-4a9c-8185-823767ca1177,0.0,0.0
2dbb7565-b9c4-45de-841e-dcf0ee5e634e,0.5781015157699585,0.9374417662620544
2dc841e4-ac0d-4297-9a2a-f3f11d7554d0,1.356537103652954,2.3531041145324707
2dd61577-38ff-4981-9bbf-c4b3227b53fc,0.0,0.0
2df9e801-4daa-4886-a442-ecbe9a70e76b,0.0,0.0
2e121484-84b3-4973-9ba8-e14ddb5f08a3,0.0,0.0
2e3b0294-956e-45af-be14-fa792011551d,0.0,0.0
2e4640e0-6650-4655-8fb0-9ad8573c14f9,0.9758434891700744,2.008784294128418
2e46c8c2-3007-433b-9ebf-c199f68f8f17,0.0,0.0
2e4daaef-1ff0-4579-a1fe-fb03cb079a79,0.0,0.0
2e5a12b3-1ab0-4874-a1a4-3f2d3cc795f8,0.0,0.0
2e61ecea-ce3e-448e-89f1-7f95e97cfaab,0.6524301171302795,1.0630158185958862
2e90a1a6-0ff6-4d83-bb1c-d94d561ba554,0.0,0.0
2e9483ca-3f38-4f6e-844c-6bb5c8baca75,1.5464946031570437,3.307861089706421
2e95ed9d-05a2-4c89-95ca-be5d3fdd5300,1.53440523147583,2.8861191272735596
2e99ed1c-2f20-4120-b927-82834c88a5f1,0.0,0.0
2e9d1275-7c95-46e5-9c46-2ec616c34373,1.5945987701416016,3.4114346504211426
2eaa07f1-5594-41c7-b98b-3992e53af08f,0.575113832950592,0.7211639285087585
2eaec316-da3e-4500-a640-cf5e0c8b131b,0.5721617937088013,0.6994194984436035
2eb12243-3d62-4173-a339-8513a7bbce98,0.0,0.0
2ec74ce1-06be-401f-9430-78429b9aa07e,0.0,0.0
2ef72718-6fbc-450b-acc3-29b45c812a0e,0.0,0.0
2ef808bd-86ef-4620-9ac1-8855803dd7f8,0.6309662461280823,0.8933752179145813
2f23b987-cdd3-4943-bd50-55137e1c65ab,0.0,0.0
2f260736-8806-47b0-a403-3763ddd76762,0.0,0.0
2f3bf779-617c-4baf-b98a-6071025aee16,0.0,0.0
2f827eb2-6043-447d-be58-d176a7015b17,0.6594314575195312,1.4703178405761719
2f9dc719-e141-4ad6-9e88-afcd0fbfd0ca,0.0,0.0
2fa39779-89a9-4672-8195-fa05309f7d94,0.0,0.0
2fadbd5c-c2fa-4d08-b21a-fef8aba33e3c,0.0,0.0
2fc34b73-a2c1-4379-a46a-2c71855b23b5,1.1111541986465454,1.9010359048843384
2fdd7735-1237-4fc4-941e-d1d11d107a81,0.0,0.0
2fde6878-da06-4b0a-b489-70aab851807a,0.0,0.0
2fe2db77-3d30-43cd-8a70-870587b3f0ff,0.0,0.0
2ffff0af-712b-4c36-8287-919ccb46e793,0.0,0.5174509286880493
3016e38b-0ddf-463b-912d-b22cc10f6ad5,0.0,0.0
3020ded1-a7b2-4422-82a2-654a3f88d822,0.0,0.0
307d2f26-4cf2-4ced-a591-2183d2f6936b,0.0,0.0
308cae2f-7554-4dc2-8eee-f10c0683bdb4,0.0,0.0
3094f4c0-ea44-473d-acf0-58e8f8b826af,0.0,0.0
30ab5128-9a8f-4446-b781-faf8bafb677f,0.6132802963256836,1.2337349653244019
30b0db1c-5486-405c-88f7-3cd9c748c81d,1.0056109428405762,1.9863226413726807
30d98996-2025-4ebe-a91e-c5ab9a59eb2e,1.1723580360412598,2.5575170516967773
314ca18d-b2f4-4b9a-aa82-260941e4fe70,0.0,0.0
315f7567-b415-450e-a5f7-aaac67860f2e,0.0,0.0
3172b09e-f1e4-4bce-a1fa-bb5f43a5fc47,0.7372339963912964,1.5013411045074463
317b9470-9340-4674-9aa0-44c004f36dbf,1.1278517246246338,2.2080774307250977
3181231f-00c8-4d02-a9da-8f88997e16df,0.0,0.0
31a8d689-1c80-4f7e-9b80-3e3e7969c8e7,0.0,0.0
31e19029-2602-43c5-9f11-50c183b413f2,0.0,0.0
32057067-3dfc-443d-ad82-073b2ca26297,0.0,0.0
32076264-7d27-46a3-a5e2-93b6b69136c7,0.0,0.0
323f83d5-db18-4164-b93a-e64e1c5bc850,0.0,0.0
325e2da5-f9d6-4ecb-a437-8e4ac4c28a9e,0.0,0.0
3273caf1-2a6d-4206-81be-f54b143db872,0.0,0.0
328a2e7e-7bb0-48c1-a5ba-a6a8f0cec6ba,0.0,0.0
329e0eea-e664-465f-9462-8b421d2212d5,0.0,0.0
32a05fde-d8ff-47fb-9d16-096ac43a1d80,0.0,0.0
32a19fc2-51eb-42ee-8ca2-80df20c6bf48,0.0,0.0
32cc50af-6f9b-4101-896c-4bf77f2ea51b,0.0,0.0
32dc8863-5958-44d9-ac84-81d164631385,0.0,0.0
32e40709-5664-43e7-b08e-fefdcfd3371d,0.0,0.0
32f63023-7161-4587-ad33-d2b250d55387,0.0,0.0
330d57d1-47cb-48d6-ba2a-134f2cf29a82,0.0,0.0
3310d33b-86e5-440b-97ed-83bd41c85703,0.609410285949707,1.5575616359710693
331a3eca-ddc2-45be-a58e-05c226dc2637,0.0,0.0
333c65f6-918f-4298-a6dc-1c25f603e805,0.0,0.0
334f497f-5a41-4fda-b204-0af464bce654,0.0,0.0
335d01f6-f005-4df3-8a2e-f20cb2b06bde,0.0,0.0
335dcaec-c9e0-487e-82e6-be8b4f11873f,0.0,0.0
336a9f98-edff-4d15-842f-777e922c7f53,0.0,0.5377644300460815
3399f11c-af2f-43d2-bce5-c4e7385dfd3f,0.0,0.0
33af50d0-65fb-42c0-ad88-043ecb588cf3,0.0,0.0
33cf9213-2203-47e5-91d4-e46bda14b8b0,0.0,0.0
33d5672c-d690-47ec-a049-a6440cca73be,0.0,0.0
33e2b83e-de34-4642-8a48-8629429ce933,0.0,0.0
341e84cf-e4a4-4f74-8866-fa30df5d9510,0.0,0.0
3428f5be-7fd4-48aa-9aa7-20fab31c93a8,1.714797019958496,3.628617763519287
3435c54c-9baf-4812-b9dc-957f5c3d5d63,0.8664484024047852,1.4128893613815308
34479325-80dc-42cd-89ba-806bfd120d7d,0.0,0.0
34674e8c-4ad9-4d96-aa9b-b9704b949417,0.0,0.0
347f1fc0-2b9f-440f-8bdd-86f1991a0e77,1.5577982664108276,3.286869764328003
34a1652b-0a38-47ae-8bad-23e278f89575,0.0,0.0
34a32201-bae1-479a-900f-42e25bd0b384,0.0,0.0
34b80002-5139-473c-b5f8-6854eddf8816,0.0,0.0
34b83b9f-d7b2-4701-a836-afbc7eb03097,0.0,0.0
34ed0209-2b39-4a1a-a32d-53388820eebb,0.0,0.5188437700271606
350190a8-378f-470c-90ed-1e0814cbfaeb,0.0,0.0
35063d40-af44-474a-b010-4b373e888563,0.0,0.0
3507e241-a5f8-4f16-9d97-09672775e22b,0.553726315498352,1.305446743965149
35113682-964a-4e5f-bb39-119471d122f3,0.0,0.0
35499f84-6a83-4c49-bf47-68f2e8fa9722,0.0,0.0
354fa83d-2d03-423b-93a5-5f5aa3ce4888,0.0,0.0
355dbdf9-d42f-4b8d-9527-c94a5278b523,0.0,0.0
356893a8-a732-4140-9425-7675602ea69c,0.0,0.0
35810915-37aa-426d-85f5-a2f04fd35b87,0.0,0.0
358662c8-cee4-45f0-ae41-3a1b94f5a9c0,0.0,0.0
35b8e7fd-85d1-4eac-904a-5a467365087d,0.0,0.0
35ba6bfa-b27a-4ff1-9042-d02091320742,0.0,0.0
35bcc71d-26f4-46cf-9915-f448bbc5ee24,0.0,0.0
35c675db-a706-4514-a643-2bdb898e28a5,1.1588674783706665,2.2535600662231445
3600e0e3-9caa-48ff-9689-21379052f010,0.0,0.0
3626032b-fa58-4fbc-81bb-fbd222b3587f,0.0,0.0
363a40c9-9943-426a-af77-0ecc2921a5ed,0.0,0.0
3640fb8a-31f2-48a7-a9c3-e5e3eb656451,0.0,0.0
366149a1-fdc4-4b55-b036-8a41265e4e48,0.0,0.0
36c98681-fae6-4ea6-ab59-794143f8d9f3,0.6664660573005676,1.152693748474121
36ca1c7b-4682-4741-9e54-bb4011da60bb,1.4817527532577517,2.934356451034546
36cb681e-d978-4194-88ef-23308dd89aa6,0.0,0.0
36cf2fef-7f68-46c1-a01e-8c6856d9c87e,0.0,0.0
36d4c841-698e-4df2-90f9-5b276263a636,0.0,0.0
371e2dbe-683b-469e-b7ce-348da1a8d18a,0.5730502605438232,0.9602655172348022
37239adc-2a36-48e6-b4ec-3166b1d6e12e,0.0,0.0
3725f5e6-1115-4e96-be9d-de68296a9a57,0.0,0.0
374b273e-bb4f-4866-88ac-d7be31242ab1,0.0,0.0
376458a0-0a2d-48e0-a0b6-a6d190573371,0.0,0.0
376f852e-e3f8-4c0f-b51b-02de691ea698,0.0,0.0
37b8dd83-3bcc-40b1-9306-d29c42ff9101,0.5361359119415283,0.6577600240707397
37e00e1d-9a82-4a08-a67a-46674563c2cd,0.0,0.0
380d8e65-5371-43c4-aa86-2ae5712510a8,0.0,0.0
381d387f-2494-4dd7-8ca9-b4adb8982541,0.0,0.0
3826e481-6f5a-4a17-88f5-4fe1d7ff6849,1.6480717658996582,3.506162166595459
382b2f6e-998e-4f7b-9118-e9c9e157c95b,0.0,0.0
38471e68-add8-412c-bff9-b4cb86383a6c,0.0,0.0
38509d9f-c3d6-43ae-904e-ac34f16801a9,0.0,0.0
387f09fb-ebaa-4fe2-8219-e877c1ac4ea0,0.7693530917167664,1.5610295534133911
389156b1-4873-4c6b-8655-2a665322dd86,0.0,0.0
38d9ad69-51e7-42cb-9222-369797fecfa3,0.0,0.0
38e097b6-bbb3-4451-9aae-c6332902ddfc,0.0,0.0
38fb3767-6300-4cc2-bf9b-587dbf45d27b,0.0,0.0
38fe6c61-1dfd-412e-bc88-4b42f5be84d2,0.0,0.0
39333142-8f42-4fd9-830e-74034c4316e8,0.0,0.0
39498abf-d2dd-4a48-8eed-b2c4399a9bd6,0.0,0.0
3978d3ee-d3fa-4965-87ce-88942e615d96,0.0,0.5802726149559021
398a6fa3-1341-4bff-a5f3-9f1a4c021afd,0.0,0.0
3997ccdc-2312-46e4-b6c6-6778619fa78e,0.0,0.5095564723014832
39fd3094-b510-4997-9b99-a008f219ee00,0.0,0.558246374130249
3a08649f-7a60-438c-8e31-3b1aee5fed87,1.5234370231628418,3.1487948894500732
3a5e4e22-012d-4eb4-8650-7b19999a04dc,0.0,0.0
3a6aa2d1-9f3d-41ce-a5be-aa65e79a068f,0.0,0.0
3a75769b-8ff6-429c-8f9e-c1c4034d2d5d,0.0,0.0
3a7e6c80-2c4b-4162-8c14-3c676c9fe016,0.0,0.0
3a8cdafb-e217-488a-a814-2405282bca4f,0.0,0.0
3ac25388-1276-4c50-bb3d-b8ea647e4a2a,0.0,0.0
3acb9283-4947-45bc-a7aa-2945c14f5fd3,0.0,0.0
3ae1011e-413a-44f8-abba-f660911e7974,0.0,0.0
3ae35261-d339-4391-9e55-166ce28e2824,0.0,0.0
3b087959-5cd7-4266-97f2-a7fe9d8b09ac,0.0,0.0
3b0ba961-07cb-4907-a230-16bedf16025a,0.7806439399719238,1.7906581163406372
3b4cf0d5-bd70-4850-94b6-9b6fd923dc28,0.0,0.5937311053276062
3b6b580a-aa08-4e9a-be27-3cc12dc5fbce,0.0,0.0
3b8d79a7-8c6b-4b5d-b5c4-27609c1bfa21,0.0,0.0
3b9330ec-66bf-4a0a-afbf-a7dc3086faaf,0.0,0.0
3bb281dc-633e-4bd6-ad9f-29337cf1cf75,0.0,0.0
3bb9eeaa-c6b1-437c-9831-f650e0267663,0.0,0.0
3bbae484-93cd-4e95-97eb-f57b8b622c8b,1.1823666095733645,2.4788787364959717
3be4f68f-5751-4f8e-8be0-cbafd27efb44,0.0,0.0
3bf1ada0-7c8f-452e-b910-a478a8b9d4b6,0.0,0.0
3c15f855-34a1-4721-8c51-161f3c146c64,0.0,0.5330382585525513
3c30a50c-2173-4956-b274-6002217a026f,0.5713654160499573,1.1097041368484497
3c32bdf9-201d-43a5-80fd-c6f4323f8fa0,0.0,0.0
3c52947a-acee-4b0d-977c-b64f7539a0df,0.0,0.0
3c57b8cb-569c-43f8-bf80-91b3d1171c1b,0.6702073216438293,1.3623642921447754
3c94114f-f799-4bdb-b52d-295da4aea548,0.0,0.0
3cc6031a-7406-42f1-9012-1983aa5a1903,0.0,0.0
3ce58f54-6124-4a43-a813-ac7b2d67b9a0,0.0,0.0
3cf480c3-36a5-45ce-ba10-9e57c4b4c656,0.0,0.0
3d05f235-40ed-44a1-b573-e717976c3ef7,0.0,0.0
3d156eab-86f2-4222-9179-38a8cf319345,0.0,0.0
3d259177-18e9-4cde-a439-6bdc3a4b8015,0.0,0.0
3d29be52-30c3-4952-8e70-e7a9fd6413c9,0.0,0.0
3d81826a-6230-427a-9f03-dacde6fd3d0f,0.0,0.0
3d85f64a-ddfd-41d7-b784-462e55da9653,0.7755548357963562,1.7122488021850586
3db81f13-2d13-4cea-95c6-7ed11b34e145,0.0,0.0
3e091a59-a0aa-45b2-ade0-65645aebfb4d,0.0,0.0
3e1d24a8-f8c6-4a2c-aa1f-24bfb0bb3efa,1.1974951028823853,2.606113910675049
3e412b84-607a-4470-9740-896ad3043bc0,1.5357871055603027,3.116814136505127
3e44e53a-b8bc-4d3b-ac23-61648791d4ff,0.0,0.0
3e614297-f53d-4ceb-8e11-df2701188ee2,0.0,0.0
3e6785af-30d0-463b-afde-8541626af5dc,0.0,0.5208020806312561
3e8369e1-8bce-4ca5-bb2e-d07a825e371c,1.0388338565826416,2.049438238143921
3e9572ab-21b3-4ed6-b2dc-190f5762c31e,0.0,0.0
3e9c9954-eb46-4329-af49-f7425e703f7d,0.0,0.0
3ec03503-28cd-46e8-a4b6-a7742c783a81,0.0,0.0
3ec3d852-a8a0-4cd8-9540-6f032cd5fde9,0.0,0.0
3ef06ec9-2cef-4edb-b8e3-967f04c74679,0.0,0.0
3f01348f-71f7-4643-a5ae-b29deaaeef36,0.0,0.0
3f1106eb-2d07-4208-a803-b9c01802965c,0.0,0.0
3f21022b-63c3-4262-90fe-dfabcabfaad9,0.5875355005264282,1.4981656074523926
3f55871c-ab86-4fe0-adb2-3b86a38a6c1a,0.0,0.0
3f565fab-a28e-45b5-a72b-e52bbbe98505,0.0,0.0
3f9c3e14-3dfe-4d17-9270-e140093d915c,0.0,0.0
3fb0ce9a-1d03-4528-a807-4e1f141d0698,1.3392448425292969,2.3808658123016357
3fb54090-d0c6-4ace-ba23-91508bfefc69,0.0,0.0
3fd8c59e-6343-4dd7-909b-15dc1a520ff6,0.8222209811210632,1.6737092733383179
3fefb33b-522e-46e6-9598-4bce7663d01a,0.0,0.0
3ff8e8d8-700f-438d-bd0a-012eddf8d6af,0.6597415804862976,0.7066757082939148
4020e9e2-bd64-459f-92e2-65a13bf17fff,0.0,0.0
40547fa3-e7f3-4cbb-81d1-728e7413c61c,0.0,0.0
4060281e-b9f9-4d97-90bf-611744a728db,0.7228614687919617,1.215986967086792
407ceceb-6219-410d-b567-e3c3afeec9ff,0.0,0.0
409d537c-f8d8-4b56-aa23-2d3d4af2f9c6,0.0,0.0
40e9801d-bf7f-4b54-877d-4e93c65fc479,0.0,0.0
40f04e3d-853e-4e32-a5bc-0e872ee90a78,0.0,0.0
41131ce2-d1eb-44d0-b483-f4cec515f894,0.0,0.0
41316106-408e-4f41-b7aa-07fd7bbacfd7,0.0,0.0
413d6e44-8381-4575-8ea1-ef98189ac35a,0.0,0.0
41536c4b-9c3c-4331-b1b5-fe27b372f844,1.338617920875549,2.1399078369140625
41cf7c25-1973-433f-8cc9-75e2729cc86d,0.0,0.0
41db18bc-2f2b-476c-8587-3897085d445c,0.5410779714584351,0.7016724348068237
41db8bfe-59d3-4945-b320-ececd84e9448,0.0,0.5541350245475769
41e9d4b4-ac57-44f4-81c4-e700caa743bc,0.0,0.5369950532913208
421326e8-a2dd-4a99-aeec-7ecffdabba5c,0.0,0.0
422a7cdf-6828-472a-90f4-d139a33c13ab,0.0,0.0
423e2295-40ce-4e3b-80f7-8a2cf94d86f3,0.0,0.5135995149612427
42489004-3b69-439f-93b1-2dfdf609173c,0.0,0.0
424e59dc-8871-4f35-8c11-b89f9f95fc63,0.0,0.0
425f9c11-09d9-427f-913d-9e18f658db9c,0.6575133800506592,1.1511352062225342
426bf88a-e5d8-4d22-aac2-8dfc3c095934,0.5357422828674316,1.2141176462173462
427c023e-15e1-4f7a-8e23-21ccf3bd1096,1.080189228057861,2.1096832752227783
429aeff8-fe42-4907-bb9a-9916fd80c316,1.2921526432037354,2.476184606552124
42c8c429-933c-4208-9986-2ee5ed74c23e,0.0,0.0
42ff3a3b-4db3-4a85-8a40-dcf658a68536,0.0,0.0
43148ac6-4c52-4f21-8531-71cec3aac6fc,0.0,0.0
4324892e-0e05-4dfd-9c44-748bf3ea147b,0.0,0.0
434cfa2c-ddcd-430a-9aa4-ff0748f41192,0.0,0.0
434f33ed-7203-413a-b588-a8060440d55e,0.7833533883094788,1.765764832496643
435a328b-63c0-48c1-8340-1602a74f06b6,0.0,0.0
436587ad-f77d-4d02-b255-18a9e7906fbd,1.1814254522323608,1.8891289234161377
436b57b4-0fe1-468c-b5f2-cdf3a6d8d026,0.0,0.0
4379c32c-ffa4-4cbb-8d96-98a63ff8c252,0.0,0.0
439327c2-ebce-4ee1-9d28-03f2cdf8ff0d,0.9212778210639954,1.611863613128662
4399f3e2-3210-4544-9f68-9d06d25792cb,0.0,0.0
43aabefc-b71c-465e-92e3-865d7c035d67,0.0,0.0
43c4a72a-813f-4838-a1f1-edc50759f72f,1.4934759140014648,3.11948823928833
43d21c19-97eb-4765-9ad3-a243ef664f86,0.0,0.0
44526a5f-b9ef-4002-af72-557027b61374,0.0,0.0
4457ac6d-4596-4c94-9351-c8b4b40334c3,0.0,0.0
446670a8-5802-4313-906a-5f3de51ec70f,0.0,0.0
44727abe-12a1-402d-9dd7-59e6d389cd58,0.0,0.0
44738f65-a747-4d75-a917-bc3401fd7479,1.270420789718628,2.4932234287261963
44768ecf-d6a7-425c-9b15-584dc36f2ef9,0.0,0.0
4494b665-1e88-4886-acf6-0f37d992f7e5,0.7256633639335632,1.271772027015686
44bfdfa4-8595-4bec-904e-443a36557645,0.0,0.0
44cb6798-80ef-4f81-aa94-44005a2f1291,0.0,0.0
44cf5d3a-fe94-453a-9792-77c52b257602,0.0,0.0
44eb0571-d7b9-4f2c-8ccf-5ca34758accf,0.0,0.0
450a88c7-8693-4dad-b6d8-3d86fded84fe,0.0,0.0
451780cf-9515-45e1-8ec3-e2dc162425f8,0.7079401612281799,1.3807984590530396
4519b4ee-b00b-4c6b-ad94-1d709b774d89,1.164063572883606,2.6614816188812256
45338457-d212-475a-8406-3f28b5bbded1,0.0,0.0
4535346e-73a0-4e08-9787-ff562629b455,0.0,0.0
457038b9-8bf9-4de5-83df-2b4d74cb3005,1.3145781755447388,2.8156614303588867
45783e77-6460-4402-8d88-8bdfee15b35a,0.0,0.0
45828f6a-4856-43c7-b6cd-95d69c6c645d,0.5109179615974426,0.6675552725791931
4589a56d-d4a8-49b2-a500-9510b3e76bec,0.5920467376708984,1.0137842893600464
458c165e-6e33-4ee0-b351-ea64fe5b0394,0.0,0.0
45ab8ccb-cd4d-49ee-8978-e41a4359b1fd,0.0,0.0
45cf2152-a417-4926-a05a-0ddb5c6eb892,0.0,0.0
45d375cd-661c-4017-a869-27954ff3616d,0.0,0.0
45da8a7a-a7e5-4687-8d1e-35b51cd6f99d,0.5226263999938965,0.6284729242324829
45ff3a1c-4246-4545-b86c-e836d90be111,0.0,0.0
46105829-20c7-4dd9-b574-61e020b79e2a,0.0,0.0
462ea066-40f2-483c-aaad-6354f5d3fa2c,0.0,0.0
464d8591-294d-4e7d-a3cd-baae732c140f,0.0,0.0
46719534-8c24-48c3-a4cd-5a2aa8a118d0,0.0,0.0
46863b09-e13f-4055-9dde-c047029861ab,0.0,0.0
46a7999d-727d-4e20-984b-dacee8a95d71,0.0,0.0
46b4c85c-e9e3-4e9a-bd92-cb76f3311dbe,0.0,0.0
46bcf829-cbc3-4149-959c-6d93b285e306,0.0,0.0
46d1e2c7-c965-492c-bc75-9458f3f0ae50,0.0,0.0
46d24995-c097-45de-9f63-1cd6d5791047,1.492491602897644,2.7053754329681396
46dca8ae-a46c-4942-aff7-a6ebbe494bc1,0.0,0.0
46de24ed-a346-4070-967c-a730af692df3,1.166514277458191,2.1241438388824463
46ed185d-9064-4aa3-8306-863c3b3041ff,0.0,0.0
471db6e9-46a6-4335-867d-de98647f22b2,0.0,0.5927608609199524
472139fb-e346-4878-a0b2-eae8c9e90460,0.7341782450675964,1.4262140989303589
472952c9-8a20-45ac-baab-9b75fc7b2210,0.8066102862358093,1.396191120147705
47506490-c5e3-45e6-8565-d36095fe3507,0.0,0.0
47566c5c-d07e-4e0a-a85f-86cae69105d1,0.0,0.0
476f82a0-c4cb-4eb4-97a8-86623f390b9c,0.0,0.0
4786c2ae-f92d-471d-9d10-9600177dbcb9,0.0,0.0
479c44af-5b38-4bed-be51-6e889a378a46,0.5276374816894531,1.0437272787094116
479c6642-e802-455a-9b40-eb84ba696561,0.0,0.0
47a996b8-d573-4132-9bd8-dd54dffed62b,0.0,0.5320276618003845
47c5f8c8-3f55-40f7-8bf4-770c07a9cf46,1.0060993432998655,2.188260555267334
48097b69-292e-4354-850d-8dcf55765bed,0.6152006387710571,1.5635168552398682
4812f93c-2958-4a56-a362-5aa25da81290,0.0,0.0
489fc41b-8233-4fc2-b38b-b8a26b9dcb28,1.3608523607254028,2.8169233798980713
48b373bc-d267-49f1-a547-5180d4e3868c,0.0,0.0
48d55f4a-0ad1-43ac-a9ea-f7642c50a9fd,0.0,0.0
48ee30e2-cfda-42f4-b800-d57a7844c762,0.0,0.0
48f50f06-e8a7-47a4-8601-5163235b9259,0.0,0.0
491cc066-1080-4633-b45b-b8ad16cc7df0,0.0,0.0
492bf9be-302c-4b45-ae16-a47e25ae60ee,0.532863199710846,0.6356246471405029
493578df-8bbb-46ce-9282-6bb5dbe1ed35,0.0,0.0
4938cb2e-789c-454a-91a2-6a31df742933,0.0,0.0
49616d24-3bad-4e90-87ea-2e7991550386,0.0,0.0
496abc25-50d8-43df-911f-c5040c1a5e95,0.0,0.0
4972609f-3302-40f6-924f-8c4272117b56,1.5960572957992554,3.118595600128174
49ac9ff8-044f-4c8e-9571-b702c8708735,0.7304559350013733,1.4560405015945435
49c6e7da-ebf1-44bb-8b11-d61845afacd6,0.7195720076560974,1.4772886037826538
49c77c3e-2dec-40ba-9230-bab5ab71c7ed,0.0,0.0
49cd3e5a-6d18-4b74-9ab8-f18044e944da,0.0,0.0
49cd92ba-60c8-40cc-ba1c-f100f4a21b6c,0.0,0.519852340221405
49de2916-3026-4a5d-884c-371658bf48b5,0.0,0.0
4a19a539-2527-47ac-9499-3ea87f6b43f7,0.0,0.0
4a3bed82-2916-4927-97ae-6406473803a7,0.0,0.0
4a57c0a4-a8a3-4f6e-bdef-68142255fba1,0.6579325795173645,0.8064452409744263
4a6dd716-158a-4b48-89ad-dc9fadf1aa42,0.7459685802459717,1.5128268003463745
4a74c427-effd-48ac-bbea-f49629821daf,0.0,0.0
4a7e0fbd-2974-42c2-ad05-03ee4ea6e487,1.7633556127548218,3.4887924194335938
4a7ed3c0-abe0-4b2a-b094-d99f842e9f97,0.0,0.0
4a82d6f1-b01d-4e55-8dc6-1ab3a1bccfae,1.0400410890579224,1.9563390016555786
4a9783a3-47a2-4681-a223-55bdc6c7e245,0.0,0.0
4ab2af5b-66db-4d36-8fcd-72526c140c9a,0.0,0.0
4acd7791-d7fa-4471-a8d5-49e3c01b27ef,0.0,0.0
4ad5565c-81e7-4250-b628-6a3828535715,0.0,0.0
4aea3e75-bbc9-454d-8a98-bd66af5cce7e,0.0,0.0
4b267d47-a7de-4fee-8a41-5a98e7262924,1.306364893913269,2.9078989028930664
4b272001-5a78-4eb6-8e50-06292b17430b,1.1326055526733398,2.1837236881256104
4b2eb466-b05a-4986-8dd9-c832ffa188f2,1.2198243141174316,2.4412589073181152
4b6b3d8f-0433-445e-9d05-c20cba4c9ef2,0.0,0.0
4b988562-293c-4470-939c-fca32ab7d46b,1.274850368499756,2.4989190101623535
4bb8fe22-653c-4611-a3d8-de5b2c62d13d,0.5497120022773743,0.6765750050544739
4bc345b4-3dc7-4cdb-a793-4242f0ac159d,0.947682797908783,1.5698426961898804
4bcdbad9-3128-4246-9982-8ae228097c92,0.0,0.0
4c1bee91-6921-4a90-abaa-0cfcd195207d,0.0,0.0
4c38f6d2-d157-43ab-9936-0b3841b65aad,0.0,0.0
4c3968c5-ac96-45d3-b112-fd3113d8e245,0.0,0.0
4c479d9e-e89d-4f78-b239-8881595c0dfd,0.0,0.0
4c5dbd2a-8771-409f-8729-d9a6e625f5e3,0.9797716736793518,1.9396793842315674
4c6c9421-fc8a-4547-88fb-a62f459c312f,0.5878865718841553,1.1152948141098022
4c912c82-34e2-4e31-aaa5-f70b074417d9,0.0,0.0
4ca30423-fe1b-4019-bf7f-7528bcdedc01,0.5300937294960022,0.602171778678894
4cbb7048-b73f-4491-93af-d442f157edac,0.0,0.5364829301834106
4cca445f-eb16-4399-bf94-556a9366cb59,1.4934924840927124,2.9732770919799805
4cdb2d37-37c5-42d3-af22-10a2fb01bedd,0.0,0.0
4cf20f9c-e08d-461a-b5ee-38a62e05a383,0.0,0.0
4cff8e64-0e1d-4904-a117-632ba663a6ef,0.0,0.0
4d16837a-57fb-4dd8-a811-a7e32a39219e,1.185606598854065,2.4014978408813477
4d199f9b-59db-4c72-8038-875bfc2ce9fe,0.0,0.0
4d211ba1-e0bd-4285-acc3-0588998c2730,1.1014289855957031,2.4641685485839844
4d3e1ea4-de7f-4a76-ab5c-3a8638941242,0.5463451147079468,0.6808304786682129
4d45d203-67e5-4e41-bbbb-97c3518d3899,1.2679487466812134,2.396953582763672
4d4dace7-f423-40f4-8982-a393e50c31de,0.9197314977645874,1.8854598999023438
4d6c7e94-de15-495f-9e72-7103952be83e,0.0,0.0
4d7c7e7a-be9f-4f21-ac2b-e1e7155be8a6,0.0,0.0
4d911d95-6083-4de8-af8e-60d3d9f1c752,0.0,0.0
4d956429-b693-4471-900b-053fd6ea5ab1,0.5821732878684998,0.7200656533241272
4dbe09e7-82c2-420a-9064-0b52d2d066dd,0.7738812565803528,1.5656887292861938
4dc6a751-2924-45fe-b3c6-0fb0bfddad60,0.0,0.0
4df1ae4c-decd-4c9f-97f5-0f823bcbdc34,0.0,0.0
4df79e56-35f1-4636-bda1-f01913fd31e3,0.0,0.0
4e1a1cfc-e65d-4786-8709-5bded09abfd6,1.1103752851486206,2.261390447616577
4e211bd0-c2f5-4b94-a2cc-48352f1eb55c,0.0,0.6211373805999756
4e272ec6-820d-4ada-8bd1-63ca5199caa6,0.0,0.0
4e389906-5cb6-4b58-a7cb-e7ab8bfdeda1,0.0,0.0
4e422b60-1676-433c-94e2-3bcaf4d776fc,0.0,0.0
4e4d7a57-2020-4794-9419-bd8d8f08c3a6,0.0,0.5539643168449402
4e5d9c36-0e8e-42f4-a94e-4ee215521d46,0.9642482399940492,2.0555458068847656
4e641a62-1cb1-4a83-8b4a-ac2cc4b18a7a,0.5097399950027466,0.6222336888313293
4e74f751-78f4-4f32-8829-3d7e83cd70a4,1.475294589996338,2.4323456287384033
4e88d3be-b5b1-4aa0-a21c-349e2d8f494a,0.0,0.0
4e8d7fcc-dc8a-4e1f-8f9f-392eb80c1395,0.0,0.0
4ead646e-4883-4006-a92c-69ff48aa8c9e,0.0,0.0
4ec73793-63c8-4787-8220-552a13396525,0.7661175727844238,1.4965286254882812
4edd1267-7271-4c69-88c4-830c137dc9ac,0.0,0.0
4ee3f6b0-3c56-4d4e-8b58-c3a283c75c4c,0.0,0.0
4ef46fe1-9649-4056-a5e5-def0f5e56183,0.0,0.0
4f157f1b-eaf5-4fb6-b78e-7144653e1bed,0.0,0.0
4f1ce1eb-9ff1-4ccb-bebe-a89a8a213976,0.0,0.0
4f3ac755-9cfd-4d54-b1bb-3404c92b016d,0.0,0.0
4f518c20-9b23-4d84-92b0-be15e286dcba,1.589566349983215,3.044534683227539
4f58f34b-8af2-4f1d-b6c8-2f3a3730c9f9,0.6241438388824463,1.5067802667617798
4f8b2a2f-bfad-4f96-93ca-36f81fd375fd,0.0,0.0
4f911515-24ea-4365-916b-17a6245c6190,0.0,0.0
4faec1b8-fe00-46a8-920e-86774fb38f10,0.0,0.0
4fbc02a7-b1f9-4de6-a737-89780f55ab05,1.8816461563110352,3.8329548835754395
4fc9b4ed-2fc4-4c89-944b-ba084b1e72cb,0.0,0.0
4fe3d1e6-642d-4496-b0af-58728ceb9b90,0.0,0.0
503f86d6-8e7e-4d43-be29-edb8679c79f1,0.0,0.0
505dbe5f-11f3-4ecd-b9a4-ed48b028736f,0.9529077410697936,1.8076603412628174
50629fc0-6a82-4189-b763-7b02c55744d2,1.289500117301941,2.3791306018829346
506587d1-b99d-4929-a9d7-7e2a98ca47ae,0.0,0.5438944697380066
5069123a-6b98-413f-951a-b6fdd8b4a11a,0.6906424164772034,0.8562577366828918
507de7a3-9324-4ff3-9255-b2b5b2d17b9a,0.8440485596656799,1.8809702396392822
509ba693-fdac-4d3c-8c0b-33bba7cda69e,0.6426498889923096,1.4530470371246338
50abb3eb-a81e-4aa6-b935-a48045526d8d,0.8124622702598572,1.6436936855316162
50cd54f1-4a70-4945-ab8d-f501662e24fd,0.5297708511352539,0.6566075086593628
50e5ed04-7dae-4548-aa58-28a47f494fe5,0.0,0.0
50ea7e3d-7053-4e19-9d38-a07601736818,0.0,0.0
512bc507-a272-482b-bb45-ce8eba907e6a,1.729225993156433,3.6557111740112305
513269fc-74ba-4247-8a3d-dff43babe5d6,0.9961523413658142,2.1649177074432373
5135d6f9-9e88-4a66-8e9a-c50268c87708,0.0,0.0
514d9b7b-dc4b-40f1-8b12-4089726ae3d1,1.0414031744003296,1.6826863288879395
51744641-d091-4cc8-8092-e1fdc868bffb,0.0,0.0
5194ef71-90de-4c8b-a1ec-ab50684c1a46,0.0,0.0
51b8f706-747b-4f82-ab7f-d55e41d0951d,0.0,0.0
51d0a564-11d6-4fad-8a07-c3dfc185f02a,0.8987104296684265,1.4697116613388062
51e3a775-1a1d-4bce-82fe-02a6a4c39cf3,0.0,0.5756610631942749
51ebe834-adf4-474e-871e-28ebca2bd0cc,0.0,0.0
5205335c-7abe-44e1-89a0-b11fc749b6a1,0.0,0.0
520ccd39-7678-464c-87cd-c979d21b6261,0.0,0.0
520dc5a1-46d9-4ba0-8ed8-b34adb464043,0.9244305491447448,2.0763540267944336
522bd70a-2afe-4a1c-8448-a87b0f127743,1.399147868156433,3.070152521133423
5234b9e9-5743-42cb-b862-08c1e303cd92,0.0,0.0
523f41ed-8d1b-4176-a9f8-5a08e8db2b3c,0.0,0.0
525ab7fe-bd2b-47fd-b848-5955e4178f30,0.0,0.0
52c3a562-60af-487d-84d9-fd4daee29224,0.0,0.0
52ef0812-273c-49cd-99e6-507e872483f3,1.0805697441101074,2.17059588432312
52ff2df3-d4bc-4c4b-9924-0042d3a5c7be,0.0,0.0
53232456-db2e-42b5-bf41-75c5e2cb7a86,0.0,0.0
53283337-c0eb-47e8-b187-78a57d4bcc24,0.0,0.0
5328bb74-a989-47f0-9ac2-b34463638108,0.0,0.0
5340145c-54d3-4f51-a0e3-f1758af143cd,0.0,0.0
53659911-1f93-4fb1-9c39-77e5ab8954d8,0.0,0.5262373685836792
538e3c18-ca87-4f56-ac06-ca9549834560,0.0,0.0
53a49fb9-75cc-4005-9497-187434ca379f,0.5323855876922607,0.6530627012252808
53bb4fd1-ea9e-4c01-b132-19df27cb91d9,0.0,0.0
53d89680-b908-428e-965b-882d881e058a,1.029891848564148,2.0318686962127686
53e55a2a-2ad7-4384-9556-2f137a5493a6,0.0,0.0
53e6a1cd-19b6-4fb9-a33b-42b18eca9452,0.0,0.0
53f867d7-cbc7-4b94-9005-68dc5edeb01c,0.0,0.0
545ebab3-1b68-4a68-b899-ee0a6ffe410d,0.9484922885894777,2.3168344497680664
5499ae16-c34e-4093-a6af-1516ff2f2224,0.0,0.0
54c3bfec-66cc-49d6-b392-95b96e9e104b,0.5274680256843567,1.1082552671432495
54e566d9-f69b-428e-9611-6811f4c32f97,0.0,0.0
550e388f-e2ed-4e4c-a04b-61e3867793d0,0.0,0.0
552044b5-fc0f-4cd1-866a-9c3ac6685a7d,1.1032218933105469,1.743111491203308
552dc189-e3cc-46c4-b5c7-b9af6c0396d6,0.0,0.0
5560c775-587a-4699-b0c2-77b8da29e57b,0.7216161489486694,1.1806856393814087
556ad083-f9f8-4824-829e-a343b825dc02,0.0,0.0
55754ab4-fc8a-4f02-9379-25dc89df2491,0.0,0.0
558256fd-d643-419d-93bf-103413077059,0.0,0.0
558bff44-4270-41be-a95d-17c746d13e83,0.0,0.0
5590b29d-5528-4037-9145-afe4cb9da7e8,0.0,0.0
55926b11-cab1-48cc-a57a-4a2fee5c0384,0.0,0.0
55b49f11-659c-42ec-bfbf-a8760344a90d,0.0,0.0
55b4b48a-441c-4075-b78e-97907bb14024,0.0,0.5519623160362244
55d5d20d-6397-48e3-a616-e9401ed24fa0,0.0,0.0
55d6845a-f790-4865-ad0b-77e16be4ba18,0.0,0.560120701789856
55fb86f1-fae0-4e91-98df-2ab3ccd3798b,0.0,0.0
55fcc8cd-e71e-44f9-9825-8b9dfae30321,0.0,0.0
5604587b-74c2-4b9a-a4cf-7292ca0bf03c,0.0,0.0
5629a6cf-6560-413a-ba7e-0918d38434c2,0.0,0.0
563a1514-1b30-4c5c-8e2a-7cc9d0c520cb,1.601030707359314,3.4235620498657227
564424f8-3651-4ff5-8650-cb3eed2fe825,0.0,0.0
56533d1a-1adc-4823-bdc8-901eba45f718,0.0,0.0
565e2e75-c32b-40a9-8f6f-5a53c0bda98a,0.0,0.5351154804229736
565e7632-303b-4704-88b2-b46352334bcd,0.9138012528419496,1.661034107208252
566f8c0f-5166-4367-8428-0fac1790761f,1.065135478973389,1.744584321975708
56723378-8569-4799-8fdc-8ade3ce46ece,1.3449214696884155,2.718202590942383
56aa0e11-5fee-4990-b2a6-e1c88e7f1042,0.0,0.0
56b85d7f-89ae-4b35-8e08-d9415af895b5,0.0,0.0
56d9c241-3045-4410-91db-89b494c30bef,0.0,0.0
56e3faa6-2c2f-4f5a-92dc-cda636a114b1,0.0,0.0
56f77246-8ac0-4b4a-b2b6-3d930b9b87c1,0.0,0.0
5703f901-b261-4d05-a4f5-49ec5b9e6b81,0.664580762386322,1.2041794061660767
573daced-2113-4acf-96de-f4719ff39142,0.0,0.0
574b829e-8142-4e59-8392-5be9cf9e5ec1,0.0,0.0
57696270-d907-41fa-9a1a-9c5bf13d26e9,0.0,0.0
576d7a68-a5f2-4841-aaa8-7c4c9f337570,0.0,0.0
57838642-8682-41fc-9d83-54779f9cafe3,0.0,0.5234419107437134
57a781eb-e235-4fbe-ad8a-ee2129f09166,0.0,0.0
57ac960c-463d-4fa4-91bf-dc410ff2ac41,0.0,0.0
57b04c8d-ecfe-46c3-bc66-4820e86e97d2,0.0,0.0
57be9467-2e3f-4e8f-a32e-5b6e35c6746e,0.0,0.0
57c91d21-8e86-45ab-9a8d-747ec862c8e7,0.0,0.0
57e856fd-278d-436d-baf0-fc7a889cc717,0.7751011848449707,1.6759400367736816
5801dd5e-5854-43fe-820e-69684c93b4c4,0.5252552628517151,0.0
581f38e3-c16c-414a-875a-fbce76e2dad7,0.0,0.0
5824f28b-3791-4180-b705-ab05fedbc012,0.0,0.0
582bc380-0d6a-4576-97e1-50f490dd72c9,0.0,0.0
58697522-6947-4007-901f-f8da455ac9f9,1.6142593622207642,2.7845962047576904
5878078a-02ad-4d62-b812-243bce762c4d,0.0,0.0
58b949f2-9b22-4ce6-a88b-f8b5637eea5f,0.0,0.0
58cd6b5a-134f-4e41-9ecc-52c7c68c09fd,1.5113611221313477,3.0801100730895996
58cfab1c-e007-484c-ba58-af207aba6a3b,0.0,0.0
58ec3913-63d5-4cfa-a4a7-46bb299b73ac,0.0,0.0
58ef8dba-5481-4704-9c19-3f33d903d2d3,0.0,0.0
5900f1be-dede-4b21-817e-37bfa6460ef4,0.0,0.0
592e152c-55fb-4c51-ba23-ae5da7a0e569,0.0,0.0
593c3831-70de-43c2-86aa-1e43298b216e,0.0,0.0
593d5563-35c3-462a-80e8-ea421fad1192,0.0,0.0
595273b4-e408-40db-a1f7-243403d2ef36,0.0,0.0
5956cd09-83b4-44df-b825-4fca75db5fde,1.4619407653808594,3.029139757156372
5968b771-13f8-49cf-a8a0-94e163a60c46,0.5039507746696472,0.5721008777618408
597a1fb8-8cfb-450e-b00a-513e248aa21e,0.0,0.0
5994f06f-0dfa-499c-a7e4-807380ee712d,0.0,0.0
5997015a-c085-465d-87dc-ea12bc4435eb,0.0,0.0
59a8ad92-f665-4924-8d77-e25bb3ca3e1c,0.0,0.0
59c03e2e-77ab-48ad-8ecd-7b3cb46d663b,1.3389846086502075,2.6491830348968506
59ee2b10-2391-4ca6-871e-f57da0b04d01,0.7889682054519653,1.628597617149353
59f5bac5-da69-4236-ada6-8463974a6858,1.366129994392395,2.1908793449401855
59f9d428-76a2-4577-b719-b09ce041821d,0.0,0.0
59fc3f08-9f8f-43ce-a55b-72d04bdb4200,1.2574292421340942,2.6136558055877686
59fe71b6-b8e6-4c69-a43d-be5e6dab7c69,0.0,0.0
5a02111f-dcf0-4adb-880a-34d1988cc2de,0.0,0.0
5a1597cf-bef6-48dc-b44c-ae7e3b1e1185,0.0,0.0
5a295552-fb32-402d-89b3-d4296e6e4ac8,0.0,0.0
5a3107c4-37c5-4430-ab94-260fc2769686,0.0,0.0
5a3e035c-4065-43c0-858a-2741ea61aeab,0.5377776026725769,0.9782944321632385
5a420786-29b9-4ed3-b408-c1a9abadbbd1,0.0,0.0
5a42bafe-4574-49cb-8f85-b819e65c81cf,0.0,0.0
5a48a613-8e4d-40d3-bee1-a2102319d290,0.0,0.0
5a4e51ef-4c72-4054-98e3-1822770cf518,0.0,0.0
5a92fc0c-96f4-47dc-bdaf-ce93fd88dc14,0.0,0.0
5adab8e0-435a-449b-aac1-9bd67e1bf106,0.0,0.0
5af4b4e4-685d-4c5a-adf4-15a4795905d0,0.0,0.0
5afbbd2d-9cd8-416a-a11b-6ee33af7d6a6,1.505836009979248,3.0697648525238037
5afd6be1-53c8-4de4-a774-7a10ef1afe9b,0.0,0.0
5b050227-566c-415f-8d3a-aad01f606f42,0.0,0.0
5b06c3e8-1103-4f3d-b070-34b38ec7b150,0.0,0.0
5b0e8b96-a33b-4b95-8fdb-b05a19dd2a66,0.5995931625366211,1.5101238489151
5b17b71f-5bad-41fe-af2a-d2c3d3d5755b,0.0,0.0
5b1bcd7b-5d54-4546-9427-108c25239e98,0.0,0.0
5b221b48-32d7-471e-b010-6f22db0b1f12,0.0,0.0
5b2fe125-2c46-41aa-85e5-c8054e225bd8,0.0,0.0
5b3deb13-345f-4121-8d2f-c35d7c2e42c3,0.0,0.0
5b4c48bc-2e8f-41d6-a83d-201fd9c1b062,0.58794766664505,0.99099200963974
5b64dfda-ac1b-4c93-921d-643582e530d6,0.9670758247375488,1.7163138389587402
5b71f1cf-84e9-4eaf-9926-d3a3967ccaa2,0.0,0.0
5b95abee-adeb-4057-89d5-7a7dc23609bc,0.9943848252296448,2.4229230880737305
5b96b8b0-14ef-4b8c-b5ac-f82399946145,0.0,0.0
5ba88645-06b3-4151-85f8-8e277b467674,0.0,0.0
5bcda2d0-817f-44ae-b36e-809f4e01eff5,0.0,0.0
5c991250-45f0-4934-87ca-058c2f9302a2,0.0,0.0
5ce1013e-8e9b-480f-bed2-26e1fc95104a,0.0,0.0
5d0c581d-2c6a-4a1f-bfd8-19a79e68a5ee,0.0,0.0
5d1c2e82-a128-4ba0-88b8-7a56e490490a,0.0,0.0
5d230f9a-a35b-4581-85c8-dea191a54de9,0.0,0.0
5d464450-e3e2-4d3f-bfb9-fbb119a8827b,0.0,0.0
5d7bbed1-d2ec-41cf-b53f-74f32d81f3e7,0.0,0.5043849945068359
5d9ca55a-a0cb-4d1d-9bc4-2daa326e18bf,0.0,0.0
5d9d01aa-dcde-47e4-afca-2a3401d443b4,0.0,0.0
5dcdabcc-51b0-4590-a9b7-1c8d305aa6b2,0.0,0.0
5dd2d7d2-68bf-4874-ab19-ac21ee6427c9,0.0,0.0
5decb30e-5eeb-4b49-8724-0561d75a8e69,0.5951623916625977,1.0611257553100586
5deee465-9183-4f9f-abfd-bf9ed1680506,1.58118999004364,3.333094835281372
5df1fb4f-95c1-487b-8fa6-7a672eb97144,0.0,0.0
5e12eda4-5abf-4ad5-86e5-f29708f0d2f0,0.0,0.0
5e18c71a-95db-4f74-990a-24ee8dd644b7,0.0,0.0
5e1e2362-109c-4054-a1a9-4dacf2385e2e,0.0,0.0
5e3db69d-cbe3-488b-8f4a-338ae78ed7ed,0.0,0.0
5e655dc2-687f-41a2-96d9-36f1c7adf242,0.0,0.0
5e892892-7b86-4837-9f96-b9c80f956d07,1.6111655235290527,3.246832847595215
5e894b42-0f90-4bce-bc38-2d2db891087b,0.0,0.0
5ea3b310-f60f-437d-88ac-f01a986b4403,1.2267612218856812,2.5980710983276367
5eba03c8-1c31-4938-befc-72a7aa412796,0.0,0.0
5ec86728-f2dc-46c4-afd2-be944c9e4250,1.591651439666748,3.1870205402374268
5ed37147-8fcf-4c85-9805-b07523fdd6be,1.4518760442733765,2.432863473892212
5edfa65a-da8f-420a-9835-08549b757d36,0.9112194776535034,1.9631518125534058
5eeafa28-9e44-4ca3-adba-461f2c1c559b,0.5336260795593262,1.037306785583496
5eee925c-d831-4a58-92cd-015333cffa8f,0.0,0.0
5f0a59b0-3a0c-43d8-b1f1-a8c62dae4673,0.0,0.0
5f18668e-0990-45a0-910b-0fea04658e51,0.0,0.0
5f393733-7470-4abf-ab1d-276be16c48fe,0.0,0.0
5f53d6d0-9aed-4036-93fd-c7044efed076,0.0,0.0
5f6b3b3e-9e5b-4eb8-8f14-cf5d762c0a28,1.4910820722579956,2.4460742473602295
5f6bb5cb-fd3e-42a3-b64e-b7025b8a531a,0.0,0.0
5f72bd29-47a1-470a-9cb2-3a3ecbb503bb,0.0,0.0
5fa09a8a-a196-4dfa-a8b3-a10c2c654475,1.3424670696258545,2.720885992050171
5fb663c8-2ae0-4fad-9a08-e1409132ff53,0.0,0.0
5fcc5cd4-b6b0-443e-b6d4-1b5b1115737a,0.0,0.0
5fdebe4c-a70e-4472-87c2-1408631f5137,1.3601832389831543,2.764840841293335
5fe393e4-233a-485f-9249-9e6d9b43cf31,0.0,0.0
5fe629c6-abd7-4e10-b92a-c4f96a6d3b3e,1.7299386262893677,3.4964826107025146
5ff5afce-cc7d-4f75-b692-d283caeefab6,0.0,0.0
603cd3e5-8085-4afd-ba06-3d67eff07d34,1.3723220825195312,2.793053150177002
6073e036-aa4f-4f8b-af0b-d1088c34d3c1,0.0,0.0
60782052-b595-42bf-a404-bb1c7be12f4a,0.0,0.0
607ed829-dc56-4451-8a06-293352d20548,0.768431544303894,1.579403281211853
608231d3-72d6-4ede-982d-ff70b2d7f74b,0.0,0.0
609c8971-89f8-4a0a-91e2-407f37e066b0,0.0,0.0
609fa3e2-a0f2-4ab3-b477-01f2618119be,0.0,0.0
60a6831f-f3ae-4afd-945a-73a8012ed18a,0.0,0.0
60a735c9-5cb7-43a5-a5f4-3a135de93e79,0.0,0.0
60c2457b-71de-4a50-898c-d12b084ea8ae,0.0,0.0
60edd4f5-f2c5-4090-867a-4e79b100affa,0.0,0.0
60fb099f-a50d-4794-8df6-4dcd0990e7d8,0.0,0.0
6116c0c1-2410-4327-953f-e9ae540e9a8a,0.0,0.0
6129204d-76f5-492f-9aab-86a9e0a3eb3e,0.0,0.0
61357d1a-1d2e-448e-a06a-e0040d489a5f,0.9886361360549928,2.179741144180298
614ad855-310d-481b-b485-0894df4eeb78,0.0,0.0
6153cbd7-1b61-46de-9a4e-65b3d8b882a3,0.0,0.5594473481178284
615a5a9c-5036-4ced-8275-0fb18bc4910c,0.0,0.0
61670b19-bcc5-4706-9698-5bd87b9659a1,0.0,0.0
616af800-d72d-4bf3-bd3e-d4be24ad5e19,0.5394086837768555,0.7532568573951721
616b948e-6dbc-4b9f-bb27-00c7a260d7b2,0.0,0.0
619a8d94-409a-4946-b1bd-49668ced5d36,0.0,0.0
61ade088-a090-484e-97db-df5cbc579109,0.0,0.0
61df4d89-c5ab-4b6c-a364-0bbf9b4e1ddb,0.0,0.5115490555763245
62150a57-d500-452d-b3f7-fa127790ffa3,1.490450382232666,2.948230028152466
621bc1b9-08df-406a-949a-4d6a5540c687,0.5354788303375244,0.6317469477653503
624f854a-c0fc-4986-8bf0-62d5538dafde,1.3170993328094482,2.6704981327056885
6254d208-6d9b-4c59-badd-8469908febd9,0.0,0.0
6263da5c-6834-440f-b341-7b5334391187,0.5156430602073669,1.4304277896881104
626d28ba-b16e-4d2a-9655-dfe92f2145a3,0.6343553066253662,1.2192572355270386
6276df13-2fc8-4c4c-bfc5-713ab2fe9e73,0.0,0.0
62a53b11-5a8e-4147-8623-22228d4dc1fc,0.0,0.0
62b65612-bf0b-4110-904d-fafaf684e484,0.0,0.0
62c7db87-bf1c-4469-ae64-d8460240fcda,1.431100606918335,2.652992010116577
62e230e7-9472-41b7-9718-8d32b75992cf,0.0,0.0
62f611ac-2ce3-42ad-849c-00e79b3ba5ff,0.0,0.0
63008840-d8cc-4151-a880-9b02533b4437,0.7169888019561768,1.4655264616012573
6310bcfa-ee87-42c9-9c8f-86f0835320c6,0.0,0.0
631eaefd-7298-426d-a175-6293f849018f,0.0,0.0
6334a358-dcb9-4415-b935-e69356ad3acf,0.0,0.0
635062bd-9e01-4fc5-8dd4-e5b88ba9878e,1.0210531949996948,1.7957870960235596
6374b677-133d-464b-aca4-e35882ac240b,0.0,0.5132725834846497
63775a31-636c-4937-b7e3-5525cc88f887,0.0,0.0
6399ae67-1a38-45f1-adea-5e51c8135cc3,0.0,0.0
63e67966-3fe0-42c8-9d07-95de50902952,0.8045087456703186,1.6546107530593872
63fff7c3-fd43-4493-8f17-84fb37ba7279,0.0,0.0
64221601-3cb4-4bf0-ad71-7d48b6ad68c3,0.0,0.0
64255f1e-8c82-4012-ae1e-09338f0d7225,0.0,0.0
64353948-22e3-4631-8f06-8699db799201,0.0,0.0
6467c1f5-3fda-488a-9645-66152d6c0305,0.0,0.0
6493d621-28ef-453c-8a25-405ae863cc62,0.9559366106987,1.9012056589126587
64faa9a1-a472-49a8-9800-2c61b4a03fb5,0.0,0.0
65242577-b07f-476c-8a4e-cec4ea9b88c2,0.0,0.0
652a89b6-746e-4e80-a479-611f5d3e0f8c,0.6153550744056702,1.2154886722564697
6534e6b8-a978-41c0-ae1f-0405912749b0,0.9794615507125854,2.2786033153533936
653daf58-6420-4372-820b-5a4a119a723e,1.1371691226959229,1.8007131814956665
65479eb5-065e-4739-8a62-7a239740bfed,0.0,0.0
654c8645-4ab3-472a-b8d5-5ce465207590,1.7883059978485107,3.787076234817505
65566783-95e6-4947-8b97-c1e88e20c139,0.0,0.0
659af32f-ddaa-4db1-b9c2-146cd9e29f43,0.0,0.0
65ad66b7-f417-4c59-96fa-11e504566735,0.0,0.0
65bf0782-017b-42fd-a5d3-ef90b16c2182,0.998210310935974,1.9916242361068726
65bfbe74-461f-45d1-bcae-ffd4d1c8a044,0.0,0.0
65d1aa3b-2ba0-4d8b-aaab-034e63fcb2a6,0.7589983940124512,1.2288126945495605
65d202ba-f044-4849-b066-d25406a309b0,0.0,0.0
65f1d71a-a731-44f0-ad89-753eacf187e3,1.4126967191696167,2.5412139892578125
66063d65-624a-4eae-9853-a481fc09a533,1.064022660255432,1.9622279405593872
6613c749-982d-4f52-adb3-d5ed68afd356,0.5380987524986267,1.140700340270996
66182a7d-8940-484c-b52b-4942c72c053b,1.106183648109436,1.7795709371566772
6645c470-b4b7-41bf-9908-467167d00e13,1.43315589427948,2.890578508377075
6651822c-00dd-45e3-99b3-c2c15e54da09,0.5171433091163635,1.3187841176986694
66557c2d-3ed0-48a3-87c6-1ce431d34fba,0.0,0.0
666584b9-653e-4160-b009-efa3a22a7c9d,1.0868092775344849,2.1030166149139404
6675f673-9459-40c5-868c-3c750cbea840,0.7654681205749512,1.5701266527175903
6699713d-c995-40f9-a8f0-9eeb50e32fad,0.0,0.0
66bab4d9-72cd-4164-9051-c4a3ef0767a7,0.0,0.0
66d232eb-68c6-4754-9b38-58adbb5123d8,0.5580804944038391,0.9553365707397461
66d78dcf-3082-41f6-909b-d68c36ea779f,0.0,0.0
66f34a96-5190-4474-b5bc-1be3353ba659,0.0,0.0
66fb745e-523e-4db5-9761-51a0dd8c21d5,0.0,0.0
671cfff0-5a57-491e-9b9e-b01c311c2a93,1.6010699272155762,3.325580596923828
67356a0f-9057-4e48-8ccb-efb1831f3b93,0.0,0.5527920722961426
673862de-8b81-4519-a70a-18009299f6b8,0.0,0.0
673c15c5-120f-4a6f-adab-4b2fe3fafb21,0.0,0.0
674b86c9-cbef-4b4f-ade7-daf2b5ad540c,0.0,0.0
677e579a-7387-4389-a749-3171d2060944,0.0,0.0
67a65fde-9184-41c5-ba11-70751217307c,0.0,0.0
67abd986-5bc2-45ed-b274-9e09a5984d61,0.0,0.0
67bf311e-a2d7-4f1f-8e21-a072db333a44,0.0,0.0
67e35ab5-73d0-4a5e-8fc5-3ad26d0c6c08,0.0,0.0
67f1a947-2b72-4911-ab6e-18ddf951cd69,1.024584412574768,1.8742117881774902
67f359fa-650f-4d83-8192-0fa24ddc2ed7,0.0,0.0
6807cdc1-78dd-493a-beac-d7feb7b6cfc1,0.0,0.0
6835dbbd-cd7b-4163-b2c3-d6fddc8cc1a4,0.0,0.0
6844c229-9ca1-429c-a5f8-fa0d63edac7e,0.0,0.0
684d4935-3550-46ee-889f-ba2c17b604c1,0.0,0.0
686df1f4-f2b6-4370-bda5-776f50cb2b89,0.0,0.0
686ed332-9ad8-4f87-86d0-235674f155f7,0.0,0.0
687e7f4b-34fd-4021-b84c-33564004835a,1.1281285285949707,2.4439964294433594
688cac67-81b9-4049-adfb-95502820f957,0.0,0.0
68910c4b-cd6b-4781-9650-e0490b490dc7,0.0,0.0
68a57e8a-67cb-4236-ad34-49cb7fc4c036,0.0,0.0
68a60a44-91f1-4023-bda1-46f80fa8ee3a,0.0,0.0
68c0382f-a1a6-4bdc-b7da-f9de3b2eb89a,0.0,0.0
68c567d6-35e5-4a24-b365-b724e51849e3,0.0,0.0
68dd61ac-ad46-4616-9db6-7ec0a171add3,0.0,0.0
68e6686c-47ee-4eef-ae88-970130b80f46,0.0,0.0
68fcbb3e-23e6-4303-8932-56fac53b1529,0.6423841118812561,1.2021520137786865
69078a42-ccd0-431f-9fa0-92d1b896416f,0.0,0.0
691a422a-7177-4421-b38b-d02c01f545a8,0.0,0.0
69287a5d-d542-4944-a7a2-db8e329486f6,0.0,0.0
692d5aed-d3f2-43b6-be96-848aaf2aec44,0.0,0.0
6965bc79-ef69-471b-8431-d828bd408ed7,0.0,0.0
69697a89-905a-4690-ac15-c73f90d576d4,0.0,0.0
696a3a63-7e7a-4f8b-bb0d-b0e5ff7d8b9e,0.0,0.0
69763ed0-73a7-43bc-a1b9-17ed48a7ea95,0.0,0.0
698167e0-2e39-4475-ac85-4ac29fb39631,0.0,0.0
69836843-8e86-45a2-a43d-05f24d51b4f4,1.0215412378311155,1.7144538164138794
699e2bc5-fee3-4dec-a4dc-232ee9d2b740,0.0,0.0
69a60e43-a2de-491b-9aec-9982db9c99bd,1.0160648822784424,2.0521864891052246
69b3349e-cc44-46c9-ac37-ceab6b49f3eb,0.9777348637580872,1.9120475053787231
69d3f5b2-d348-4d10-9cf4-c082c0aeffc7,0.0,0.0
69de3450-b65a-482c-aee7-3daa982f2bf7,1.3866472244262695,3.045156955718994
69e75352-6467-42b7-9ec5-93105b700291,1.2878786325454712,2.9971163272857666
69eec103-009c-4186-b2ef-f8e5aef3da69,0.0,0.0
6a04e66b-07f9-41c3-b705-d76ff8cd77fc,0.0,0.0
6a063d89-8613-41ac-8fc4-09c9b738da18,0.0,0.0
6a33dfc4-d970-4104-ba7c-9dbbd2dc72f1,0.0,0.0
6a349d59-f18e-4ed3-9241-2adeed0c36e0,0.0,0.0
6a502236-c2c1-4777-b937-0fb684cdf6f1,0.7990734577178955,1.5822917222976685
6acb116b-5456-407c-9f96-6ef0e9ed1476,1.6186617612838743,3.4255635738372803
6af73dc3-7171-40c4-8059-fdae8d899184,0.0,0.0
6b078178-3ba4-4a79-8b47-8a5af97aef26,0.0,0.0
6b0dec4c-79f4-4831-94a7-6e73e3f33177,0.6718124151229858,1.3546782732009888
6b37f7f8-2509-4828-a23f-08a277816bb0,0.0,0.0
6b3bcbbe-3a71-482c-9aa6-c44563f4d113,0.0,0.0
6b4139a9-bddc-4600-98d4-237e4d709ce7,0.0,0.0
6b7d72f2-faec-4b2f-82b0-244bcd942ffd,0.0,0.0
6b8a8df1-f8b5-4884-9cf1-143e17534d88,0.960673689842224,1.9886339902877808
6ba07368-360c-41e9-8ed0-b91ba3a3eb0d,0.0,0.5361299514770508
6ba55051-7290-4e62-aaa8-844f38ae8ab1,0.0,0.0
6baf424d-cf0b-438b-b200-6b554e59ed9b,0.0,0.0
6bb39359-fbb5-4b57-933e-f406f09146c7,0.0,0.0
6bb9d0d9-6251-4484-8969-9a4a7f8ace02,0.5564237833023071,0.6992030143737793
6bd6166e-4db1-4dd1-bdae-7a43a1829e81,0.0,0.0
6bec1053-7a37-414b-a1df-e0bd8bcd8ae4,1.1844186782836914,1.9396100044250488
6c1c5e19-1f00-4722-bc56-5e417e97f1c5,1.1760026216506958,2.370051622390747
6c63f329-3add-497c-9b85-19aaf95607b1,0.5712875723838806,0.7018795609474182
6c6c3855-403a-4a0c-bb8b-5c87df91bafa,0.0,0.0
6c75bc52-26c0-47f5-ad54-c0147c1c8936,0.0,0.0
6c79a7aa-ed6d-4a7e-8f82-cb747f2c3af2,0.0,0.0
6c8de062-5843-45d1-a52c-3d35fb0d736c,0.0,0.0
6c94a2a9-3a76-46ff-b175-3d9718b11dca,0.0,0.0
6c970efa-3c98-4e9f-afc6-47039da5c199,0.0,0.0
6caf08c9-5fed-47a0-be16-8ef147e535b6,0.5233593583106995,0.6077401638031006
6ccb6e57-7bd4-4a29-9771-89738403ba75,0.0,0.0
6cd3732d-6692-4aa7-a1d2-c8bc182961d1,0.0,0.0
6cf57e20-e784-4123-b67a-91462524346e,1.359277606010437,2.495864152908325
6d00657f-390a-4ada-8ea5-e406e98de34e,0.7177367806434631,1.4496419429779053
6d229b83-a17c-4d1b-bcb9-153822a0c210,0.0,0.0
6d531263-6109-4961-83d3-f3fbc66c286a,0.0,0.0
6d5890c1-ace1-4ecf-a529-6d1e29a98f08,0.0,0.0
6d7b696f-10e7-4779-8cbb-d674a2908f55,0.0,0.0
6da0abfc-dcda-443a-8649-a3902c5594f6,0.0,0.0
6dd162c0-c402-42de-a243-a8cb36506020,0.0,0.0
6de242d2-12de-4abd-961f-e8de1472f367,0.5013595223426819,0.5938572287559509
6deb9029-3620-42d7-98e9-46ea2f0e9f33,0.0,0.0
6e0ebea4-1480-4faa-8596-7a74ea23ef78,0.0,0.0
6e2407dd-df61-49e8-a828-24bcb342cb98,0.0,0.0
6e2aeae6-471f-4a93-bf48-25c7fe75497f,0.6303249001502991,1.147451639175415
6e3e0ea9-2fd2-4ef4-8c26-319d3d915d4d,0.0,0.0
6e582802-4906-483c-b624-8bd1bdb0d6a3,0.0,0.5153158903121948
6e62a0c0-9644-4493-8a74-9d5b009f6c40,0.0,0.0
6e71ca0e-73cd-41e4-9a01-d360f958b7cc,0.7577438354492188,1.6198923587799072
6e9962d4-04e9-48a3-a64d-97d17aca63b8,0.5888975858688354,0.7209166288375854
6ead779a-fd46-430c-b1c5-d8b8c2ad3531,0.0,0.0
6ec2f332-a8c6-4cca-bde7-71c9533242a5,0.5287877917289734,0.6233903169631958
6ed605ad-a899-4f3f-af83-ee2a40245793,0.0,0.0
6efa4b37-232d-4d8d-8b54-fb86ac200f6d,0.6937097907066345,1.3435897827148438
6efbc0bd-aab8-4763-959e-2ff37f989141,0.0,0.0
6f2eab5a-4ef4-40de-be33-68c722a987a0,0.0,0.0
6f534029-447b-4435-bfb9-6191b56a6a77,0.0,0.5454936027526855
6f5469d8-3b24-4933-87d2-c9284420d233,0.0,0.0
6f648b42-7120-4e8a-a180-aa09bd9b411d,1.3414281606674194,2.336426258087158
6f7c5891-fe93-4808-8fea-3f13ca1ebf33,0.0,0.0
6f9c8d3d-2f21-459f-854f-c7af73e5dde9,0.0,0.0
6fa929f6-4c5a-4fad-85f2-03b93c2f32f4,0.0,0.0
6fe57d08-c30f-4f85-aedb-33bb17cc14ea,0.5982369780540466,1.4391343593597412
6ff9c870-9e5f-4e05-8397-e6975f97e885,0.0,0.0
6ffecfc8-108c-4648-8443-63eb64362841,0.0,0.0
7024975e-fa2a-4b07-8263-992cc20db905,0.0,0.0
7028af40-8436-4cbe-941b-fc274f8cf060,0.0,0.0
704b5fb1-3946-4783-95f1-dd3bd14fc5b5,1.466450572013855,2.851716995239258
705489c7-6934-4f6e-8132-822bc07ad4af,0.0,0.0
7059cf9d-7e0c-4a2f-a1e6-3df8c57ee3a9,0.0,0.0
705b7308-9ecb-44c1-8aee-6c5eb4d22a80,1.1078717708587646,2.45866060256958
709422bf-bde3-4e8e-bd17-84ae1385e010,0.6992611289024353,1.4861396551132202
70946622-b3c0-4242-9af5-93296c1de421,0.6653421521186829,1.449729084968567
70bcd453-e97c-4160-a3b7-5ce160192a39,0.0,0.0
70be16a8-3650-47c3-b069-156b96d69735,0.0,0.0
70cd6bfe-571d-48cb-957e-392fd01c4e64,0.0,0.0
70d6a350-3cfe-420c-8825-c60b7667339f,0.5386474132537842,0.9311555027961731
70f881bc-e31d-4ce6-b7e1-f1fe87de6d45,0.0,0.0
70fa651e-a737-4631-adec-09857541c644,1.039318561553955,2.09775972366333
7102c94e-7d19-4481-af0a-2d629d8ceae0,0.0,0.0
712bce64-a829-4dcd-910d-fb6c13392445,0.0,0.0
714af0ed-372f-471d-9696-eef62e6b7142,0.0,0.0
7165cb05-a9c0-4cd4-8e17-df0bcc60aac0,0.0,0.0
7172db4b-9b69-448e-a761-0469e83d4806,0.0,0.0
7174bd32-139a-4f98-a108-924eb606cc92,1.7599376440048218,3.6734209060668945
7187ad13-bb4e-4da6-8bcf-c15be9b6f2c9,1.1836590766906738,2.217278242111206
71c26ce2-7b27-41b5-9df1-71caa07c8e87,0.0,0.0
71cb5c2c-d832-4db4-b281-ce27b1962052,0.0,0.0
71d67032-c54c-4ffb-ab83-5bd22572c5c7,0.0,0.0
71f83679-026a-4615-a865-fe0d48574958,0.0,0.0
7201d412-c99f-461d-b389-70559f5286cc,0.0,0.0
720e8b5a-2049-4ff3-b670-4827927c31d0,0.0,0.0
724c9cdc-c52f-4337-a240-497205e684d7,0.0,0.0
72564dfa-b5a5-4916-82ba-b57d17d68460,1.1374664306640625,2.027815818786621
7264c292-e5be-4e12-9749-ad8a4dedb683,0.0,0.0
72664973-ce98-4fab-897b-392c5df7564c,0.0,0.0
7279b4af-5cdd-4fbc-82f5-68a413131beb,0.0,0.0
72834ad9-9230-4a34-b5ba-2ff5c8a828df,0.0,0.0
7287bfe6-17a3-434e-9fb3-3c8c4a7193dd,1.084845781326294,2.102447509765625
729d02e8-58af-43d4-94e3-9f9d30ca6e73,0.7407395243644714,1.1801056861877441
72b24822-db35-419a-9e53-a7f55d6fbb8b,0.0,0.0
72b2acb9-078d-4e7b-b283-ee19e620cf61,1.0841227769851685,2.016387462615967
72b59a1f-be0c-4edb-88e5-26b105ad9372,0.0,0.0
72c1ad80-3c28-463a-8fe9-aa86b0b5e65a,0.0,0.5024288892745972
72da4782-ba03-4977-a53f-be8c641089fa,0.0,0.0
72e8f588-2f25-4d6a-9d33-6659014c25ea,0.5118081569671631,1.1734365224838257
73013e75-b7cc-4dec-89d1-a714ad4cb133,0.0,0.0
730c8b7a-ed9e-4de8-8dd7-89eb48e72049,0.0,0.0
730f6848-44d2-48e9-9dc2-ce39a7e64375,0.0,0.0
732194e1-5183-40c2-bd22-25ec3e7d2c12,0.0,0.0
732792ee-6fab-4b20-b60b-2b87d4a6661e,0.0,0.0
7348fcd4-75bc-4972-af47-d33f15712cc2,0.0,0.0
73591539-ad8c-4e84-915b-cbddbbf80edf,0.0,0.0
73641da0-b021-4466-8787-2d03e5028a83,0.0,0.0
73653190-24df-4b0c-af87-8c5f74e79fd7,0.0,0.0
737e029f-e609-4831-a8ad-634f5627502a,0.8662086725234985,1.5850573778152466
73b11217-3a59-4711-b43e-17631d914e3f,0.7134609222412109,1.4417810440063477
73d558b9-370f-4a22-b1ce-65854868f6be,0.0,0.0
73e8c2c9-707a-4f5f-9f07-3408d4a6eeef,1.6599082946777344,3.5058791637420654
73ef4443-2d42-47d1-ae07-e803c25e0ca5,1.226311445236206,2.0654196739196777
7413f1d8-95ec-4cbd-a17f-67cc1174b3c0,0.0,0.0
74858367-0d64-4e63-b771-841c9ab8c48a,0.0,0.0
7488faf6-5b1b-4aec-bf38-39ee6651b1d5,0.0,0.0
74a2ee60-d99b-4eb0-8c47-35087a6d5d73,0.0,0.0
74de88ad-ef50-4606-8fc3-727b67432a87,0.0,0.0
74e0ea42-a22a-4730-ae69-b109e8fe64dc,0.0,0.0
74f8c8bc-2f60-4232-b447-43459d5d22f0,0.0,0.0
7514fb45-78ba-4e34-ab3b-fcdef547e06d,0.6309367418289185,1.1545031070709229
7522f535-bf70-4833-bec8-6546d863db9c,1.589809536933899,3.5957841873168945
75244be6-0551-4011-8b6b-575d54fe2201,1.0884827375411987,2.2786266803741455
754a206e-d52f-48c7-b4f8-4a275ba6e68b,0.0,0.0
75504f3c-2bdd-45bb-ab93-9b374f88a454,0.0,0.0
756d2b50-e8a7-4d2a-a2af-8a73b67875be,0.0,0.0
75791bc3-2e8c-417a-a2d1-5076ec3f6474,0.0,0.0
75979eb2-069f-4bc1-b63a-8af0f88b01e3,1.6716806888580322,3.6448729038238525
75b2c1c9-4ae2-4e5f-8262-162286f2a812,1.4338624477386477,3.084449529647827
75c21b4e-df81-4cfb-bcce-bcff9237901e,0.0,0.0
75dd822f-6673-477b-9398-f176fbbce176,0.5821788907051086,0.7092006802558899
762b7090-5395-40bb-90ea-a97630758393,0.5403374433517456,0.9465527534484863
763efbee-3c23-47f0-867a-09f7637cbb7c,0.0,0.0
7675dc94-a7e4-43f1-99d7-c66284e3a2ce,0.0,0.5603591799736023
7699384f-b150-460d-a765-e4966aa400f4,0.0,0.0
76b697cd-4d75-4204-afdb-caec3e744575,0.954371213912964,1.908263921737671
76c0c7ce-1a8e-4bdc-acb9-100994c08e16,0.0,0.0
76cde5c8-bdea-4369-94ef-b17408aaed17,0.0,0.5009649395942688
76d15627-fe26-49a9-9fdc-a3c89cecbd0e,0.0,0.0
771f38a0-b874-4a52-94c9-a3c073e29b07,0.0,0.0
77206c94-bcac-4d2e-acb1-5377209a4e9d,0.0,0.0
7721c3a6-b0ad-4659-8385-ec2914fa573d,0.0,0.0
774a2ab6-79f2-4e46-8a39-09f0de1f4db3,1.1039910316467283,2.163090705871582
7757014a-4124-4a4c-b351-470d54365aa1,0.0,0.504035472869873
7770c1ee-8fc4-48ac-8ef5-c90109232c09,0.0,0.0
778626bf-0336-42eb-991c-b6d60698b362,0.0,0.0
778fd1a5-7c19-461a-b5aa-ce96bb5d6334,0.0,0.0
77b516b2-d32f-4dd8-a6e3-dc607f874ae5,0.0,0.0
77e0e315-6468-4d3b-b80b-c59be227093f,0.0,0.0
780afd35-4e17-4699-8dfc-f0099ef334c7,0.0,0.0
783a90f3-dbf7-43ba-bfdc-171cd47bdbbc,0.0,0.0
787be9e2-b28c-42ef-b39b-58b6a6729de2,0.6553897261619568,0.8030200004577637
787e6b00-29f1-4f3a-b59c-150deb8aa9cc,0.0,0.0
788f87c3-0b01-418f-90e3-6261564fc8d7,0.0,0.0
78963ded-bfca-473d-b2b3-01ef4391325f,0.0,0.0
789fe053-d881-40eb-95fb-33395c8cf074,0.5401673913002014,0.65632164478302
78c38231-c309-4382-b8f2-90bf3db7f273,0.5327351689338684,0.7320358157157898
78e10a60-e77a-46c6-b7a1-73c43855c8d5,0.788540244102478,1.7552510499954224
78fdd238-abd0-4be4-bf8f-0b960bc0aafd,0.0,0.0
78fdd7ed-5a92-4e35-ba6b-703fce6f1133,1.206925868988037,2.0440380573272705
790f0df2-1ab5-4c9e-870a-106f97f695c4,0.0,0.0
791dc05a-c2f4-4008-b5eb-97fc08e0c7f5,0.0,0.0
7972523f-3958-4b0e-8e4b-d9f0f80838f4,0.5867524147033691,0.9333483576774597
797faeb2-1a77-4ebe-9d4e-ce53d5594aa8,0.0,0.0
798d7812-6fef-4af8-a0ec-2a892475bfa7,0.9956159591674804,1.9285250902175903
79ae5cb1-025e-4363-8993-70aa0a342ff2,1.4388070106506348,2.9885551929473877
79c2d7f4-6c9c-4330-8ddb-d5c3d0367c02,0.0,0.0
79cb60a9-4027-4725-ac45-e81ed685a3c0,0.0,0.0
79d97853-ac63-460d-83ac-0a852b375661,0.0,0.502368688583374
79dbb8e5-d495-4868-9580-f02320ae0761,0.0,0.0
79e17188-c0ac-4c6f-aaad-5a404981e7a9,0.0,0.0
7a264bb7-b98e-4b1b-bd3e-ed1449d17965,0.0,0.0
7a31a0b3-7b68-4851-918b-2f78e8796668,0.8740246295928955,1.8605927228927612
7a3ee8a1-f98c-4e40-b8d0-1425474b388d,0.7429420351982117,1.4978041648864746
7a5750f7-6e26-489f-b55d-ff1bd8afcb89,0.0,0.0
7a5d4748-03d3-4978-bbcf-d46e5584f016,0.0,0.0
7a91942b-3576-460e-aa89-d3c0a135cee8,0.0,0.0
7aae0721-9a49-4a61-8185-4651358bf718,0.0,0.0
7ad8eb79-d674-4490-8b8f-a3021cd13cc1,1.056196928024292,2.1577186584472656
7adb8768-95c6-46db-82be-5e6019d6012b,0.0,0.0
7af5f075-b0bf-4e7d-a5d0-19faca75429f,0.0,0.0
7b04bcfe-a401-4eaf-8447-52dfc4423a28,0.0,0.0
7b373547-f076-460f-87ce-8710e936c5a7,0.0,0.0
7b3badc8-2024-4a2f-8d13-52de06cd3335,0.0,0.0
7b3d6957-0a91-48f1-a5dd-ddb3d3a4257f,0.0,0.0
7b4feec4-8014-4c24-833d-25dcb559d8cc,1.2190958261489868,2.6532373428344727
7b54deea-9dcc-47f1-967b-6784b513bd76,0.9265334606170654,1.8697324991226196
7b68a104-e1f4-491e-b7b6-ddd2afd32f31,0.5403261780738831,0.6310227513313293
7b68c123-0428-4543-aacd-16a05fb4fa22,0.0,0.0
7b80f88a-8d5b-452b-936c-7b8fb9e68476,0.0,0.0
7bb78889-669e-4f6c-93a5-4ef2d6381e0c,0.0,0.0
7bea446a-0500-4672-a0f3-3892b139f7c4,0.0,0.0
7bf3db5d-1906-410d-8eed-c7500761f097,0.0,0.0
7bf57b68-a6f2-43d5-a914-04364e4c7d8e,0.0,0.0
7c0d3e5c-7484-4fa5-a75a-a40c14862294,0.0,0.0
7c1da845-5f8a-43b6-b5b5-e1cd6ed1aac2,0.0,0.5325073599815369
7c2d2e1b-3870-497f-83a5-8d224f848ad8,0.5315747857093811,0.6844502687454224
7c317212-3f51-4cad-8929-c25c257b4cae,0.0,0.0
7c44fc61-2ac5-498c-981f-715bb6e4ef36,0.9436874389648438,1.8962372541427612
7c61d49e-a91c-4622-a653-565c4b7f1add,0.5709850788116455,0.6979641914367676
7cd609f8-03a9-4868-969a-71c937d4b0a0,0.0,0.0
7cea4ce4-0912-4df4-ac20-21def0b11a59,0.0,0.0
7cf2ef03-b233-4872-bcf3-10411f00bfa9,0.0,0.0
7d02bd19-b4ff-4736-9bac-97c458347258,0.0,0.0
7d0d54ad-17e5-4248-b2a7-11c609405e3c,0.0,0.0
7d237fb7-1da0-4bda-aacb-414ea9f97e5c,0.0,0.0
7d29161e-6eef-493f-9513-db5d5c960e55,0.0,0.0
7d5e261a-437a-492e-b2b1-35b7a2ed3a52,0.0,0.0
7d730b2d-a7dd-430c-9f80-59ad500f6231,0.0,0.5643981695175171
7d9be673-f207-4567-a7e0-16e14c996bb0,0.0,0.0
7db9c411-31cc-49df-afa1-f704c8b7a227,0.8323366641998291,1.4082931280136108
7dbaff15-feed-472f-acbb-2e49d06f064e,0.0,0.0
7dd15497-f090-47d9-849d-3065f89b4734,0.0,0.0
7dddbf4c-420b-42a9-b6b4-9ca8c13b0e0d,0.0,0.0
7dde193e-868c-4408-bbbb-12f2403c240e,1.3471057415008545,2.8138692378997803
7e1d7aa3-d1a1-4893-b951-82ec3a083c47,0.0,0.5857541561126709
7e1e54e5-d253-4afe-9bad-144fd038d0f2,0.0,0.0
7e239523-cf45-466f-bb41-82f10a3f5eb4,0.0,0.0
7e2ecb7c-fc63-4f32-85ee-ab0e06c5570b,0.7236164212226868,1.464573860168457
7e3313fc-ea4a-409e-8b1b-7d95583cd406,0.0,0.0
7e532865-e2e0-4ff9-b1d2-4dedf01858c0,0.0,0.0
7e860cb0-0628-4fbd-823b-01c20e1a7017,0.0,0.0
7e993281-9c15-4638-8504-98e8db7788ac,0.0,0.0
7eb3afe4-291e-4176-a2dc-7c6e1dc0b894,0.7495815753936768,1.5542480945587158
7ec8f1d1-08f5-4593-bb6f-9123824b3046,0.0,0.0
7ef933be-9bad-4cca-a969-d6c44ab026e7,0.0,0.0
7f022231-d6c8-4cfd-8efc-c53b7c579cf7,0.0,0.0
7f083104-8654-4384-a3f9-abefd9d5872c,0.0,0.0
7f0f4159-6143-4e9a-957f-db34c31139c3,0.0,0.0
7f362f7e-f4fb-4caf-8ac9-5bc4300760e5,0.0,0.0
7f3909fa-eba0-4142-8979-66d664ff07e2,0.0,0.0
7f3abcce-06ce-42fe-aad0-4edf6c6a3cc7,0.953211784362793,1.6424554586410522
7f7b4a91-0cb1-4635-aadb-cdb80f3b9c4b,0.0,0.0
7f852a4b-4eb1-456d-b95d-d9b0df560150,0.0,0.0
7f8b4e6c-93ac-42d8-86bd-4952954ddd44,0.0,0.0
7fa4671f-8591-4571-9d9f-1240c48c8c91,0.0,0.0
7fad960a-952c-456b-afad-0151a5bed2e5,0.0,0.0
7fbcb942-32cc-4068-900c-ada89b738b6a,0.0,0.0
7fca5139-ea18-452f-b6d5-106b06240b52,0.0,0.0
7fe2042c-eca5-44a5-961f-bc3d50fd36a7,0.0,0.0
800deb32-2849-4312-946e-749ea678b3ea,1.0600968599319458,2.2012696266174316
8029c19d-d9ac-4cb6-bb6e-6da55f88603f,0.0,0.0
806655e2-4b45-44ea-ba55-2be5d10b645e,0.0,0.0
80882d46-352b-4a2d-818e-c68a859c0478,0.0,0.0
80a23a0b-cfd8-4c83-958b-cd05f5ebfcf2,0.0,0.0
80a96d9c-be69-4b55-9e80-85ea3ac876c5,0.630096435546875,0.6461026072502136
80aba8cf-23ba-41e4-9ebb-eba9ca0f444c,1.3986120223999023,2.8319690227508545
80cb2476-89d5-4c54-baf5-fa4910b224f8,0.0,0.0
80cf163e-91c6-4941-93ae-fd86c0245c37,0.5248311758041382,0.9783974885940552
80da4a53-7752-4e4d-ad71-b07dd3affcbc,0.0,0.0
80f5ce01-68c8-4b7f-97cd-d92c9f83f008,0.0,0.0
810d6a40-efc7-446b-9faa-439a837cde6f,0.0,0.0
811b3889-e2fb-4b03-aead-1919fadab352,0.0,0.0
811be116-73de-4f98-9dc2-adb02ef43060,1.4205424785614014,2.905681610107422
81240fca-a532-446c-80ca-deafc6fe718d,0.0,0.0
8146f206-fa0e-44e0-915e-0e2f3fa8b0fd,0.5519300699234009,0.7398966550827026
816ad16e-b1a7-4737-bc80-33063b106a3c,0.0,0.0
8175dcad-6e65-4083-bf09-5e095b1c0db0,0.9411447644233704,1.6982755661010742
81812990-84bc-4728-a462-acd8c09c85d1,1.7439526319503784,3.6299490928649902
81818f30-929c-4b6c-926d-54984622608b,1.267177700996399,2.538803815841675
819504ba-1c76-4701-911f-dd887c4095de,0.0,0.0
81bbd9b2-1553-49de-bc99-dcb6a082fb7b,0.0,0.0
81c0e336-46c6-446e-bcbe-0a14d67cc40c,0.0,0.0
81d7e896-a0da-40eb-8577-69376472bbbe,0.0,0.0
81ebc66f-2f10-4025-9393-372e3a097594,0.0,0.0
81ed6999-aba2-46a7-963b-08c7e4775572,0.0,0.0
8219195a-70c8-41e7-8da6-e521e3dad31b,1.5474693775177002,3.103494167327881
824e4070-5916-4722-a605-a2fd498c7b27,0.8986361622810364,1.7570618391036987
826f1c48-065e-495b-899c-de4f5c740d6f,0.8591864109039307,1.6804128885269165
828f7dae-3b28-4805-a299-78bcd8b4ef63,0.0,0.0
82da459b-4cd2-4236-80f3-2331bd3d2288,0.0,0.0
82e5f18e-f27a-4aba-8344-943c2f8b4d14,0.0,0.0
82f446c2-188e-45a5-9e18-5a553fc1e5e3,0.0,0.0
83331775-6855-4e01-8a9c-c1dfe95788ce,0.0,0.0
835da1ed-d609-4597-a8a0-f9a3d1d8a966,0.5336877703666687,0.9610069990158081
8373674d-d2b5-4ee2-a138-d007720cb8ad,1.3418285846710205,2.733332872390747
8378b84a-d4b4-4003-8e20-2f4778f66164,0.0,0.0
83ae62f2-5035-4d5b-bae6-d619bd1c4c2a,1.3038419485092163,2.2656075954437256
83d03139-67f8-4e95-bcd9-a91f13446e42,0.0,0.0
83d981c4-12c4-4033-af78-1ba567ac90a5,1.8383735418319704,3.9051496982574463
8414a843-fc21-4795-aa0d-bbb75ea52dd1,0.5624213814735413,0.8465353846549988
841f74ef-7210-4ace-8d4a-8f211b55800a,0.0,0.0
84321c2b-fa44-4815-a19e-a2636df2419a,0.0,0.0
845ea508-94d8-4df2-abf4-b133f2b1bedf,0.0,0.0
8489f12e-3843-4b01-9764-853099e39420,1.4182896614074707,2.8614063262939453
84bbed71-672c-446d-8eef-57b4ba1270c4,0.0,0.0
84d6ae05-da45-497a-8ca6-2d96306f374a,0.0,0.0
84e3756c-32f2-4791-b90d-0de4e1bc1563,0.0,0.0
84e7be30-52b0-4ca2-a143-f9d0a8b4c25c,0.0,0.0
84ec1bd7-0765-4453-b366-6b2e4c7456d6,0.0,0.0
8554a364-4f81-4c3c-87b0-93fcb59dc82d,0.0,0.0
8566921d-1639-488a-80d1-478619b6e375,1.38582444190979,2.1914045810699463
856daaf7-5fd4-4032-9af0-b9e7bdc1606c,0.7946165800094604,1.6992579698562622
8581da82-96ed-4a78-9408-fac43d49faee,0.0,0.0
858e1c83-9321-4aba-973f-17fc61c479df,0.0,0.0
85b99f78-cb2b-4f68-bb4d-1313045b2463,0.0,0.0
85c07a64-e4d4-444f-81ca-dc11e09db0d6,0.0,0.0
85e5b0c4-a5f7-44a6-9898-899d57cd34b0,0.0,0.0
8602271a-85db-424c-b252-76d7ffdc51a5,0.0,0.0
86220251-48ee-43fd-b106-74116213caaf,0.8422874808311462,1.4691253900527954
86236a2c-d2ea-4d25-9c55-2560acaa1854,0.9663000106811525,2.148242473602295
86eecbff-c078-4d5a-b3a7-02ce4a1dd46a,0.5427874326705933,0.6448548436164856
86efb356-8ff3-4d61-9d22-fb36829998f9,0.0,0.0
870cff7d-50b6-4ea6-b106-bc242542857a,0.0,0.0
870f5eab-298f-4779-ab52-db0174da91c4,0.8496267795562744,1.7811658382415771
87176021-e19b-4fa5-a157-b3cb13f21546,0.0,0.0
8732862d-c9ba-4e7d-9648-0a93cce46268,1.525500774383545,3.0730531215667725
873719a5-b811-4622-ba3a-c3acdd3347d5,0.0,0.0
875ac47b-1068-4dcd-95e3-68d34d9cc1b7,0.0,0.0
8761237c-16f8-4591-aadb-fc05196deca0,0.0,0.5116716623306274
87617767-8060-411f-8476-950d78b4dae1,0.8713503479957581,1.983293056488037
87d3b4f8-d7c3-44d2-a18a-c5b89b6c6e53,0.0,0.0
87df1df8-9eec-4249-b21f-cf0371b491d8,0.0,0.0
880d0056-f793-4216-a4e5-d60d00cf6a62,0.0,0.0
88149662-73bf-4194-af3c-778e722472a5,1.0826247930526731,1.75515878200531
882acb6b-b018-4609-b0ce-b75433a299c0,0.8084134459495544,1.5029019117355347
8845ebd1-072c-43de-ba0a-56873ea39515,0.0,0.0
8888fafe-b1bb-4b23-b720-5c3aa1fe2bc3,1.3714332580566406,2.828457832336426
888fb1ff-743f-44e7-88cd-a2f3d362dba4,0.7583053112030029,1.6829535961151123
889c87d3-86ea-495a-b4de-44b609977884,0.0,0.0
88aefb8c-ea09-450c-b65a-a5a1199ea3f2,1.0831743478775024,2.0450236797332764
88e2cf14-4564-4deb-936e-25b5c3c7dfe3,0.0,0.0
88e2d792-7423-4afb-aaea-2130195608c9,0.0,0.0
88eb6dab-fa2a-49db-8f12-8851724e0ec8,0.0,0.0
88ec0bdf-0e9f-4968-b4fe-03510607be39,0.0,0.0
88ec75ea-22d4-4cff-9b50-a3debd8aef8f,0.0,0.0
88f9e879-9a75-4a98-8688-883d1ff2d3b4,0.0,0.0
89353706-d50e-4b8e-9c79-3b0507591e7a,0.0,0.0
895ddb58-8b3b-42c2-934d-3e357a52bd55,0.0,0.0
89643fb9-a249-405f-a537-a9c9d1713f6e,0.0,0.0
89684b2e-7446-411d-a06a-22fbc60f132f,0.0,0.0
898b0f93-9dcf-4c00-ab28-2c11ad8229c9,0.0,0.0
8998177c-cfcf-450f-b919-454f46a71451,0.0,0.0
89aaf4b7-e880-45a3-a16a-15ba14daf728,0.9036579728126526,1.9086956977844238
89b0928a-03e0-488d-a651-96147373261b,0.0,0.5243911147117615
89c3b881-1174-40f1-abbb-bb66e261c428,0.0,0.0
89f646bf-c361-4bae-bca3-1db558fca96d,0.0,0.0
89fee288-6070-4c10-ac07-253ecddbbecd,0.0,0.0
89ffd846-a667-44a0-b3dc-9256988db6f1,0.0,0.0
8a07a6f5-ceb5-48b6-8b8e-57f7e2a46d41,0.0,0.5035014152526855
8a24b2eb-0617-415c-849b-afc666e8df0b,0.0,0.0
8a2797f2-e645-4052-a842-a3a21494e81c,1.1223886013031006,2.506110668182373
8a300cff-afec-46b2-acd0-51f7a5e52c98,0.0,0.0
8aaad22b-eb3c-404b-9c41-5517ac914829,0.0,0.0
8ab8d883-9b2a-4faf-8d93-14a647f3eb7e,0.0,0.0
8ac8268f-5d32-458d-98b6-2ff2aea69de5,1.3629266023635864,2.3924829959869385
8ad6f088-89a9-410b-8ad7-112196ee50d5,0.8259633183479309,1.3476171493530273
8ad7dc0e-02a9-483c-b164-7512c9492c98,0.0,0.0
8b59ca79-ed70-40cc-869c-92274a29ea6d,0.0,0.0
8b724762-012f-46da-8992-1b5d03e8aec5,0.0,0.0
8b87c6e1-fd91-4823-a177-0a7dda3e7d8a,0.0,0.0
8b9faf53-f739-4fdc-95b5-e64ee98c98a6,0.0,0.0
8ba224a7-7d3c-464b-85cc-f4b7c835b093,0.0,0.0
8bb4e512-1d7e-47c6-8ddb-ed333695e8a9,1.7447000741958618,3.664571762084961
8bbd0144-b98a-4808-a335-1c08d84cbd69,0.0,0.0
8bcd56f5-dc28-44a9-a4c9-6325c8e86e53,0.0,0.5436910390853882
8bed20b6-9104-49f6-ae6b-cf1ef6588e69,0.0,0.0
8c0b2d9b-40d9-46e1-8f2e-e35cffed4636,0.0,0.0
8c0efb3e-c064-478b-b1e4-9c2f6eef93c2,0.0,0.0
8c104b7e-c52b-4db0-9bae-61b7789738f7,0.0,0.0
8c37d77a-5018-47fc-96c6-a960cab84bed,0.0,0.0
8c96bca3-ed87-4e37-b8ba-924d02dc3603,0.0,0.0
8cd77614-b028-4646-9fba-6ed03a63245e,0.6319019198417664,0.7737335562705994
8ce27800-f78f-498e-9497-479d521069fa,0.0,0.5631085634231567
8d0e1d86-9b50-4c08-bd80-7dfa416b5c2c,0.0,0.0
8d181527-5e63-4c57-8ca9-26d8b9b20e19,0.0,0.0
8d5d1615-7236-4b6f-928e-de9d1607fffe,0.0,0.0
8d623595-93fb-4103-96d5-da98937b2528,0.0,0.0
8d671af5-e49e-418f-baf4-eec7bdc6a506,0.0,0.0
8d68e809-1742-46e6-b62d-f0385c177864,0.0,0.0
8d75e7cd-3874-4627-809d-ca205d076c0b,0.0,0.5934232473373413
8d8c967f-9c55-4a13-adfd-7807ab11c858,0.0,0.0
8d9cd3da-0b98-4977-ad38-dec646557696,0.0,0.0
8de7c30a-27c9-447a-a152-727e3d09206c,1.1227048635482788,2.645847797393799
8def1725-4994-45cf-812e-b90a92527398,0.0,0.0
8e0d8576-f7db-4b92-b0d5-97dacef344eb,0.0,0.0
8e2dcc62-f2a0-4d71-aad8-f2ce19001a67,0.5777657628059387,0.9303545355796814
8e356ebd-16a5-4944-9eb2-049a8080c60a,1.1407122611999512,2.4762520790100098
8e4f4df4-e1d8-4964-8654-a5226753ffb0,0.0,0.0
8e61b62b-3bfa-4757-a083-570e6d1a1f4e,0.5544000864028931,1.1369177103042603
8e65d351-fb6c-40da-9074-5a1e52f41663,0.0,0.0
8e868c36-2335-43e4-9e9d-c9622ab033b3,0.5633213520050049,1.0979708433151245
8ed10bda-9db1-44f4-aa15-f25331e25923,0.0,0.0
8ed3ab5f-b336-4ead-84cb-2e954faebc4d,0.0,0.0
8ee13374-704f-4147-83ab-4d505f75dd68,0.0,0.0
8efc495e-17ff-4f03-bb9e-10bf39948937,0.5652154088020325,1.2311464548110962
8f084208-a88c-4f30-b100-9335da256d44,0.0,0.0
8f0fdadc-f739-4911-b084-9b655bad0fbe,0.0,0.0
8f19e591-a2c5-4d95-b617-3f148d33d3a3,0.0,0.0
8f32a1b1-c951-4140-9dba-c9b75acf4b3a,0.0,0.0
8f33e7c2-1b0e-48c8-9544-01c8648e02aa,0.0,0.0
8f3562ce-b5da-451e-82c2-85f95fed9ce5,0.0,0.0
8f4669b5-828e-4c2c-a45a-f1f01edbdaf8,0.6131833791732788,1.278619647026062
8f4a95dd-2889-4a1b-9e8d-e1cf206d9419,0.5295509099960327,0.643486738204956
8fbeb610-3b18-4f66-94dd-8d4a0019daaf,0.9320498108863832,2.226362705230713
8fc05ea7-9f44-47de-b669-fcea0950a4ae,0.0,0.0
8fe2683a-88f2-419f-81f2-52bccd71edd9,0.0,0.5476014614105225
8fe35e15-184c-421a-93bf-4f429e20e467,0.0,0.0
8fe41a7d-849d-4e6c-9886-224a8e486913,0.5789175033569336,1.1933101415634155
8feb5d7d-18de-4061-9e8b-065e51069d40,0.0,0.0
8ff26d99-9c87-45c9-8886-06fc92793d6d,1.1810946464538574,2.576093912124634
901356e8-50f1-4c28-ab05-48967db12425,0.0,0.0
904c28d7-1e49-459a-8290-2e37367a4f18,0.0,0.0
9062d554-42e8-4f76-bdaa-9fa0ff874f72,0.0,0.0
906a4c8f-d616-479f-b33e-66ad4ba0ff61,0.6247902512550354,1.039006233215332
90748990-2803-4959-b4ff-ee9b0a09918f,0.5633463859558105,0.7023290991783142
909859f3-eb69-4835-a841-2400d981c7a8,0.0,0.0
909ae9db-53b2-4c02-8ec1-27b40654b563,1.433885097503662,2.9330296516418457
909ea7e4-5cfd-49ef-a76f-a1a84d858cfa,0.0,0.0
90b747f5-9329-49b2-afba-27aa49190436,0.0,0.0
90c3eac9-c682-4777-b1b2-c6acb8a36a85,1.1604137420654297,2.216630458831787
912e0e48-fc8e-4070-90ff-52d68e6fc9ac,0.0,0.0
913e2af6-c165-4b45-8b6c-a05c69ca5e78,0.0,0.0
914b5b53-5d95-43aa-97fe-e09e81a6d8a1,0.0,0.0
9153d92c-c63c-4af6-a5e2-15da3de66224,0.0,0.0
91637119-22e6-4bc9-8762-69ef474e876f,0.8472820520401001,2.0839996337890625
9175603c-8b7a-4ee4-8b73-8097822f703c,0.0,0.0
91898b44-cfa5-4741-9025-9936343abf3d,0.0,0.0
918cc10a-cece-4d1a-bef5-e9bb92f4dbf5,0.0,0.0
91a3c082-346f-46d6-8f05-fb02cf626ce7,0.0,0.0
91c680bb-50c7-4dfa-a5cd-26dceedd7d8b,0.0,0.0
91d6e77e-d93a-4a9d-9490-6d1a3f7c436c,0.0,0.0
91e4cdc2-63fc-40b0-b2fe-f9f6a86829d4,1.3650389909744265,2.3782410621643066
92120695-9a0b-4548-82e1-56252adc0583,0.9527405500411988,1.9125522375106812
92127deb-b668-4cfa-bc30-3814e79f093a,0.0,0.0
921e4068-7ff5-4c42-b4e7-44b8d83795d1,0.0,0.0
9231d1aa-2bb7-4f51-94be-52e0729b61d0,0.7767696976661682,1.5585464239120483
923b0517-9691-4ae5-b45a-c26e2a7cc030,0.0,0.0
925dded4-65b3-4f2a-8231-d1d01aa07ef1,0.0,0.0
92676277-625d-4bf3-a048-fccd4dfc1846,0.0,0.0
926ea8a4-a905-437a-97c3-8af928edf74d,0.0,0.0
9294fd02-d5ae-442c-bf95-fe021b08622d,0.0,0.0
92978b5c-d7d5-46fd-aaeb-a4c9ac2c5ded,0.0,0.0
929cda71-b07f-440f-aebf-ba11f00e4711,0.0,0.0
92a3f689-0428-4c39-8238-918abe31283c,0.0,0.0
9320deb2-a97e-4a47-b3ed-7c5d64ee90b1,0.6369776725769043,0.6406990885734558
933f96c6-edea-4e21-9f17-9ada130108fc,0.0,0.0
934b6a7d-9d8f-4c53-bc92-6cdeb94e0306,0.0,0.0
9372e8ab-a6a3-4d75-aaf7-6b2751f6584d,0.866973876953125,1.763007402420044
9376ecfc-bc8c-4fe0-af03-fa572db40df1,0.5838885307312012,0.9813787341117859
937cb4bf-9092-464c-a35a-68790c2a33f5,0.0,0.0
93995cae-f37a-4251-9e05-ea023c30c3ec,0.7741982936859131,1.6896986961364746
93a4306a-c1a8-4b02-a83e-2cce207cf50c,0.6388763785362244,1.0652202367782593
93cf05b2-8ec1-4eb1-a882-119c1a76bbe3,0.0,0.0
93fea25b-e966-42d7-b6b9-95ec6794ed1f,0.0,0.0
94055dfd-6652-409b-8516-f61dc97921a3,0.6216605305671692,1.2716130018234253
940a9daf-bc23-432b-9cbe-520e08397065,1.2867209911346436,2.0471255779266357
943e56d7-3762-4b56-aa36-217b7fc7e092,0.0,0.0
9447272f-7d22-4bed-954a-a193709dec0d,0.0,0.0
9471c917-ebf0-4138-9912-ad6a94e2d9c9,0.0,0.0
947d55ee-03fa-4b57-9ca5-0157fa53d9e2,0.0,0.0
94922da2-d66b-4c55-afb1-d623ae2cc96b,0.0,0.0
94a7b108-5b88-48a2-9e44-1305de2474c0,0.0,0.0
94ad1c15-de50-44fb-899d-b3d9902a257b,0.0,0.0
94c97e7c-c30d-4989-b0ce-b84ab1dab131,0.0,0.0
9515f629-b533-4f19-b975-047dcd2cf9ff,0.0,0.0
95334831-9d6d-42ad-8edd-997342e8dc8f,0.0,0.0
953cbd65-607c-4028-a743-e889037b85f8,1.1757031679153442,2.539032220840454
953d456b-5ec6-4035-bebf-5a04a8a695fc,0.0,0.0
954ce3e0-c1a7-40b2-a813-c9d1f34fc95e,1.0610926151275637,1.99629807472229
9552e7d0-dfec-4ae2-9972-e027bcd5cb21,0.0,0.0
957cf104-f737-4aa5-bc92-4b2a7e55660e,0.0,0.0
9592777f-377a-4347-bcba-c412612b8b95,0.0,0.0
9596e27a-62a0-4fc8-ae14-09e843ecd41a,0.0,0.0
95a3f458-6e69-415a-b728-32fdd7cd8f32,0.0,0.0
95ba9ca8-0b19-4f9d-be05-5babe87d06f8,1.4962615966796875,3.111612319946289
95ca0d13-1be6-4882-94ef-12dc995a1fec,1.2999558448791504,2.735442876815796
95e4e531-fcd9-4674-ac65-a54cca31210f,0.9932239055633544,1.9810231924057007
95e5773b-b2c3-487f-8ebc-d94d86446249,0.0,0.0
95f2bf99-f987-4da7-bde4-5aaa25d988f6,0.5543891787528992,0.6440766453742981
95f547a7-b424-4e71-a232-af59e4a6489d,0.0,0.0
961476d2-0bfd-4915-960b-5271227e8c6b,0.0,0.0
9629e1e9-7099-4169-b530-626fb93c627d,0.0,0.0
962cf729-5f78-4e69-8dff-bbb420857017,0.0,0.0
966ef685-d124-41c6-8433-d55200c50463,0.0,0.0
9681a130-64da-4ff3-8787-78dbcab0d6a3,0.0,0.0
968688d6-bbd1-4a4d-ac10-1e279d568373,0.6142002940177917,0.7862622141838074
9692c267-985d-401a-a1be-d9a789a8ecd8,0.0,0.0
96afacf5-42c9-4d8c-b3ba-baec7e027847,1.253734111785889,1.984604001045227
96c8f871-1a42-449a-9d26-71763ba9b476,1.4113280773162842,2.4140055179595947
96dcb00d-52ec-4e7c-9594-627b908349e1,0.0,0.0
96e64df4-41c0-49bd-b073-3bbc568a17de,1.0038896799087524,2.0255370140075684
96fc30c8-d929-44fb-8bf8-3f16b599ff62,1.299802303314209,2.1761128902435303
971fa3bd-77de-44d5-af9a-deb1856552a8,0.0,0.0
9724a093-a6d0-40e1-af5d-fc95c984363c,0.0,0.0
972659fc-7700-4b28-9e08-b41331242ea0,0.0,0.0
976af23f-a19f-4133-a76c-70494151a5f3,0.0,0.0
976e9e90-ca2e-476a-8d61-9fadea106f4f,0.0,0.0
97a4632c-ff3f-413a-95d5-9d15f77cd021,0.5812156796455383,1.3156795501708984
97adde48-84b8-4fea-aaad-a5f494c1bd6f,0.0,0.0
97b09297-4a53-43c3-ac09-d11fbb48ed95,0.0,0.0
97c4fa7f-b4a1-49ef-927f-41cef1fa1140,1.4135253429412842,2.438422441482544
97dd640f-119c-47d0-85fc-943f5e5d3262,0.9928532838821412,2.2070887088775635
97e45eb1-0b01-4006-96ad-d42f8064985f,0.0,0.0
97e5d61c-b8f9-4636-b91a-6765937f726b,0.0,0.0
97e75a10-df6a-4d09-a45b-e61cced67448,0.5234144926071167,1.0167280435562134
986319d7-7c78-4961-824d-4fbbb26e83e1,0.0,0.0
9866f00e-0969-4d0e-b10e-b64279c438f0,0.0,0.0
98809e60-7913-4840-8b31-90ea3d902332,0.0,0.0
98a6b960-93a1-43f1-b36a-f88885117103,0.0,0.0
98bc627b-9fd2-4a47-abea-7e862d2ad1ca,0.0,0.0
98bf977d-0f34-4718-a0c8-e1f9dc2d8711,0.0,0.0
98dfd444-fe39-47c1-9d29-33ab324c60b7,0.821831464767456,1.8011107444763184
9921af69-3abb-46da-9266-55b50eb3d78f,0.0,0.0
992735f5-19ff-4f6c-8d13-20576561f855,0.0,0.0
99403f1c-8df4-40bb-ac95-c4e3aabd683c,0.0,0.0
994d57f4-2afc-4621-ada8-1c08bf6c7f1d,0.0,0.0
995fc7c4-b819-4327-be86-c5af9df1a794,0.0,0.0
9961f2d9-66b3-4180-a73b-853687f41846,1.444454789161682,2.5192575454711914
9983a06e-1394-489e-9bb5-c100ce16690a,0.0,0.0
99853885-6955-4667-b305-58afcdd78f86,0.0,0.0
99b51bd3-595f-4b1c-ab11-ca2ef9ce77f0,0.5401158928871155,0.6784036755561829
99c093ee-21d3-4fc2-a562-f898a91e7693,0.0,0.0
99ce020c-b461-4a57-9ae6-f096122f855b,0.0,0.0
99f25e96-f617-4dda-ad82-68ecd3fe780a,0.0,0.0
9a0afa06-e722-43b0-9c55-01552ce13553,0.0,0.0
9a17daf9-b7b0-4962-88da-0a23fd3dcdbc,0.0,0.0
9a32d27b-002b-47a5-9c48-d5d2d0fd0ecd,0.8644554018974304,1.7559412717819214
9a4953c7-120b-4240-8812-5c6ee9042f2f,0.8080567717552185,1.5060030221939087
9a522d40-f8be-4aed-819e-b35600698857,0.0,0.0
9a61a943-6f72-4156-944e-55d3c3aaf817,0.0,0.0
9a791074-26e1-40f1-a65b-289c218481e9,0.0,0.0
9a95f21e-cfec-4e47-bedd-2d391a4dd1a7,0.0,0.0
9ac09134-e0c0-400f-9d8d-3ece2126b440,0.5182502865791321,0.9643859267234802
9ac178b1-4ca0-4ac9-b737-403f8a178c48,0.8656178712844849,1.7689660787582397
9ada7dfc-774e-4f52-ab80-f8df36c80540,0.0,0.0
9ae104a2-43c4-42b0-b252-9605a2f38185,0.0,0.6199286580085754
9af3deeb-a225-4b40-87ad-fc9d6a715b24,0.0,0.0
9afcd19c-4059-4f25-a732-39dcc5554998,1.1637650728225708,2.7673144340515137
9b015aaf-8013-4bf7-9505-de3a6ebab757,1.4445881843566897,3.0216879844665527
9b01ec7a-493b-4f12-b3d2-ebf1f18ac234,0.0,0.0
9b0af747-cddc-4231-88a8-9f86ff79f9ec,0.560024082660675,0.685560405254364
9b1a0101-b698-4a65-a59d-748f5a8bb9c4,0.0,0.0
9b36425b-6d08-4011-952e-c96e53b09490,0.0,0.0
9b3b7cbc-034e-4cee-969c-1f677dbf34e5,0.5801186561584473,0.7093199491500854
9b564321-0c82-44ce-a036-b92b87a327e5,0.0,0.0
9b7c1aba-4a92-4a91-83c3-6d0dd7086f91,1.558305263519287,3.1363353729248047
9b884acb-3add-4b95-9023-6f5ac6238da2,0.0,0.0
9b90581f-2065-4d55-88c5-1f16015f2273,0.0,0.0
9b936fd9-1251-4388-8eaf-b0b8f6b03d8e,0.0,0.0
9b94081e-1cbb-48d5-b7da-2decdc9a849e,0.0,0.0
9ba7022b-b12d-42fb-9db2-3a988e7e5783,0.0,0.0
9bb4187b-98f4-463d-a728-0a2e223048a9,0.0,0.0
9bcb0661-8c6c-4b6f-8d1f-9b47087131a3,0.0,0.0
9be929a2-286e-4876-bbe2-cf5e02e60b0c,0.0,0.0
9bfc0ecc-e12b-41fd-9b84-92b6db73dcf3,0.0,0.0
9c19a802-9751-474f-b7ef-53c8eba41c55,0.0,0.0
9c3281bb-5e2f-4d9f-8fda-9c26b86aa7e7,0.0,0.0
9c419256-02ca-4b7b-a22f-2c9be43854da,0.6900940537452698,1.6274924278259277
9c5787a0-fab1-4fb4-a48d-6d6417fb0840,1.7109745740890503,3.443974733352661
9c63123e-de41-4c0e-ba37-adba6a17309c,0.0,0.0
9c902277-05a5-4d10-ba43-a6fa4d625312,0.0,0.0
9c94a1e8-bfbf-459c-b9bd-5cca5ff23457,0.775374710559845,1.5904359817504883
9c9e7741-57c5-4313-8e20-97cf24650791,0.0,0.0
9ca84f09-4ab5-4984-8262-8c47af8bd17c,0.0,0.0
9cb3ed12-ad82-473d-b3c9-749025875ff5,0.0,0.0
9cb998e8-05ee-4eed-bcb6-7be6e802ec1f,0.0,0.0
9cc82a67-be9c-478b-8e41-25e622a0871b,0.0,0.0
9ccc62fc-23ed-479b-99af-d898ceff7886,1.055258870124817,2.3019347190856934
9ceebe5b-2f98-47bd-8a78-547fcb61ef45,0.0,0.0
9d5c7a4d-d05d-448d-ab3e-1568227be48c,0.0,0.0
9d608af6-a1a4-48a7-acf5-ce04c8235b66,0.0,0.6274489760398865
9d70847d-8bd8-49e4-9ac0-1f10cbb96113,0.0,0.0
9d74b2e6-6470-485e-89cb-9036decf764d,0.0,0.0
9d75d736-460d-4f16-8f0d-3906abb86984,0.9593574404716492,2.129152297973633
9d789025-9f73-474e-9ddf-892095dd7cfa,0.0,0.0
9d7eb394-342a-4fb8-a631-f4264a8633eb,1.4344580173492432,2.4944941997528076
9da94ddf-198f-4269-999d-55bb92b09164,0.0,0.0
9dd081f5-4dfc-4bb7-80ec-4685c982fc1a,1.2179111242294312,2.343097448348999
9dd726d2-6aaa-4dd6-81c9-82215c61d203,0.0,0.0
9de13b9f-1ed9-45d0-be35-7ec28470eef7,0.0,0.0
9de275f1-e92e-4bb3-9ec4-0975748e2014,0.0,0.6376621127128601
9de29b77-37e3-4aab-8449-67353ec119b1,0.0,0.0
9dfa6a52-aee8-46e3-892b-da76fd238f4f,1.468960165977478,3.0751330852508545
9e0a0599-4b84-4c75-b07b-b3cc6234f67f,1.202736496925354,2.239999771118164
9e27d3aa-6437-4aab-83c2-cea9fdd4412c,0.0,0.0
9e4c61ba-8f13-4112-9115-fb7f48c5b811,0.0,0.0
9e55c10d-a88a-49f9-8a22-7870b9dbfe8f,1.3782987594604492,2.3058390617370605
9e6efe03-6ce9-403b-a0ec-2aebb51d0341,0.0,0.5527588129043579
9eb90965-dc98-41bc-bf48-e60167122246,0.0,0.0
9ed3a8b3-bbdd-4ba6-8086-62ffcb95c756,0.0,0.0
9ee1ed64-e8ad-4f81-bfa3-1cae5a0dc6ca,1.4242770671844482,2.936774969100952
9eec41bd-cca3-4cd1-830c-3a769134552f,0.0,0.0
9f046ea8-4801-49c9-9c53-8efba0387efe,0.0,0.0
9f0ea556-63ba-46e9-b429-9cbecf776b3f,0.0,0.0
9f164739-eec8-4e94-a220-af44462a4256,0.0,0.0
9f561d37-ba05-49e4-ab1c-093fa11960f7,0.0,0.0
9f5b2f6a-98a9-48e9-8472-445c0db9f4bd,1.5156718492507937,2.660142660140991
9f68f2fd-bcb4-4155-a59d-6754ca15d6c8,0.0,0.5219072103500366
9f6a0ed6-b3cd-456a-8686-45f41d7a25e8,1.3645412921905518,2.9049224853515625
9f8881d1-6d10-4460-a37a-cd3a69344cc1,0.0,0.0
9f8a9294-7387-4d7f-9329-ffe9dad214bf,0.0,0.0
9fb240ba-fb12-4384-87e1-b6b4169f9a35,0.0,0.0
9fb2bf33-8ec7-4fcb-8a54-85d099e4412c,0.0,0.0
9fb3f105-2a1d-4689-bde5-6c12f8b38a10,0.0,0.0
9fc3a570-f348-40d6-8609-1fbc98ef5fe9,0.0,0.0
9fe0fcb9-cd41-4f3f-96d0-a817e57ee259,0.0,0.0
a020581f-f8ac-4d04-ac97-8ed6c0a5e335,0.0,0.0
a0383f45-7f15-462f-ac66-d90b053c7f4d,1.4222337007522583,2.9539356231689453
a0581c46-d2c9-45f6-ad39-2d681d1614bc,0.0,0.0
a064543c-1b87-4362-bc4d-8b2e2b18116a,0.0,0.0
a0a19a21-9e8f-4bc1-97dd-57839d6c328b,0.0,0.0
a14a1779-7034-4228-91cf-aec7d406ff38,0.0,0.0
a14c7a28-7bcd-4cfb-ade6-726110b00f30,0.0,0.0
a1687d7c-db14-44c6-9288-43de553cf31c,0.0,0.0
a1988daf-ab3e-41e1-aea7-672a24e6adf6,0.0,0.0
a1e03259-e8b4-48e5-8491-e254d93d7ce0,0.0,0.0
a1e2eefd-f5ad-4149-bf74-459dc6118e21,0.0,0.0
a2002281-81a9-4c97-bbf5-6bf6f6ae3a67,0.0,0.0
a21b255c-f833-4ac5-b482-e8e4c064b627,0.0,0.0
a244471d-44f4-4b97-9f20-57bf6cb7e42e,0.0,0.0
a256a3f7-26ed-4314-96d1-d0bc5faa87bc,1.131838321685791,2.280874013900757
a2596192-76f4-40ee-a4b1-331a3b7611b0,0.0,0.0
a291222f-fc93-4362-8140-ff4b9e2dcbaf,0.0,0.0
a2c27e50-9b0a-4b0d-959b-a122157415ff,0.0,0.0
a2d7d9d5-d0f5-4193-9ec1-c3a760040e4b,0.5541199445724487,0.6780704855918884
a3437bca-feaf-4d9d-95d3-577967b64dbb,1.491779327392578,3.157132625579834
a3570f09-a7c7-45b5-a5db-6224a4f20562,0.0,0.0
a3580917-38a0-4343-934f-b8a239605914,0.0,0.0
a35fe44b-4120-4373-b613-1273cc26d60c,0.0,0.0
a365949e-b8e7-492d-85a5-9a0585369ef5,0.0,0.0
a3669c1c-74fc-48e2-918f-476ac63f7134,0.0,0.0
a387b234-e087-4613-b6e2-a865c5249c50,0.0,0.0
a3899fbf-3bb3-42d2-b212-7f5f7ff5b2b5,0.0,0.0
a38f3bf8-4c69-419f-970b-8d7100590979,1.091073989868164,2.3627066612243652
a3b1f418-5784-43f7-8fd8-8b802e37a087,0.9587730765342712,2.046304702758789
a3b2c5b8-6edd-4ba3-bde5-1b0691aeb9b8,0.0,0.0
a3c65f2b-2316-439d-9203-9cf31ab470f4,0.5683424472808838,0.9473681449890137
a3c84b07-348b-45e3-b3f4-095839aa1cdf,1.049388408660889,2.119412422180176
a3fef994-27ba-4528-b7ec-fea61b9cdb7b,1.0835962295532229,2.3391616344451904
a401e095-0c25-4961-a799-d4004989c692,0.0,0.0
a4054ea6-6ac2-4818-89b2-7de4d2b9af4d,0.0,0.0
a417cb1e-13da-4027-8e99-6952af22805b,0.0,0.0
a42ad50a-22ea-4e25-805a-f04b76c1b1b8,0.0,0.0
a44317ee-6440-45aa-8603-76df0fe24090,0.5770605206489563,1.4745172262191772
a4656056-7304-4c53-9c9f-0ba9b464099e,0.0,0.0
a47ecd4c-074c-4b1b-ac4e-c28cca75f82c,0.0,0.0
a4acdd09-eb32-4cbf-827d-afd285eb3c43,1.056142807006836,1.751336932182312
a4cf7c3a-1b43-4690-87bd-51455266e85f,0.0,0.0
a50802ab-83a8-4327-aff6-dfb57c1f0d13,0.0,0.0
a51d258a-a74d-4885-b673-4e2a00e38f91,0.0,0.0
a52039b1-faeb-4eec-9337-530c54c8aedc,0.5375931262969971,1.067309021949768
a537a9e4-0153-41eb-a6e9-d47bec857789,1.3892446756362915,2.7547552585601807
a5387ae4-9b73-4d92-bcbd-da4b9c00801f,0.0,0.0
a5432cfb-baa4-4f93-9f55-e182e5f761cf,0.7433974146842957,1.738015055656433
a593948e-e630-4418-a0c9-4f0720500683,0.0,0.0
a5c80c5d-bb3f-4535-b2a8-6117aea8b4a1,0.0,0.0
a5c96aae-9518-4b80-876f-8e77e8aeb4a0,0.749355673789978,1.4465094804763794
a5f2c32c-7d9a-475d-8ecc-e381fe634825,0.542334258556366,1.0409936904907227
a6205c5e-ad34-4ae7-aff2-c2a771d2b147,0.0,0.589131772518158
a6308e91-e7f8-497c-a706-869144ab3201,0.937631130218506,1.6146148443222046
a65d7a83-c7cf-4e9c-9ffb-0b4968d57ff4,1.5468381643295288,2.537874937057495
a665c3dd-79e3-4d2e-9ce4-77b46cbc3547,0.0,0.0
a6993dda-e543-40cc-850f-883a77d02eff,0.0,0.0
a6b2aac2-29ad-4e23-9046-174153f494c2,0.0,0.0
a6c4ec03-6e32-4ba0-9c88-ae44b3bdc1b2,1.6312042474746704,3.3399336338043213
a6c73981-041c-4e1a-8487-d37f13ecbcd9,0.0,0.0
a6ce8536-bc08-4db4-a4ec-69eab99e5514,0.0,0.0
a71a0850-b53f-488c-b3bd-571ecb4deb00,0.0,0.0
a71f0ea9-c01b-4520-a0a7-1b5c5bf8e336,1.394886136054993,2.9479849338531494
a74ba1c5-0d48-4606-a5bb-f2662cfc5695,0.0,0.0
a7a40440-878c-452f-93fa-4624dbe41bcf,0.0,0.0
a7a6bbb5-20f0-48b7-ad25-39b5764ca105,0.0,0.0
a7c62e30-08bd-402b-b545-74cac54861be,0.0,0.0
a7c8b1d4-2cb5-4241-8a5f-21f79f5cf1c0,1.3761448860168457,2.8031389713287354
a7d5bb67-cd53-4ecc-b399-abf9057d83c0,0.0,0.0
a7db0085-2470-46a1-879e-02ac80dd5b91,0.9593441486358644,2.0982842445373535
a7ef4fb9-a99d-47ce-8317-3a1828ae8414,0.5466915369033813,0.64752197265625
a7f97cef-cb88-42d5-afd7-c2047d77e433,0.5833327174186707,1.1719273328781128
a8013a12-7874-447b-a53d-f220911bb685,0.0,0.0
a81778a3-7d2d-4c42-991e-50f57c656cd9,0.0,0.0
a82b5235-30d5-440f-a1cf-13144b5f1152,0.0,0.0
a84d1739-7f94-43d5-82cb-fbc0880d7dd4,0.5759779810905457,0.7041720151901245
a86b9b5d-e9d4-4757-bf87-003a338c6509,0.0,0.0
a87b726a-a482-44f2-9ffd-5b447d50df6c,0.0,0.0
a8d27fcb-4865-4792-9b53-36c00a052743,0.0,0.0
a8dc90a6-231e-434b-ba20-811fd6b39826,0.0,0.0
a8f3bfca-240e-48d9-a3e7-7e5ee0f012f4,0.0,0.0
a8fcb56c-6911-4e86-afbc-cd224251d5c3,0.0,0.0
a91f9a0f-64e6-455d-abb2-9f050b666cd4,1.4263461828231812,2.4763617515563965
a92c25c2-d767-4099-b28b-b5644a68db23,0.0,0.0
a939cff8-c1ea-4cef-b82c-950fc3de5459,0.0,0.0
a99749fc-a72e-40f8-8e10-7038c94bac22,0.0,0.0
a9d28e8a-0fac-408c-98c7-c81f5bb5d3eb,0.0,0.0
a9e45c46-527a-4ec6-8ad4-d83c474d100c,0.0,0.0
a9ee5efc-723d-40d4-ac6c-ffbe884a24e6,0.8149782419204712,1.8601019382476807
aa005bec-74aa-460f-9fa6-068821a26ac7,0.0,0.0
aa0805da-1a08-43be-8086-0ccf0e1d4773,0.500882625579834,1.0060440301895142
aa24ac99-b97b-4a7b-bd30-744ae09b9e70,0.0,0.0
aa25f268-9aa5-4a16-9f55-caf02e62a21e,0.0,0.0
aa413bf5-c38f-45b2-99ba-baa42b2a0792,0.0,0.0
aa5d1e00-9649-488d-b6e3-fbca537290e6,0.6982306838035583,1.4015339612960815
aa6b0139-fda2-44a9-b0e9-3e72b5aa3569,0.0,0.0
aa6e27e6-6ee5-4f00-b428-c639acd0933e,0.0,0.0
aa6feaed-4acf-4010-b093-df6a67b8dd1f,0.0,0.0
aa87dd37-fa79-471e-8ba5-004fbfadcb0b,0.0,0.0
aa9145f1-380b-444b-87c9-0ce72fadef5f,1.43126118183136,2.690157413482666
aaa76e3e-5ac2-4d5c-94d8-75efcdf57d45,0.6226642727851868,1.1783933639526367
aab290d5-0c48-4b69-b6a7-5c4a6c889b86,0.0,0.0
aad78305-f80f-4d97-958a-0040d58b6164,0.7875789999961853,1.924426794052124
aafe73d5-529d-4f0b-beeb-8e1044450ba8,0.0,0.0
ab0663e1-f7af-4579-9208-139ad8da34f7,0.0,0.0
ab2586bf-2672-4885-8a89-638fb05611f4,1.5229476690292358,2.5478274822235107
ab4910a7-2567-4a1b-abf9-c609891719a3,0.0,0.0
ab54f2b4-a3fe-42d0-b25b-89706ca15a5d,0.0,0.0
abb1c87e-6389-402f-bade-7635ada68c34,0.0,0.0
abb709b4-e836-48ed-b524-573fa4b6e03f,0.0,0.0
ac0a8b4a-5f16-443e-86ea-400841edd271,0.0,0.0
ac106f67-a559-4188-8be4-243962866061,0.0,0.0
ac14d3db-d6bd-442f-9107-813eee67c122,0.6833934187889099,1.1933269500732422
ac1521fc-2dba-4f6b-a2e7-fcddbd46d199,0.7029470205307007,1.2097965478897095
ac2b0c39-6d07-40f4-b07d-219bf1e39d51,0.0,0.0
ac434c48-ff71-4d59-9ba0-2bf8070b9e76,0.0,0.0
ac4d7ea9-0bd0-46d8-88b6-c8ed4dd045cc,0.0,0.0
ac82e818-e999-4b48-a4b0-1c41d01956f7,0.0,0.5062074661254883
ac94555f-ad17-4b8e-8784-997199f7a460,0.0,0.0
ac9a2644-5462-4b0e-8de3-687df8a3c5ed,0.0,0.0
acab444e-2dcd-4d44-b9ca-9fa26375c8be,0.0,0.0
acc02a9d-7e9f-4b8c-9423-10844232dbc2,0.0,0.0
acc04b90-0201-4435-bc0e-4d1d49c893d6,0.0,0.0
acddfa76-a045-4085-8dc4-c9c606223ba5,0.0,0.0
acea7dda-1dc7-4097-9582-3975cbd545bf,0.5480968952178955,1.1520694494247437
acf9336e-3d4c-4c6f-a109-45a28462176f,0.0,0.0
ad068d04-634a-49df-8c60-97a0466b42e5,0.0,0.0
ad34eb86-8710-4ba8-ba7c-6a41056b84e7,0.0,0.0
ad35d0f3-d0d4-40dd-a2fc-30eb76b2886a,0.0,0.0
ad5b1dbc-ae96-40fe-9cc5-409cbd593e7e,0.0,0.0
ad6995d3-f444-41b3-848a-53316f485532,0.0,0.0
ad73dfa7-d127-4c4c-9319-f54a47ddbbcc,0.8993024230003357,1.8154525756835938
ad8495dc-950e-4498-b067-e3a4a00dda5a,0.0,0.0
adb48b7c-f6c6-4b46-b6d8-f230a948e7e1,0.0,0.0
adbd569d-33d6-416f-908f-944c22f6c6de,0.8852142095565796,1.851118564605713
addeef81-443d-4d63-b1b5-cb3c647d23c2,0.0,0.0
ade1b009-69d3-4595-ac42-ab40d29c916d,0.5036793351173401,1.3565888404846191
ade35398-2ee7-4684-8edd-abc56c157650,1.6535416841506958,3.336402416229248
adeba3b7-29fb-46a5-b233-78df04737240,0.0,0.0
adf0edc8-d817-4cc0-9af7-f3f243f4b10b,0.0,0.0
adf3f14f-ad93-482f-b562-e5c8b2bc0f06,0.0,0.0
adf4f531-5dc1-4b27-b608-7cadff395ed4,0.0,0.0
ae41278a-174d-4f78-8c13-9422390d8fca,0.0,0.0
ae4986bf-f8ff-429e-8596-6442bf70159c,0.0,0.0
ae499f96-e550-404f-be1a-4e7148c986cb,0.0,0.0
ae4b24b5-da4e-4d12-b1dd-d5d534e7d024,1.248042345046997,2.552042245864868
ae57f1e4-5508-4d51-b447-35e7c75def33,0.0,0.0
ae7603ca-8b79-4b11-ad57-028589b8626d,0.0,0.0
aea21614-5936-4d6c-b07d-eddf58ecdebf,0.0,0.0
aebf9d1a-48b8-4e02-8235-3ac307e20a76,0.5621144771575928,0.7272374629974365
aec080a8-19cd-4161-abaa-59ad222f1a0c,0.0,0.0
aec2dfe5-6ea5-418e-8b10-f6dfca9104eb,0.0,0.0
aede94d4-3fbf-4ba0-b14e-5d360fe9d654,0.0,0.0
aef817d0-003b-4b16-92ce-f5e274701fa0,0.0,0.0
af05bc86-05c7-4fe5-8fa6-a3e44cbc1cb2,0.0,0.0
af2d4d08-b4c9-4a8e-8bce-0b8c35dbbc5c,1.1370584964752195,2.190000295639038
af372bb3-d1f8-4b3e-8216-f9faafcf13f4,0.7286356687545776,1.2264705896377563
af541381-450e-4606-ad4c-69cf559cd2ce,0.0,0.0
afadb844-d4d6-468f-bc8f-486d0ddb9c7a,0.0,0.0
afb81d52-8111-4138-a50a-48b9992269a1,1.0799545049667358,2.3811137676239014
afc76891-7a92-4815-b486-1d744b318ff7,1.3803870677947998,2.3504936695098877
afeb112e-a480-4d57-ba54-e48fc457b5d7,1.3601386547088623,2.303650140762329
b000c38c-7178-4405-83f1-f6844bf96aa8,0.0,0.0
b00c9e23-535e-4aea-92af-cc46632f6a90,0.0,0.0
b02c03bb-cb8f-42da-baf7-9279c832f662,1.2287732362747192,2.2517027854919434
b04e91d1-9253-4dc8-a87a-081e44a384d9,0.0,0.0
b0519221-0bf3-4953-b18c-477a99050f45,0.0,0.0
b051d862-cf56-4283-9a70-2b80f33e76cb,0.6202117204666138,1.1511255502700806
b058f1fa-093f-41ff-928d-617cc53ea220,1.433186650276184,3.1689329147338867
b064b22b-d205-4d11-bbc5-6492f8bc967f,0.0,0.0
b0a23f41-33de-43b3-8c63-722de893a5f3,0.0,0.0
b0ab0b60-d60d-4860-b19a-cfbbe6ffd08e,0.8268216848373413,1.8317348957061768
b0c29759-a48b-4129-9b94-1d38b528cfc0,0.0,0.0
b0ca9f90-8463-4841-a3a8-396ddb8f4804,0.6410097479820251,0.7867197394371033
b0fadabf-5162-4af7-865d-c47df84ced84,0.5496994256973267,0.6371414661407471
b11f263c-5530-4677-9065-fce9bd17d91e,0.0,0.0
b123a206-d9ab-4720-a337-ccaf6b0dc7b5,1.1012487411499023,2.216223955154419
b13275f3-ad95-4af7-8f53-735c8f508b13,0.0,0.0
b14e33fb-fd4a-4ba2-8eb9-3324997b6479,0.0,0.0
b1b49351-849d-42bb-9ee7-2eb6617f696e,0.8401387929916382,1.7449285984039307
b1b5461f-09ee-4012-9e8f-f6df1d228244,0.0,0.0
b1cbde48-6e9a-41ae-9da2-9cd6ac24aece,0.0,0.0
b1db9170-61de-4e9b-83ed-d190b5432b84,0.0,0.0
b1f06692-eaea-4154-93cb-038b4da26207,0.7139599919319153,1.2489887475967407
b1f7ec05-124a-42c2-bb26-ab938052b7a3,0.0,0.5132203102111816
b20f2731-881a-4225-b71b-157583f70010,0.0,0.0
b213e759-e2d6-4010-8e9b-a87b1fc2d20d,1.298311471939087,2.4148759841918945
b2188b9f-8d39-4112-abb9-3590c441d0ce,0.0,0.0
b21b132b-389e-4436-93fd-c59b84a53ef1,0.0,0.0
b2259ccd-9068-47e6-986a-12ec931166db,0.5910181403160095,0.722881555557251
b2428e5b-3be2-4be5-ac25-cd6fd9a70f4c,0.0,0.0
b24e1571-74db-4fd4-8d05-fbb75469053e,0.0,0.0
b25b8986-3602-4332-9440-68cff1294987,0.0,0.0
b25c6b6f-546e-42c0-9e50-ca5d93d343b2,0.0,0.0
b2688a8c-6575-4314-9056-0f67202a67d3,0.0,0.0
b26e38a1-a166-47d3-abc3-36c40ab6ff5a,0.0,0.0
b27ce879-1ec6-4ef7-a5d2-b4038cdb3f3c,0.0,0.0
b2806c36-2d9b-4f94-8491-117ef52f77a1,0.0,0.0
b288ec57-46fe-4a46-b2f8-0a835de86d14,0.506060004234314,0.6334218978881836
b292b031-0386-4fbc-a49e-da47ecb094b1,1.2990649938583374,2.1717820167541504
b2d17c84-2b39-4ef8-8e95-1fa0a65d07be,0.0,0.0
b2da8685-406e-4467-a417-ba407d2bc39f,0.0,0.0
b2faad5a-40ee-4d8d-8a96-6d0fee3f363b,0.0,0.6708340644836426
b306cdef-ead3-443d-8ac7-2f62f02dfaa2,0.0,0.0
b308b610-951c-4467-8486-6c9d3c7c480e,0.5879287719726562,0.9461785554885864
b3459b46-eac9-48c8-8d65-ca471e545932,0.0,0.0
b3557102-faf5-43b9-8b9a-5260c02803a4,0.0,0.0
b36b4f7d-8bad-4e24-892a-31b9706ab7bf,0.0,0.0
b384726b-4102-44f7-bfc4-a6a5b8e60a65,0.0,0.0
b3b172e4-a83c-4ba2-9787-218c887edeeb,1.1982223987579346,2.4470906257629395
b3dc83cb-e589-4c5f-9c3c-afeae257d4b7,0.0,0.5583786368370056
b3e21322-db34-49ee-9a0a-5bd0e9ddf4d0,0.7276738286018372,1.2247271537780762
b3e53976-d1d5-43d4-b52b-7551f3455d87,0.0,0.0
b3e5a34b-ab45-40d3-9577-fc6d8a4be9fb,0.0,0.0
b3e7aed8-6e17-4825-8313-2a0efc55e0f4,0.8883461356163025,1.9924087524414062
b3ea67dd-404d-4045-bc9d-345a1e863bf5,0.0,0.0
b3f3ee17-f3c4-4938-ac73-f3a7de1e0bc5,0.0,0.0
b40b7e62-7a90-4d73-b5c7-6c15ebc68608,0.0,0.0
b42d5618-d2f6-4456-b75d-ff65c588b32e,0.6846081614494324,1.2416958808898926
b47e4f12-b90d-4a93-8825-b67986485790,1.3682429790496826,2.717085838317871
b48ad7d0-9eb1-49f7-b411-7fae7a45f48a,0.6269758343696594,1.013877511024475
b4a85220-cf0c-4679-b9fa-7934ad017903,0.0,0.0
b4f00789-85b8-41d3-92d0-ccc62581dbd1,1.3173131942749023,2.4640679359436035
b4f70538-d9ca-4762-98ad-c614e1aa2d70,0.0,0.5457502007484436
b5014ead-cdf7-4798-85a1-8b6ce7164440,1.6122961044311523,3.2802138328552246
b51d539c-aade-454d-9546-8c33200758d6,1.2091143131256104,2.6195242404937744
b58cf03a-722e-4dcc-b897-4779a1d753fb,0.5641628503799438,0.7073368430137634
b5bea024-8df3-441f-bf47-9494eff64252,0.0,0.0
b5cefda0-8e8f-40ac-b6ea-ce40d207c251,0.0,0.0
b5e9039e-001f-4da1-b84d-a02612a06da6,0.0,0.0
b605bb3c-2192-4416-b190-3c93ff8586f5,1.209389567375183,2.1114773750305176
b608b295-57ff-4070-a83c-4ca9a735269e,0.0,0.0
b6719ca8-ad65-48cc-8118-c053d25a492f,0.0,0.0
b67f0137-7b80-464c-8c41-29af21da3245,0.0,0.0
b6b0b04e-ee8d-42d1-988a-2cfaa1b20baa,0.0,0.0
b6d97e0d-3b59-4dad-a462-98758b130b0b,0.5871316194534302,0.7245866656303406
b6e6e74b-df42-4c1d-abb6-7a0e63f72e47,0.8426908254623413,1.6084051132202148
b70a6b96-1515-4b5e-83ac-acfaaf80a45a,0.0,0.5532432794570923
b7763080-bd4b-4160-a406-9160664119f9,0.5150183439254761,0.8197886347770691
b77fcbdf-5dfa-4531-90d8-a25f734b6641,1.3078877925872805,2.7984211444854736
b7b9112b-18a0-4c0f-b6eb-dfe8d2370eef,0.8034770488739014,1.5549612045288086
b7db1a07-529e-4f9d-96ba-2194d7026a87,1.0264631509780884,2.2634201049804688
b7f64369-4493-4d50-9a69-a737b7d1541c,0.9320511817932128,1.7944486141204834
b7f8cf27-c686-4cc5-a34e-df858faf98b1,0.0,0.0
b8129834-a00a-48ae-bf70-9199eb7511a5,0.0,0.0
b85f2636-d683-4277-8a92-250b723a9cb4,0.0,0.0
b8800190-0387-4a89-a166-2eb9c0525474,0.0,0.0
b881a682-b50e-457f-89fa-efe039fc85c2,0.0,0.0
b8a0f8b3-a621-4d11-9609-868489e250d0,0.0,0.0
b90384f0-4453-4dc7-aa9f-0a98eb204386,0.0,0.0
b90e5f40-b666-4087-a624-c60d9003949b,0.0,0.0
b92a5ce6-6cda-4a8e-b18d-adbd6e811754,0.0,0.0
b940bdfe-c26a-41b8-a508-502c4d3a3785,0.0,0.620154619216919
b943c1f9-ba88-4d89-a2c8-797dc8fbacab,0.0,0.0
b9504061-1ea5-4af8-83e3-52f43f08eed6,0.8230609893798828,1.575789213180542
b9690882-4a64-4e8e-a630-74df74e879dc,0.9156275391578674,1.893366813659668
b98d8988-a12c-43ab-87c1-56c6cc101973,0.0,0.0
b99be893-85b4-4696-aeef-814023c8baa6,0.881167471408844,1.661717176437378
b9b8d6eb-9f35-49bb-8f10-a8315d37c7f4,0.0,0.0
b9ded399-edfb-4abd-8c76-9637d650f00b,0.0,0.0
b9ef8775-e15b-4231-9d0a-0590825cd3ed,0.8086675405502319,1.650529384613037
b9fb895a-523d-4528-a68e-3aef8d10b1ca,0.0,0.0
ba2cab4a-5fb1-431a-8f96-b8312242f408,0.0,0.0
ba385d8c-0606-49e6-859f-b322f8f79cd3,0.6109684109687805,1.0910427570343018
ba790d31-bd54-440a-9554-a51e93cb85ae,0.0,0.0
ba7d2631-008c-4c60-9e6d-990e57f7b0c7,0.0,0.5597692131996155
ba7e0585-cdad-4dd9-81e3-4a9ebe24c8ce,0.0,0.0
ba854bdc-c091-4484-92d0-5b0e55e8cd70,0.0,0.0
ba8e76ed-fcd0-4091-8403-2d503a049b5f,0.0,0.0
ba944305-665d-4f4c-a200-cca521d74df5,0.0,0.0
bab7a29e-3476-4191-9216-c7a098eab020,1.5985455513000488,3.522249937057495
bac292fe-e4f6-42a6-ba26-c1416db7935d,0.0,0.0
bacd2836-77d0-41f9-a5a1-b526f5edba43,1.103039264678955,1.7845051288604736
bacd31ec-8192-4000-a8ac-c0abaed42c00,0.0,0.0
badd95b5-3120-453a-b3eb-7932ad57670e,0.0,0.0
bae0749b-08bb-4263-886c-642ad7761ceb,1.374437928199768,3.001786470413208
bae0fc99-71d5-44f1-8c3a-0e2d4c853e85,0.0,0.0
baeb3a22-0ab7-43cd-ac07-b4946c193450,0.0,0.0
bb060532-fb5d-4b03-82f0-b8c8c8d25446,0.0,0.0
bb07b5d7-595f-44f0-92d6-b46b675e3fa2,1.3072401285171509,2.6159896850585938
bb1b6cfd-9270-4838-b4da-5dac63d981f3,0.0,0.0
bb265c1e-81f8-47ac-8d8e-c624dc51e797,0.0,0.0
bb307396-306f-43bf-9e5f-506b282b8749,0.0,0.0
bb58661c-fdf4-4f94-82e1-8b16db5f2cd5,0.0,0.0
bb5a97ff-964c-493f-ace6-9f651b78cfc2,0.5436152219772339,0.6598247289657593
bb86f6e2-2eae-4d2e-af10-aad14f516a3b,1.4292323589324951,2.3265419006347656
bb98d5ed-a10a-4bdd-8ce4-17452f646132,0.0,0.5001119375228882
bb9b67ea-d315-4fb1-9cc6-8e37291099aa,0.0,0.0
bba02548-1a66-4836-9fa0-d8126553f319,0.7173647284507751,1.4846287965774536
bbb2f327-eba0-4875-b3cf-924dd47cf142,0.8938199281692505,1.751784324645996
bbbdf931-bef0-4878-b83a-af02a7f2a99a,0.0,0.0
bc01e7ab-27ed-4252-aab6-82c181744aa5,0.7085866928100586,1.6456053256988525
bc293b0c-76d2-4eab-8c94-43d1f91731a8,0.0,0.0
bc35dba3-fde9-4cf0-bb14-eaca54590f4f,0.0,0.0
bc4d004b-64a2-43d2-91c9-0b6021658409,0.8599522709846497,1.7917314767837524
bc631aa2-839d-40ff-a503-f512fc8b35f7,0.0,0.5525830984115601
bc7973e6-c301-4d98-b681-605ca8046ce8,0.0,0.0
bc8b8931-2bb0-45fe-800e-0d3b10a4709b,0.0,0.0
bc901384-ae8f-43ad-9755-7aa029d75861,0.5815494656562805,1.1352888345718384
bc9fea1b-cbc6-41e5-bff5-36e403ab34de,0.0,0.0
bcbb2284-be44-436e-b57f-507519919c5d,1.2119094133377075,2.6657063961029053
bcd117d5-c6fa-4e0f-ac05-63b4874294b3,0.5257083177566528,0.6297500133514404
bcd9fa4b-5996-4ad7-8b4c-a23835e199e0,1.49534010887146,3.2136831283569336
bce09c7a-171b-4bf7-9b09-6b2f93997010,0.0,0.0
bce0e27f-97f8-43be-94ec-752b4a930268,0.0,0.0
bd1790f7-17de-41aa-9f09-578ccc11c5c8,0.0,0.0
bd4c0a05-1bb5-46ba-a455-c6144b16251d,0.0,0.0
bd4d9aab-3e23-4d9c-a247-568fc5abcbaf,1.1427918672561646,1.939857006072998
bd6859af-00ec-4992-a60e-4a5e8383261b,0.0,0.0
bd6f7057-a097-4b3f-a178-a4cc4d21f1ef,0.0,0.0
bd73f47f-416e-4dde-9b74-fe3b8d5f979d,0.0,0.0
bdb68485-5d52-4a9c-81d7-9926d52e354f,0.0,0.0
bde98cbe-40b1-4fcf-a094-06048ecf81b4,0.0,0.0
bdf5a47a-835e-4230-92e9-377b2c2843c9,0.5405012369155884,0.6402661204338074
be16dd6a-a52c-433a-b59d-3b02aaba7057,0.0,0.0
be2c58f8-ddb3-426d-8fd3-5dbbe5ae68e6,0.0,0.0
be2d1d52-46cb-4fab-a610-d0021fba0785,0.0,0.0
be433144-a33e-4456-adb9-136696df544a,0.0,0.0
be72e51a-52c6-4b06-b00a-3cab150736e3,1.4300026893615725,2.9227921962738037
be7a33b2-e0bb-433a-a871-003ab6964b6a,0.0,0.0
be94e658-e0f6-422b-a575-26663e863334,0.0,0.0
bec00cbb-199d-4412-8c9c-74de60ab5d49,0.5287319421768188,0.6782838106155396
bec5f6df-d3ce-43c4-9a7f-2eed39e8d34d,1.0639219284057615,2.3151931762695312
beeed516-f9d8-4589-822c-a4528a2e4f61,0.0,0.5233860611915588
bf3457f1-7cc0-4db6-9703-1d59d8dba1ab,0.0,0.0
bf4ede63-ffe9-4fdf-8319-d0c0a4f20133,0.5534660816192627,0.6456103920936584
bf73869c-a949-4922-aa38-fdde66d0d6e5,0.0,0.0
bf86b15b-08c1-483a-9faf-01f7453e7342,0.0,0.0
bf87eb37-c9d6-4d08-b681-16a4dee2ded1,0.0,0.0
bf979eb6-0a76-4ad0-b9a3-67312ab66c28,0.5243239402770996,0.6236438751220703
bfa73b25-15db-46e5-be27-abe5dfe59e12,0.0,0.0
bfb0b1c4-73f9-4513-bd94-8c2d031e8eee,0.0,0.0
bfc5cee9-5ac6-4912-b764-7607f15e41bb,1.0269349813461304,1.7094131708145142
bfd8f4fe-c563-4b89-b40a-ce0dbe6146a8,1.3796125650405884,2.5623879432678223
bfd99456-1881-42f0-b893-c89285e7b099,0.0,0.0
bff53b3b-625f-427d-a459-40f25054232e,1.4498445987701416,2.9229724407196045
bff75018-09c5-4354-a6ec-16d168c598c6,0.0,0.0
c01bb766-5922-4f21-b9d8-2501ae838cd6,0.0,0.0
c028ad3c-6dfc-405f-943b-2578cb135f91,0.0,0.0
c03070c3-8458-4b77-8aa0-41d9f7e64fca,0.6907610893249512,1.63288414478302
c0416f0d-c3fd-4d4d-b23f-d7fbd2e3dccd,0.898256778717041,1.7832820415496826
c0520ea8-caa3-4276-818d-9a1568ad22af,1.112743258476257,1.8214067220687866
c0669f2e-bdca-4364-b4f2-53dc9181ab4b,0.0,0.0
c070ebe1-b2f6-41de-be5a-66211b67e749,0.0,0.0
c0a4b94b-d56c-4b4c-9468-6b7773b32b67,0.0,0.0
c0c0c3aa-e630-4b75-bc8f-28755e12e1d0,0.0,0.0
c0c76681-624d-441c-a1cf-b3d64b307d45,0.0,0.0
c0eea7cb-1661-4c98-a812-c9aab3c5171a,0.0,0.0
c10e87d2-a58f-4e88-9c55-24627581260c,1.196305513381958,2.8017542362213135
c11355ce-199f-4efb-bbba-065f112e3159,0.0,0.0
c12766d2-4888-4fc8-bbec-3cd949e15054,0.0,0.0
c12d5cc1-dddd-4765-86f6-fa10be25f62f,0.0,0.0
c137239c-6dfd-4f45-9425-45e72666d3a0,0.0,0.0
c14d9b08-b75d-4220-ba79-9346f4502694,0.0,0.0
c16a2083-32c5-462f-be0b-40fc4f5bdf1b,0.6387012600898743,1.2917819023132324
c178abba-a9bf-440a-baaf-e9b17dc8fafc,0.0,0.0
c1a22f10-ce0e-4b9a-bc26-b645496b24bc,0.0,0.0
c1b0a561-b120-42dc-8b85-5404992da582,0.0,0.0
c1bfc588-af7c-4424-93e7-20cf7662bc8f,0.0,0.0
c1d1dc32-1136-48b9-9a56-9dd5f689f4d7,1.1415822505950928,1.9059683084487915
c1dbe58a-79e1-484a-8509-251b7a835f6b,0.0,0.526012122631073
c1ec07f3-c7b1-4c51-9028-c2fbdb939f0f,1.185258150100708,2.39072585105896
c1fbf884-afc4-477f-aabb-85276f0229c0,0.0,0.6509892344474792
c20fd952-44cf-466e-8e3a-b6af49151aff,0.0,0.0
c2102d31-5a58-4723-af29-792a8144e25f,0.0,0.0
c22aae20-eeac-4fb3-b249-a22c1d0324c3,0.8166423439979553,1.460587501525879
c23adc32-2576-4f0e-a1cf-f2111fcb2919,0.0,0.0
c2616aec-bc8c-4673-8eab-35864422066d,0.0,0.0
c263487d-eca9-4d5f-b7ec-501624fe4926,0.0,0.0
c28ac6bf-0584-4956-8da8-6660228e0bc9,0.0,0.0
c2ab9cb2-9748-4d21-9e51-d5e21b529809,0.0,0.0
c2acfb5a-d52a-4cca-b73e-1ef7f367170c,0.0,0.0
c2ae9f05-6c04-42ff-8fbf-6794d760161b,0.5092511177062988,0.6338423490524292
c2c044ad-f1b9-4808-ba0e-b84a9fd225f6,0.5483878254890442,1.2899302244186401
c2dcb119-1756-4f33-932b-65882429f357,0.0,0.0
c300fb02-4c1a-47d1-9330-5aca682e7171,0.0,0.0
c32c4e6a-d369-4f58-a623-bdca19e73e62,0.6575964689254761,1.319793939590454
c333de0c-75c9-4389-8ad8-cc900cfb5fea,1.417984962463379,2.9895310401916504
c33503b1-d00d-457f-9964-911582959a4f,0.0,0.5009026527404785
c34cf204-0e11-4256-bebb-1bb506f8183c,0.0,0.0
c365219d-8257-4480-9b20-e58ed6d17057,0.0,0.0
c3798cef-6877-40b1-8f4c-87131d69b864,0.0,0.0
c3852c32-405a-444d-be06-a31cd362f34c,0.0,0.0
c3958ab2-4c81-48ba-931f-dbc54785030d,0.0,0.0
c3c7dbeb-8d97-4a44-a18a-ce04afd99d81,0.0,0.0
c3d74f67-f39a-450a-9aeb-7459591e2ebd,1.166588544845581,2.4582512378692627
c3f5ab46-589b-411e-81ae-d0831eae0189,1.59887433052063,3.214329242706299
c423bad1-d15a-49a3-b3fd-decd7ef7c7a3,1.5522443056106567,3.3500919342041016
c42fd4d3-55ff-4c34-ac83-48fcbd38ca13,0.9133074283599854,1.625996470451355
c43e096f-c334-4d7e-b076-80ae129c4ef8,0.9441525936126708,2.108616590499878
c4435ae4-fa4b-48a0-9aed-7b879ebd7e0f,0.0,0.0
c454c524-21d3-49fc-bf16-0c2f9f51f7ea,0.0,0.0
c458a3e7-42f2-41a0-a2ca-0044cbf792c0,0.0,0.0
c47a030d-ad22-4d77-92b3-2e32b8089344,0.0,0.0
c498a7bd-5adf-49c9-850e-396905f10667,0.0,0.0
c4be3e83-2194-4af5-88e2-e4c797095f6d,1.0814822912216189,2.183622360229492
c4d3794d-1122-48f2-ad05-c1ed97ec2f7b,0.7343820929527283,1.484400749206543
c4d7fb3e-5052-4da1-877c-b1e8514f14f4,1.1390122175216677,2.260499954223633
c4dc5774-7fe3-4335-80b0-a7f0e8e4b18c,0.0,0.0
c4ddb4e4-0978-4656-8c46-9d25f07e8b82,0.0,0.0
c4ebfe2f-b40f-4dc7-99ed-6ff69001cbb9,0.0,0.0
c4fe1ef0-aacb-4b30-a82e-a16acc789605,0.0,0.0
c5064c76-7a55-41cd-8fe9-f666ee6fd752,0.0,0.0
c5186f9a-8867-40d7-9759-43f0221d7b03,0.0,0.0
c5236aad-9e07-41d9-8571-bd7a27bdde8e,0.8216235041618347,1.642349123954773
c537d976-3932-40cb-9dc2-0ee5a7186178,1.7343032360076904,3.685591697692871
c54e9722-8880-48ca-8112-f9b11b5000b9,0.0,0.0
c5511318-537d-4b20-8644-388c0f141e63,0.0,0.0
c574d982-5dc1-474e-ac79-c835f579b6f9,0.0,0.5105363726615906
c5a3ef3a-41aa-4776-b098-1a2c21cde68b,0.0,0.0
c5b3b979-7dfe-44fc-8cba-c49f91d2c2da,0.0,0.0
c5d1eda6-5648-4f92-b58e-8fe652400260,0.0,0.0
c5d4432c-4ef5-4a7e-91ff-e5fa5c1e0932,0.0,0.0
c5df2fd9-6fe2-4ae5-b2ce-e0af89ab3ee8,0.0,0.0
c5e413cd-c057-45ed-9034-d6ac4e2aa962,0.0,0.0
c61265c9-a477-4bc2-88db-f11d9f8ed320,1.0332412719726562,1.8999295234680176
c6370e09-f20c-4699-81ae-abfa742b8ac0,0.0,0.0
c663f540-f415-49d6-94eb-9ac4cba7f6a4,0.0,0.0
c672d471-2833-4b44-90cd-0fff47def7f4,0.0,0.0
c6898210-53aa-4a76-9753-4b783f985949,1.399387001991272,3.070502281188965
c6a974c4-1757-4fa1-955c-e7733224a8f3,0.0,0.5154275894165039
c6ab91d3-3b51-4bd9-be97-07308b798f6e,1.4640700817108154,3.0580413341522217
c6c1cf7a-4076-47ad-b989-3f6742f6c4c6,0.0,0.0
c6c4084c-c748-486b-b362-8c0da7517a62,0.991487681865692,2.4212512969970703
c6e9ef81-14e8-4c4b-bf75-2cb9b5132c62,0.0,0.555858314037323
c6f534fa-271e-476e-ae10-94ffbc2c2f74,1.2606520652770996,2.5216097831726074
c6f6c8eb-e4d1-43a5-b73d-395144862440,0.661118745803833,0.8095278143882751
c738601f-551b-4790-a1f4-caf1a0e68948,0.0,0.0
c76690d9-0390-4e57-8e20-706682b88398,0.9892534017562866,1.5946285724639893
c76a1b65-8e3b-4355-b828-0a587c1cf73c,0.0,0.0
c773a5e2-e6ae-408c-9e16-1db17c4cfb85,0.0,0.0
c779ebba-325c-4b6b-a53f-13e2b24bbfbe,0.0,0.0
c7a67c0f-68e6-48f1-a970-7160870eaa32,0.0,0.0
c7b88d69-b102-43c6-9194-76082b03435e,0.0,0.0
c7bd50da-4254-4f8b-852c-2252452b2354,0.0,0.0
c7c9f9d4-faa3-441c-95b6-9bc19804a160,0.0,0.0
c7d1d4ad-b798-4cb6-8cca-5908136491b8,0.0,0.0
c7d65511-4769-4634-b700-7fd6005f9dd5,0.802146315574646,1.617250919342041
c7e3f62c-a812-4342-8e4c-3a6a5dd96255,1.434518575668335,2.9795913696289062
c7ee9fe3-178e-49ed-afee-9c6ec19f2a03,0.0,0.0
c7fbefd7-a5dc-48ba-b0e0-320455d6be2b,0.0,0.0
c7fe45a0-a7d0-4f87-9f0c-8a54d6e09234,0.0,0.0
c8035a9b-d32f-4622-badf-2cc5142496ed,1.3939718008041382,2.803255558013916
c8066080-e594-43aa-bdf2-86f136c900a5,0.0,0.0
c81528db-bea3-40e4-b0b9-dc5b1d5fdf46,0.0,0.0
c81c5d89-a575-452f-b379-7b1cb5f80f9b,0.0,0.0
c820137b-5760-4867-80ab-a9376d68f31c,0.0,0.0
c835a270-455f-414c-9a2b-883f44c303ea,0.0,0.0
c83e76d8-b6fd-4786-91f5-85769fbc3e44,0.0,0.0
c84f0f38-96ae-46ad-a554-cfb5532332ca,0.0,0.0
c85615d8-e2c5-42b5-8f1a-4ef7d09ae04d,0.8335593938827515,1.3164258003234863
c85fbd2b-5374-429b-9f2a-ccac527ba5f7,1.3745828866958618,2.624533176422119
c8925938-e1be-4026-ab9e-a2f65214794f,0.0,0.0
c896c8f7-cfc6-4d1e-8c7b-0d12c91e16b9,0.0,0.0
c89dc6ca-6d69-41ce-954d-b51f64aaacb1,0.0,0.5618848204612732
c8a19117-377e-438a-b165-a6e93aae7656,0.0,0.0
c8b5e473-0b4a-42d4-8535-52224fa314b3,0.0,0.0
c912a1fb-b119-4701-9d3f-eb4a449090fc,0.0,0.0
c93753fb-b344-487f-bd00-5f115f97236b,1.420501470565796,2.8189706802368164
c93d2747-d9b6-4035-9641-f8028f392fce,0.5575276613235474,0.6820090413093567
c944bb3c-b5cf-48e3-b626-3eb9732d26b9,0.0,0.0
c946ac31-8660-4d14-aa7f-fd00e26fdd4a,1.0132722854614258,1.8384441137313843
c94f85eb-5515-4255-98eb-86c4f8324093,0.0,0.0
c96447b9-a4e2-4afb-a119-88c86a28347a,0.0,0.0
c97ab389-726a-4820-a763-e2fbe5fc55d3,1.5611114501953125,3.2511138916015625
c987bc99-92de-4ceb-b919-ffbb99937416,0.8387511372566223,1.641867995262146
c9a00879-c622-4ebc-9202-b426d92c5e44,0.6154955625534058,1.108957052230835
ca3ff30f-b755-4b06-b1c1-4afd81b677e9,0.0,0.0
ca7d04fe-5035-40fe-aaca-80500c09774a,0.0,0.0
ca8ba13c-edbd-4c19-9bb0-23734bfa1bd5,0.0,0.0
ca997067-199a-424c-a2f7-6a6c1b87a0ec,0.0,0.0
ca9c79ea-f6f5-453c-9aa4-7f5c642a573b,0.0,0.0
caaffd58-9b09-4f6e-a5f6-9f11ff5ef531,1.3795206546783447,2.802717447280884
cabad22d-f4d8-448b-89ed-605231bee6e4,0.755240797996521,1.381230115890503
cae174ae-975d-48b7-8879-5ded0a80e1d4,0.760955274105072,1.5694328546524048
caf5ac2f-075c-4198-bb9a-65006bf4f915,1.7634859085083008,3.6855392456054688
cb13d8fb-6eba-4b1a-b8ff-6421e85cb2e0,0.0,0.0
cb1fb03a-4938-4863-8b53-6b256c30889b,0.0,0.0
cb46849b-3f19-4e83-815c-45b54ab2e021,0.0,0.0
cb4a18e8-2855-4030-9687-43ccb117f8ce,1.3737510442733765,2.9121146202087402
cb5a331e-a5bc-406b-b0d2-f7132a4fefcf,0.0,0.0
cb5ca563-0823-421f-ab86-ea24aa901043,0.0,0.5103606581687927
cb8f41b2-5d6b-4ea3-b60c-360539ee79f9,0.0,0.0
cba0a52e-ac20-4782-b7ac-02285844eaa9,0.0,0.5050144791603088
cbd711a0-f873-4476-8185-5c2bb4ed4355,0.0,0.0
cc05253e-872d-483c-aae0-2d4d1face626,0.0,0.0
cc26358f-38b0-4533-bb87-ea0c042f93a6,0.560610830783844,1.2908042669296265
cc26edbe-9a2a-4848-aeaa-8331a264601b,0.0,0.0
cc370a7a-09eb-4179-a2b9-af92df0ce75d,0.0,0.0
cc65a54f-8d94-4407-9fbb-e21624ccceac,0.0,0.0
cc7adadc-6960-4eca-b6f6-cfaba3431dd5,0.5391199588775635,0.656440258026123
cc8b7ef5-1c86-4bd2-8cb9-969c7df1884e,1.5385483503341677,3.273550033569336
ccbb28a8-e252-4304-b4f6-a904d11621c5,1.6740111112594604,3.6358673572540283
ccc74734-0ceb-42ac-8974-05757c7286fa,0.0,0.0
ccd73142-7a33-45d5-b7d6-51e37deb1a0f,0.0,0.0
ccf89f66-6b27-4e3e-bb60-da32d42cfc58,0.527596652507782,0.6044448614120483
cd316909-a887-473b-b551-b9ac2e42dff7,1.472339153289795,2.8596243858337402
cd374281-c859-407c-b50c-58e5afe5c621,0.0,0.0
cd3f606f-eb01-4035-b6a8-bda4e631e65c,0.0,0.0
cd3ffdca-cfe4-446b-b1fc-6e27fca1d544,0.0,0.57071852684021
cd5ae370-570f-4493-b3aa-a68e567a1315,0.0,0.0
cd6e7694-2c40-480b-83cf-84e778f0d124,0.5546343326568604,1.3883230686187744
cd9d8f48-1b18-4619-9f85-7548a5f89e12,0.8939124941825867,1.873348355293274
cd9e6cf7-73fc-436f-a525-2b42cfb0750a,0.0,0.0
cda7e9a3-aa22-4bf3-9835-a7772be147ca,0.0,0.0
cdb4a908-ca20-4abd-88f9-7af5ad2b5318,0.0,0.0
ce15ee65-6196-4d79-8466-e83731af9f5b,0.0,0.0
ce1db13d-653d-42ec-a3c6-79682f654528,0.0,0.0
ce2a39de-c69b-41b1-84d1-ec0957b3f77a,0.0,0.0
ce31f79c-c170-4bc9-afaa-9444a64d75f6,0.0,0.0
ce3d406d-ba44-4c58-a1fc-e32e4bcad451,0.9999998807907104,2.0677478313446045
ce5bcca8-e779-4405-b92e-4ed3f477f404,0.0,0.0
ce783d00-7d95-43f7-a2a0-fe28d98e5927,0.0,0.57844477891922
ce90a17a-8a14-4e20-8c52-088adce1696a,0.9052713513374328,2.0136265754699707
ce972501-10a7-4d96-a41c-507fb9058793,0.0,0.0
ceacd3a9-67ac-4a9f-a5b3-a7abf506c607,0.0,0.0
cefc9a13-e4c5-450e-b545-5afe9088770d,1.4651302099227903,2.9709012508392334
cf016166-bf01-4240-964b-9823396565eb,0.6861319541931152,1.2208503484725952
cf291d4c-5650-40d6-bcce-6389ad0d48fe,0.926421284675598,1.9877058267593384
cf356208-adec-4c6a-b78d-f3fb77640da2,1.0326608419418335,2.252082109451294
cf7f309f-d91f-4de9-9a00-d636b2b25ffc,0.0,0.0
cfaad423-86d1-46d2-8744-122ec0bd1630,0.0,0.0
cfcd729e-adec-445f-b34f-5ea875ea2e84,0.0,0.0
cfea1502-c42c-4789-8e8b-9ee388a97f7a,0.0,0.0
cff74a71-cbbe-4dcf-9aa1-170d57748409,0.0,0.0
d016d9fb-e5b4-40a1-ae57-e868ece5b244,0.0,0.0
d0205015-a4b6-4ef5-8a83-fc781b0afeff,0.0,0.0
d03c2531-fccf-4688-b4d9-d7fb5ebd13e9,0.7887183427810669,1.2830524444580078
d04a5132-384b-4c1a-b10f-2794bc57015c,1.4192286729812622,2.837388038635254
d0603c67-70ca-4bc7-b09d-84f5e6aeae67,0.9994147419929504,1.9020726680755615
d094b1a4-1274-400a-befa-eabeb4666847,0.0,0.0
d0b4495a-0a77-4b18-9157-2df75230f926,0.0,0.0
d0cea5a0-ee02-4273-9a51-7c6531f34912,0.0,0.0
d0e064ea-1bb0-4108-9120-8d1534267246,0.0,0.0
d100eebe-2d9f-4705-9012-cfdfba2674c0,0.6237127780914307,1.1697101593017578
d1026ed6-5ca7-4a30-a28d-0ecc6b21c493,0.0,0.0
d13aaf77-2bb0-46d7-a7e5-c6cbb37dde24,0.0,0.0
d13db13f-add7-4bbc-bd66-e353f14328d5,0.0,0.0
d15378e8-70bb-46be-8b95-a15f8baf7836,0.0,0.0
d1573ef8-8a78-426a-b794-7e3a1e271ff8,0.0,0.0
d164f7f0-1e3f-4449-bf7f-d6cbb5d7294c,1.1291698217391968,2.490118980407715
d17c89dd-60cb-4c03-84b0-96fe91d16115,0.6348249912261963,1.204323649406433
d1b07034-9a0a-4d1f-aee6-16c3e1888170,0.5236728191375732,1.3362329006195068
d1d7ff78-644d-4fd7-9ddb-051f0f2a8646,0.0,0.0
d1e0f17d-255f-4d05-906e-3adc94aaeede,0.0,0.0
d1f7ffbe-26e1-4af7-92cf-68e93bd4ca14,0.0,0.0
d20a2bce-5aec-46b5-9908-eb93235bcad8,1.5290597677230835,2.454059600830078
d211241d-3eb9-4e34-a997-434b8ff76ba6,0.0,0.0
d22d55bf-1c5c-422b-84f2-b3893e62339e,0.0,0.0
d23c3275-aebf-4665-99f7-4ae0defee4ce,0.0,0.0
d241d666-455c-4fb0-8964-0bf03b6070fb,0.0,0.0
d2560c63-cf2f-498d-9be1-b5130bbc66b9,0.0,0.0
d272bd07-4a8d-457e-bef3-4796a1ca33c5,0.6485859155654907,1.171817421913147
d2bc4fb7-a485-4dd6-ac1e-49093b9449de,0.0,0.0
d2d4b8a0-cbf8-4123-9c56-92804d267745,0.0,0.0
d2e715d8-42e5-4bce-bf64-8c50dbda36a5,1.5555082559585571,3.118614673614502
d30cfa48-f40a-4ba9-bb43-7c69db2c5e7c,0.0,0.0
d32cb153-a441-4c8a-a43c-6dd9473b14dd,0.0,0.0
d36c6ceb-480b-406a-9380-a0ddbdd3a5ff,0.0,0.0
d37da01c-d9d7-4cbf-985a-af44d5a3e1e9,0.0,0.0
d3bc076f-b512-4740-ad3b-d0afd5197319,0.0,0.0
d3c18295-acd4-4a38-91e8-cbdba02c353c,0.8032172918319702,1.4881105422973633
d414cd16-5499-4a54-912f-4f42ededeb3a,0.538461446762085,1.1035003662109375
d429045e-0012-4cbd-9e0e-7c85289d477e,0.0,0.5490611791610718
d449a6d6-44a1-4605-a231-0c345377c412,0.0,0.0
d44c61cb-9130-4b52-beaa-442cfc57a8d6,0.7752987742424011,1.827952265739441
d482e997-4c26-4261-b7bf-f0265599a0ab,1.4526796340942385,2.9582643508911133
d49d332c-fa71-4d1d-98df-01fbbd530946,0.0,0.0
d4c4df37-c25d-4883-8df7-5d70653c592f,0.5371092557907104,0.6469464898109436
d4e32f41-e2e2-4325-b08c-19171c9f9577,0.0,0.0
d4f88665-ebe3-49d2-9282-62794b06a932,1.7583339214324951,3.489182472229004
d4f8f6cd-f34f-489f-8251-638af920e973,0.0,0.0
d502c40d-5a1d-4d77-ae29-94330bff7e54,1.387096881866455,3.089874744415283
d509d09e-7bfe-4647-a972-c9a771c4005f,0.0,0.0
d527d05c-c856-4f39-b4a9-3b230ea6aeb1,1.5629316568374634,2.9327452182769775
d55fd92a-a3f8-4ecc-815b-bbeeaf3eec0e,1.0988647937774658,1.8858059644699097
d5609007-e854-4614-b0bd-77ce614f0878,0.0,0.0
d568f491-8c50-4759-92af-45230ce3b878,1.4121949672698977,2.5159175395965576
d5705716-4dad-472f-b917-605d9019bff1,1.4107640981674194,2.313815116882324
d5761c51-4f27-43f4-a932-500cd689adeb,0.0,0.0
d57ece69-d670-4f87-9dc7-1ba49ccbf0f4,0.0,0.5184794664382935
d59841ff-7f1c-4eab-8ccc-b0058a82768a,1.272485613822937,2.0162672996520996
d5db6231-576a-4fc2-85dd-8810d8c20374,0.0,0.0
d5e596f2-f071-4968-95d4-283b3c402865,0.0,0.7495277523994446
d5e76bac-1c3a-4efc-9bc0-827b96391bea,0.0,0.0
d5f1a6ab-0321-4d47-a887-b41b0545045e,0.0,0.0
d600018b-6d14-4f16-9cac-1ad5ee8acd99,0.0,0.5235627293586731
d619abae-c217-4710-9f0a-dda225711cac,0.0,0.0
d61bfb41-1ec4-4bec-94ed-f8a694d3c55a,0.0,0.0
d625af4b-478c-4f30-bca3-790e40dc3dd9,0.0,0.0
d6724a00-b87d-4694-b52d-6c53456a831b,0.0,0.0
d6939a2f-1760-428f-9ad4-63a8ad7ae59e,0.0,0.0
d6a43b59-d2df-45b0-93e5-fd7a1eba5930,1.163127899169922,2.5278730392456055
d6ac932f-a080-4a32-9bbf-2866d4cda2c7,0.0,0.0
d6bcfc9b-97b5-474c-997a-7cc580e2c55c,0.0,0.0
d6c6fa5d-162a-45ab-9e8f-6d59c6490d05,0.0,0.5276129841804504
d6d57e3d-8590-44a3-a1f9-4f238025716e,0.0,0.0
d6d67eaa-d86e-44fc-a8c3-e9d7576cfbbd,0.717753529548645,1.3267443180084229
d6dd119c-f540-4279-885d-534ab6a258b9,0.5853054523468018,0.5623787045478821
d71543ac-bef3-434b-b44c-a2ef846823d2,0.0,0.0
d716c393-e24f-4f95-bf06-22d98355fa65,0.0,0.0
d72f1260-6c00-41a1-9afa-8584bad80221,0.0,0.0
d73763eb-66dc-429a-bdf6-bb5a9e228151,0.0,0.0
d759fb43-6c5c-4ba6-8cbc-524b23ff2a8d,0.9028621912002563,1.4939292669296265
d785d441-922a-44a2-af64-bd9555d112a8,0.0,0.0
d7a7f9c8-33d9-4b2a-bc61-251ac699d29a,1.3149778842926023,2.3925962448120117
d7b34ec6-0968-453b-ad3f-2c653590b698,0.960784673690796,1.8895797729492188
d7f4b44c-e91a-4dcb-b063-f8db2a8f59a3,1.15901780128479,2.523550033569336
d7fc9178-7097-4f58-9a8a-0b2091a59e86,0.0,0.0
d8113091-5a2d-4e2e-aeb1-b1158012a982,0.0,0.0
d82f173a-0790-4bb5-8de7-a7172366fa8a,0.0,0.0
d8456efd-803d-4218-ad03-cfece4341a9b,0.0,0.0
d84e9700-255a-4203-923b-580f8828c2cd,0.0,0.0
d8601a03-afa6-429c-9f1d-869d786e4d28,0.0,0.0
d8745ef4-5d50-4898-bc52-c6555c75e933,0.0,0.0
d8936d0e-f3a1-44ef-a795-7be1a1ae0c18,0.0,0.0
d8b31fc2-18a6-4102-90c1-c694ce9c6ac9,0.0,0.0
d8cefd91-1dbd-4e99-be94-343d635eb8f2,0.0,0.0
d90ea10b-483f-4762-94d6-3d436f4dc12c,0.0,0.5965802073478699
d9348f8f-60bc-46cf-bc30-0a7851fb97d5,1.2580167055130005,2.8941895961761475
d9386c00-bed2-41b0-ab50-1cf830c11f90,0.0,0.0
d94d903f-5d5b-43a0-96bf-64bc9efe4508,0.903188407421112,1.9304406642913818
d95eba3d-5f9d-4859-939d-7925dbbef359,1.1923168897628784,2.466132164001465
d979fe1a-89b0-440a-a8bd-a14cee9b3f5f,0.0,0.0
da16367d-7b67-45a6-8530-f1e51c3a5df5,1.2357399463653564,2.267848491668701
da18456d-7fc9-479f-89ea-1be3b9b70b46,0.0,0.0
da431f97-609f-4772-aa1b-ea76b1639317,0.0,0.0
da5ecab5-5ee3-4c38-a59b-c2587951a2e6,0.7427476048469543,1.4999645948410034
da66a969-e400-43c6-b78f-18188c98af28,0.0,0.0
da801f57-2c44-46da-8d0e-1ad0f10a5fe2,0.0,0.0
da95931a-60eb-445d-b355-8172dae3b537,0.0,0.0
da9b3219-add6-4a7c-b688-708335ff6568,1.2787880897521973,2.9392197132110596
daa2b0af-f710-4ad2-b698-123a3c04f512,0.0,0.0
daa4fb42-62c2-451c-9cc1-96d1e4040827,0.0,0.0
dabff5b7-22d6-4fb6-afa6-d8dbf26c21ce,0.0,0.0
db025d75-7967-4871-b10e-75d69b56ac60,0.5319058895111084,0.8751933574676514
db34a663-f011-4c46-b411-b05bcac6f323,0.0,0.0
db4d63a9-eafd-4c67-8a76-2c05b71687a8,0.0,0.0
db54c971-8120-4972-b244-c9439140fe66,0.5225735902786255,1.2160152196884155
db5ae117-df3a-4910-9be7-c20ec2600385,0.0,0.0
db63cc22-2f8c-4239-9817-2a2b4c7cb14d,0.0,0.0
db6e3521-08ea-48f5-af1c-61085d14c7a5,0.0,0.0
db7b88b3-45a7-41f0-a022-4138d697d59d,0.0,0.0
db7d3031-16e7-4302-885c-a34e08c7b5fb,1.3940404653549194,2.8947513103485107
db86577f-917d-4b27-8e5a-f23d0cf050ed,0.0,0.0
db8c37a9-14f5-4a09-86e6-babbb89346ef,0.5544801950454712,0.656600296497345
dba243f7-1f7e-4acc-98f8-045a1eec2370,1.2809531688690186,2.7970900535583496
dbab14e4-4340-4999-9bd9-d0b8f6c388fe,0.6916215419769287,1.3999358415603638
dc0a7f9e-6a07-4e3c-9b61-7b39f52995cd,0.0,0.5063905119895935
dc12196b-e3fb-4892-b37c-82b276e4aa3c,1.3852382898330688,2.7633440494537354
dc22a10a-a5c8-4766-ad49-43dcc0442c1e,0.0,0.5019096732139587
dc259be9-2f25-40c0-abd6-79e0d9eb0e57,0.0,0.0
dc392cb0-7533-4495-983c-40ce01a02221,0.0,0.0
dc4c7888-5001-4075-8e7b-8780c3ef29d6,0.0,0.0
dc79ace7-d989-418a-8fac-19a95cff7107,0.0,0.0
dc7f2f34-cbb3-415f-a44d-0ceae01dd508,0.0,0.0
dc948cc0-51c6-4208-99d7-e2bde80dbd7f,0.0,0.0
dcd42527-6a4a-469a-9395-ed858d7985c5,0.0,0.0
dcfdf1a1-6f2c-4458-bc0d-6ccfebd9dd97,0.0,0.0
dd0e9257-379f-481b-8500-c7daf186ab31,0.0,0.0
dd125e99-835d-421f-a6a1-c35b4ad7162a,0.0,0.0
dd217e59-9c1b-4c6f-bd35-67db85036331,0.0,0.0
dd2be3fe-0f7f-4422-9976-216211861f73,0.0,0.0
dd40b307-e0a1-4495-abca-d96c7f0d8315,0.0,0.0
dd585444-db87-467a-b4b4-e30744ec2f2d,0.0,0.0
dd810bbf-b193-40f2-a39b-4497a733bcd6,0.7038847804069519,1.4033983945846558
dd853a96-c7ae-4bbc-8be8-8ef0a088519f,0.0,0.0
dd8e6b0a-9363-4d9b-b752-4aee31da8db0,0.0,0.0
ddbbfa37-a18d-4ee1-95ab-833781617355,0.522460401058197,1.1737881898880005
ddbc98b8-fc1b-41af-893f-a8d85ebee54f,1.160841941833496,2.3571975231170654
de0f4463-d7b4-4ab1-b919-20d085b9232d,1.53700053691864,3.268350839614868
de4448f6-e65b-4853-bc22-4118824623b0,0.0,0.0
de582074-8c23-465e-be85-38baeea28467,0.0,0.0
de5a6111-b841-4af0-880c-2e0a788af78a,0.6663928627967834,1.4793623685836792
de6d97de-e616-48db-9148-a67b8854431e,0.0,0.0
de742846-6ccd-4af3-aead-1ab903ed591e,0.0,0.0
de8af77b-0a2f-4f89-982f-5421a69dc264,1.3700331449508667,2.303270101547241
dea0c581-002e-4164-a1ef-d768c0dccdf5,0.0,0.0
dea5a9b2-57b6-477b-ac13-a3f25a7da1e8,0.0,0.0
ded060c3-aee9-4b61-be15-120aab5f7daf,0.0,0.0
dee4b465-5917-4987-8c6a-92dd88e7bc6c,0.7271714806556702,1.5022369623184204
def2fc84-1783-4ef7-8853-21e7183e0a84,0.5387892723083496,0.6592046618461609
df043f2e-8606-45d0-a9f3-363995516d69,0.0,0.0
df28f80e-b1e3-48d4-9edf-8074644520e1,0.0,0.0
df63eb16-ca2e-459c-a810-a977041de4d7,1.0107582807540894,2.017822265625
df95de5b-625d-4cf7-9d04-b5c4d90d2df0,0.0,0.0
dfa0d865-d817-47da-a4d6-71be109abde1,0.0,0.0
dfc6ce94-5245-4a0a-bb6e-0be0a2c63c21,0.0,0.0
e01c16e8-fddb-45c9-a34f-a772daf42c56,0.6987451910972595,1.2942582368850708
e03701f8-b2a0-4bfc-993c-66d9d8093f61,0.0,0.0
e05ced98-dd0e-4ec2-833d-e847ae7588a2,0.8329208493232727,1.589370608329773
e0967089-3bfa-4d85-9384-8771af035439,0.0,0.0
e0aaf493-f032-4a67-b1a5-87045d0f86f0,0.0,0.0
e0bae2f7-6496-4dc4-910f-250bfc07ea3b,0.5594981908798218,0.9836024641990662
e0c52f43-8736-4c96-a94d-eaaa7b3cd689,1.082814335823059,1.9953287839889526
e0d18fbd-6715-48c5-9768-dcbf981ef4fa,0.0,0.0
e0e1c5f4-2366-4017-b79b-6e32bf33f62f,1.087017297744751,1.9759892225265503
e0e914bb-29db-42c9-aaf9-4160942050dd,0.0,0.0
e11da39d-92a3-4ef4-8635-4f09ecbe14ab,1.5071868896484375,3.3146183490753174
e147a903-51f8-4fee-bf3b-666703846af4,0.0,0.0
e160987c-9523-47ea-9b65-a56d57afff65,0.8741452693939209,1.6701961755752563
e16e0fca-bde1-481f-9eb9-86fe4d0a1362,0.901619553565979,1.823160171508789
e18032be-b1b0-4fbc-8e19-afbd68001d93,0.0,0.0
e1907b3c-a1cc-49ce-9654-964da578fb55,0.0,0.0
e196c90e-7c4a-4d01-88d6-9c87e32de991,1.391663908958435,2.4617466926574707
e1b6c5cd-7c85-493a-aaf2-f1c286a694e6,0.7500575184822083,1.7633798122406006
e1f4bfd4-a017-4fe0-8694-87cb383cfe8d,0.0,0.0
e1f82664-3fe7-475a-90c4-2bd23ce187a5,0.87269526720047,1.5380200147628784
e2173499-7da7-4d59-afc9-4cd638b318c4,0.0,0.0
e2177436-8a8e-4860-865e-e05e2c883b62,0.0,0.0
e2492e35-7306-4e64-b362-6769cfb9215d,0.0,0.0
e26611d5-9ddf-41d1-b57c-137612ead63f,1.067119836807251,1.8727580308914185
e267ce6e-91cf-41e0-aea1-ed0045a6a9fd,0.0,0.0
e2684305-92fb-4205-a2cc-6c0e63cb7a7c,0.0,0.5580262541770935
e26f41c2-7704-4437-a262-bfcdca4d75f1,0.0,0.0
e279d10a-937b-451e-a7ba-56445eb89231,0.0,0.0
e27d6dd8-5f4a-4bc1-a0c6-08ab0a700b52,0.0,0.0
e289d355-effb-4e66-8eb2-03951e474a83,0.0,0.0
e29df49b-c2a2-4b9e-8bd8-59e3168013fc,0.0,0.0
e2b474c8-5c49-4e33-b9cb-24ba5dfaafe5,1.4078177213668823,2.8681821823120117
e2bc612a-e415-4f4f-aaf2-75c93faf3830,0.5662281513214111,1.3316348791122437
e2c3e6a5-9953-4d98-8417-fd498b080895,0.7585249543190002,1.514320969581604
e2c744e4-69fc-4403-9144-f8beeb6eba3e,0.0,0.0
e2d0ed9c-a793-4fc1-acd6-60bede671dce,0.0,0.0
e2e36fac-7c87-4e27-b1bc-3e7e5d8bf2b5,0.0,0.0
e30ca08b-1e5e-4c44-b972-1268b199b810,0.0,0.0
e3186552-ddae-431e-99bd-70171e52b859,0.0,0.0
e320e461-af0d-4ed7-b13e-579aba47f5e1,0.0,0.0
e32838dc-7c49-428d-8f1b-6b0a3bc24b77,1.2572699785232544,2.4229021072387695
e32ff557-699b-45f9-b819-6d3662e91cfa,0.0,0.0
e3a104e4-fa7d-499e-b2c7-18c0242e9f72,0.0,0.0
e3a8f833-9875-4961-9c61-d99017c97288,0.0,0.0
e3d0a6cb-6679-45be-8c14-72a33aef23f3,0.0,0.0
e3dd6e0c-51a1-4d60-bbf6-8e77f05b5992,0.0,0.5662915706634521
e41d87a8-6f4e-47d1-babf-7feecbe4069b,0.0,0.0
e43c117e-571c-4276-b8b8-358c39d08a5f,1.4371261596679688,2.548855781555176
e470aff5-3498-4193-9e52-a30e63aeb451,0.0,0.0
e48f4d77-547d-4060-b373-0d94318cc9be,0.0,0.0
e4904c16-54b2-4130-b528-a329590bd3ae,0.0,0.0
e4c5bba2-61fc-442b-b2a9-fdd2aaa343e1,0.0,0.0
e528bffa-0e10-4b30-a8cd-9d9c0a623400,0.0,0.0
e56304af-140b-4c20-8f8c-1321ed86949b,0.0,0.0
e572a7b7-6c2e-445f-9dd0-5af5f8dffc2d,0.0,0.0
e5763792-cbbc-4c72-bcef-50387b1e0acd,0.5540076494216919,0.6674979329109192
e58106a8-1fc1-4c03-9c4b-f99f14439b23,0.0,0.0
e59d2d22-ac76-4794-aba4-4f669c87962e,0.7652869820594788,1.7592790126800537
e5b04057-1bac-48fb-bc63-850eb57a7f56,0.0,0.0
e5b5cda1-8033-43e2-bc97-d8d9bf2476dc,0.0,0.0
e5bdaa1b-42a8-45a7-a9f0-87cc1b6607d9,0.9643795490264891,1.992587924003601
e5dc44cf-ebb0-4aeb-a3a5-ea7e795b25ec,0.0,0.0
e5e0e269-b72e-468d-bdba-3d46e35727da,0.0,0.0
e5e4e23a-c55f-45f1-ad42-adc0b2b50292,1.2453476190567017,2.128762722015381
e5e9a95b-ce39-4f52-9b8a-d3542e200e41,0.0,0.0
e60b4d90-f32a-41db-b724-648c2b47443d,0.0,0.0
e61052e4-d503-4b22-9afe-ad40e9450f31,0.0,0.0
e612680e-8d9b-4440-89d9-d550fd95baa4,0.0,0.0
e631c721-f932-4b2a-bbd8-52503b5509a4,1.1710339784622192,2.488287925720215
e647dd55-7f8e-4557-b614-fd9218fd598b,0.9313648343086244,1.9637420177459717
e64df9d8-a33f-4de7-a87a-e2c3c4749112,0.0,0.0
e65363e7-6d06-4b09-8fed-022ab45287e0,0.0,0.0
e656f13c-794a-41a3-b65f-caccace44055,1.6426904201507568,3.306103467941284
e67ec1e3-583e-439a-9fba-c20eb2850d6d,0.0,0.0
e6c56abf-32f2-40cb-82d2-334b1bdcd777,0.0,0.0
e70a589a-3849-4c5d-86c8-e4f9861b32d2,1.404713749885559,2.868868112564087
e71a34c1-b727-4214-9b30-b6052216273a,0.9052184820175172,1.5678960084915161
e722b07c-9626-4543-8011-6e806b486d11,0.0,0.0
e73e8451-1a65-44fe-8a5a-979980fd0404,0.0,0.0
e76db545-2fc8-4cc5-b8e0-d627418b9bc9,1.4677292108535769,3.1555991172790527
e7745bbe-6c0f-44ce-bb94-e2b801976812,0.5678275227546692,0.6933785676956177
e7c8a330-478b-4e64-a70f-c2046ab9c0c6,0.5934650301933289,0.5653778314590454
e7d11081-0b19-4474-87ff-3a8549e2dd73,0.0,0.0
e7f6383d-72b2-48ad-b77c-a75dd3533c9b,0.0,0.0
e7f917ea-6985-492b-96dc-48ba2bb829b7,0.0,0.0
e8078309-0443-4b57-adaf-65d651e7a1dc,0.0,0.0
e829be8a-27f8-486a-81dd-54d69637ebd3,0.0,0.0
e82fc4f3-1b65-4e71-a511-2e98dc8ed152,0.0,0.5386652946472168
e8498e9b-81d0-438b-828b-5d1664fc101a,0.0,0.0
e855e1e4-152c-49d0-8a9e-742fba4e6443,0.0,0.0
e86c26f2-40ad-4ae8-b212-da8a696381fa,0.5256365537643433,1.1906288862228394
e88ff026-8598-415d-851e-294903403ddb,0.0,0.0
e8a1eb91-6d30-4b34-8776-9e4a60467474,0.0,0.0
e8a80a6a-f5f9-4205-9167-4f4334c3c9df,0.0,0.0
e8ac8374-4a25-4a61-99f8-d0d27be70bbe,0.0,0.0
e8b28638-199e-453b-877e-8d909d09e7bc,0.0,0.0
e8b858dd-83f5-4c2c-bf0b-5007234cbffc,0.0,0.0
e8cfaa20-0b1c-4a6c-9f37-8c494c6c7019,0.0,0.0
e8dfe038-a8d5-4e99-bfec-8055f52b796f,0.0,0.0
e8e80eca-a5b1-4648-8e1f-93952adb4a55,0.0,0.0
e8f1c910-dbea-494d-9757-842a84425b0f,0.0,0.0
e912c7a9-34fc-4ee8-8b56-d27482413199,0.0,0.0
e917464d-8371-45f1-afb2-156f289da928,0.8848586082458496,2.0064327716827393
e91ac62b-28ee-4920-a366-9ff932e89043,1.223865628242493,2.433501958847046
e920162f-9385-4f2e-9ad5-b17bc69fb0ff,1.231128215789795,2.487820863723755
e9268924-2b6a-4379-afc7-2c9c7a48b148,1.3506247997283936,2.2144155502319336
e92ca9ad-0534-4c07-9178-6c4735111aae,0.0,0.0
e9498622-533c-43fe-9cff-4f7a01b2977b,0.0,0.0
e95d4bae-f75b-4522-bbaf-4bd61fbf5973,0.0,0.0
e976e240-b979-4a01-99b3-ca7d5b266ca8,0.0,0.0
e9e13492-3730-4396-bae2-237d73013b32,1.5438876152038574,3.359672784805298
ea1c277f-117e-4305-be8f-fba5211d1da1,0.0,0.0
ea1f48c5-456b-4aa1-9c45-822daa928a73,0.0,0.0
ea21d33c-d463-4bea-8a7e-cbf31b26381f,0.5612582564353943,1.4147130250930786
ea52d3d9-bc76-4f78-a134-1eb57b9ace87,0.6801344156265259,1.5609478950500488
ea647866-8828-49da-aeb4-1acf56774b24,0.0,0.0
ea8be924-954c-49b5-91a1-7ba1f258f7af,0.5753416419029236,0.7525250911712646
eabfb8f1-64b7-43b8-b14b-5cadcc230d5c,0.549984872341156,0.8804088830947876
eac8263a-478d-4582-9aaf-a35ee32584d3,0.0,0.0
ead2bd10-45f0-4901-9ab9-c8490acdea40,0.0,0.0
eadfdb9d-1cbc-475d-9bf3-33ece9fde5c2,0.0,0.0
eae5446e-7bb4-4314-8414-2e3bcf5ccc28,0.0,0.0
eb0dc8a6-fe05-45bb-bc14-43e8e3507427,1.2134454250335691,1.9209375381469727
eb53627c-c5f3-47b9-9ff6-5a06f6fd0a7b,0.0,0.0
eb665b61-3578-412b-af4a-2b7016b31583,0.728477418422699,1.3769309520721436
eb712255-8afe-4f79-a748-3f8b2996a0af,0.0,0.0
eb78ac1e-f4f0-4bf3-a5de-8c73de48ae3f,0.0,0.0
eb7e9d21-943c-43c4-b1cd-e0bb9365d8ff,0.0,0.0
ebb85c3e-e5a7-4689-b279-d005952ea60c,0.0,0.0
ebcf6729-1ff6-41f9-aed9-8e13020b0bfc,0.0,0.0
ec0a18f6-016f-4525-b70f-29dc96ddee2b,0.0,0.0
ec30c97d-72e4-4b8e-8383-bf7a37e6865b,0.0,0.0
ec701498-86c3-4baf-8650-700455d6bfb5,1.556330323219299,3.20048451423645
ec7b7c6e-f79b-470a-bbc8-1d1edfab189c,0.0,0.0
ec8fd80a-9928-4be3-b578-c3aee85f03ff,0.0,0.0
ec9528f1-db98-4fc2-85d1-8112baa4490d,0.0,0.0
ecf13c3e-6db3-4f87-bbfc-30c2854e4dd7,1.5158820152282717,3.070275068283081
ed01d416-6f62-4836-9ccc-acf2f1e9218d,0.5742289423942566,0.538398265838623
ed12ba63-f9d0-4bda-84bd-c9d8fd271def,0.0,0.0
ed3f6cc6-f415-43fe-ab97-60de82ed86d1,0.88168865442276,1.930066704750061
ed3fa3b4-32ab-403a-8e07-73eae046b728,0.0,0.0
ed8ddf44-6701-42ec-ab11-aeb0fe6e37b4,0.0,0.0
ed969a49-978e-4b06-986b-1f118c8b724f,0.0,0.0
edac32d6-a5b1-4f8b-9f42-f9c847715474,0.0,0.0
edc6216a-27d8-4ae2-aa23-18467389950d,0.5193567872047424,0.6138865351676941
eddad61c-f20f-4d95-9eb8-8f0709a01227,0.0,0.0
edf80ec3-6dd3-4393-90ab-79184089eb3f,1.2498626708984375,2.43888258934021
edf9a7a4-f899-4e7d-9b9f-0cb845e30ef1,0.0,0.5157685875892639
ee1c1c7e-8053-4c4d-9063-4dd220808ff5,0.0,0.0
ee3447bd-f454-4a6d-b2a6-967741e6f202,0.8641265630722046,1.3214409351348877
ee440ed2-28f8-4328-8f91-549059889b1b,0.0,0.0
ee4c0115-3d3d-4ac0-a6c7-f7bb02a44d63,0.0,0.0
ee74febe-101c-46cd-97f1-fa08fd5ad61a,0.0,0.0
ee8655fa-e7d2-4af6-a922-647432453c5d,1.041447997093201,2.230921983718872
ee899e39-265a-4e0a-90af-be1bcd28a611,0.9406262040138244,2.0549073219299316
ee8b1741-d3ff-4efd-9ae3-1ffff54c445c,0.0,0.0
eebde0b3-1d50-4666-b913-6126e9dec85a,0.0,0.0
eebf6c09-afe1-4580-8a1a-354b3a88efe7,1.04326593875885,1.7598199844360352
eecdc67c-2d59-444f-9f80-b6100115c1db,0.0,0.0
eedbb570-efa3-46e6-a8be-1200c12fde8f,0.0,0.0
eee25327-bba4-4309-8c4b-d081ef3603d7,0.5963097214698792,0.8850062489509583
eeee71fa-82aa-4743-8abe-0108720b0750,1.068029284477234,2.0878517627716064
ef0cf19f-faf5-4cc9-87cb-5f6cdf8530a2,1.0860341787338257,2.2076892852783203
ef42d187-828d-4b5a-bd4f-7af48790892e,0.0,0.5321428179740906
ef45144e-6e07-4ea4-aba0-53c88e599b0b,0.0,0.0
ef4d3809-058c-4502-8672-56b737532fe8,0.0,0.0
ef8cd414-1237-4fae-a62d-0c4503f83e80,0.0,0.0
ef95aaf6-cf33-42a7-ab4a-3545cc020644,0.0,0.0
ef9f4252-be67-46df-87d1-0e7bc5c98827,1.173921823501587,1.9265174865722656
efab05f4-2075-494c-870d-cd5a40de1385,0.0,0.0
f0075603-aaee-4b00-84f2-2b0b612627ef,1.0153133869171145,2.0284671783447266
f0181ada-e9ba-4b8b-bc25-86c997de6192,0.0,0.0
f01c8d00-6ff1-4cee-addb-32e23d3001b1,0.0,0.0
f0406709-349c-41d0-a6c8-c43b75e22e96,0.0,0.0
f0442db1-694c-453d-8dcb-a302c5cbd7cf,0.0,0.0
f05352af-f4bb-4a16-aa00-320b008238f3,1.316218018531799,2.3769218921661377
f05d2796-5123-4291-80d9-b7341c3ab298,0.8312917947769165,1.8341939449310303
f07bbac8-3866-4522-b917-5a11f46152cb,0.0,0.0
f0992da1-2afb-4fe6-a396-7149de04723c,0.0,0.0
f09c92a9-aa1c-4006-ac1f-81a3c993228b,0.0,0.6066287755966187
f0ad6f80-40a9-4338-8bad-b9f29c185344,0.0,0.0
f0d5400f-54c0-4e99-b589-bc6653216dd2,0.0,0.0
f0d78a98-56d3-4bed-b730-00f6efa0d2ee,0.6745060086250305,1.295045256614685
f0dd4683-714d-4bac-b9e8-bdc1672b64df,0.0,0.0
f0e297cb-93eb-4b10-b53d-e4edd296a1cc,0.0,0.0
f0ecf9c7-f9ee-4e1e-a013-d63eaeb34301,0.0,0.0
f0fcb8eb-6436-4472-8913-6dfc4fa61977,0.0,0.0
f11515e9-f2a0-4f8c-9f2d-12b9e2dc8569,0.863139271736145,1.7465367317199707
f119adee-e8dc-4b61-aa8c-3fe0c70aca5a,0.0,0.0
f11edd45-e3b4-4f26-bfe9-28d94bdf28c6,0.7968067526817322,1.6889399290084839
f1293ca3-c249-47e1-aca7-94567a4759b7,0.0,0.0
f1508b9c-95fe-46e5-bc0e-ba14c1c0d329,0.0,0.0
f15dff5b-eeeb-4a1d-8d19-efbe605e5a25,0.0,0.0
f19bd8d0-9229-4bf0-bd3c-ff82f80e89fa,0.0,0.0
f1aae3de-3937-48d7-aa11-2d08b00d3cab,0.0,0.0
f1de1789-95c9-4762-a2d7-6887653d8f66,0.0,0.0
f1e625db-b3d3-4bf5-b76f-6863d7ef8683,0.7292703986167908,1.4829720258712769
f1f086d4-80d3-439b-9e17-0d05e59c500d,0.0,0.0
f1fc883b-4c0b-42df-9d90-63d94dd38f5e,0.0,0.0
f2085b1f-aa40-417c-a75c-3e22ca616040,1.2912051677703855,2.1122219562530518
f20a17be-187f-4fb6-a40c-ed2462fe2615,0.0,0.0
f2346721-33f4-457b-ae02-8bcfa9198168,0.0,0.0
f235ebfc-b12a-4559-8d9c-88f67c2a334a,0.0,0.0
f2403455-0e28-4b04-891c-c22eb20c5093,1.431586980819702,3.1294479370117188
f2524a6b-b113-4386-af7c-4bd280df3e09,0.0,0.0
f25946e8-7329-416d-9f3a-ea78b9993e40,0.9652348160743712,1.9170595407485962
f25b039d-7450-4baf-8603-d29146cd964d,0.0,0.0
f26dbfc0-3d72-484a-86a9-81a6b1faa4de,0.0,0.0
f26f26dc-a0cf-4289-8fc0-3a51dd2675cf,1.165695309638977,2.423527717590332
f28847c6-39e4-45e3-836b-46ee402529af,0.0,0.0
f289be5a-b84d-491d-a28f-40e2a16c6cfd,0.0,0.0
f28d915c-e196-4942-90bb-65dda0c824cf,0.0,0.0
f2b55ff8-a2d0-406c-a359-a94eb2b8ea7d,0.5387114882469177,1.2064433097839355
f2c441d7-0ab3-495c-ac82-7fb89753ba81,0.0,0.0
f3373651-d5c6-43db-a009-d8f2fb83459f,0.0,0.0
f34ff78d-d01d-4899-8405-8ee07a3286fc,0.0,0.0
f35e5021-a6d5-492f-96fc-d37f57e54122,0.0,0.5655737519264221
f36186cb-fa14-4b87-bd86-5e05e0954872,0.0,0.0
f37228c7-45d4-4964-b114-86fece0ce4c9,0.0,0.0
f37e462c-b291-49a1-979a-59272e0bbd53,0.0,0.0
f3807d1c-c14f-4d6e-a6d3-3c0890130a16,0.0,0.0
f3cd4f2a-0975-415f-9f13-d676724498bf,0.5268812775611877,1.1979117393493652
f3d1c481-ce87-46ee-b254-a2983d0d3aca,0.6995619535446167,0.966540515422821
f3d352ae-c2fe-4b0a-82ea-0f12c6a8ffd6,0.0,0.0
f3db8c0a-8055-4e61-ba36-7d22a498c42e,1.676811933517456,3.594439744949341
f3ddd5e2-c724-4b24-8097-85f1ef305be2,1.0876635313034058,1.8296507596969604
f41c646d-71a7-4526-9c45-82ada25ff485,0.0,0.0
f43671f4-d5c8-4445-b08d-e26de6cb542c,0.5177627801895142,0.6430612802505493
f44bf871-95f5-475b-8b8c-2706695ced82,0.0,0.0
f4671817-1546-46f4-aa67-812c74491e30,0.0,0.0
f47247ea-91fe-4e77-9b79-a2d5bcee48b9,0.0,0.0
f4779a4a-57f8-497f-9b52-0bba37a64f8f,0.0,0.0
f47dfbac-cc3f-40b5-a798-444f0dd8c6c5,0.0,0.0
f4a0b039-81e5-4137-9043-27d8e0ad99c9,0.0,0.0
f4a99ceb-299e-4bf2-b98f-41d48932349b,0.0,0.0
f4c91b92-6ac2-469b-88b7-5d7d4fe89838,0.5190854668617249,1.3983798027038574
f4db18a0-949c-47c9-a692-3836d4b32740,0.0,0.0
f4e7c4b3-d82c-4295-a0ba-31716e9b0853,0.6501682996749878,1.4536285400390625
f51a5ad4-a0db-4621-9ba5-230d9da662b5,0.0,0.0
f51f58dd-a81c-416a-9f47-f0ed7e2f8df8,0.0,0.0
f5203acc-0b16-47bd-9ca9-ae7e6d9cb7ae,0.0,0.0
f52bc0de-3d8e-4a71-97ba-e9f9753b0580,0.0,0.0
f52f472f-c7b5-4f32-972f-ecb028589e79,0.0,0.0
f55a640d-8101-40dd-91af-29549bcfa7ba,0.6645823121070862,1.3943116664886475
f572f007-37f3-41ce-a86a-aa1da084cc1e,0.0,0.0
f57d5c5d-43d5-42f2-a89c-eb2070f89b3b,0.0,0.0
f59963fd-f5f8-4a37-a471-9a38c673c422,0.0,0.0
f5a03de2-53d9-4340-81e4-3e734f264f75,0.0,0.0
f5dbc06a-e85f-4fbd-b60b-970bb27e7364,0.0,0.0
f5eaf74d-314e-4430-bc2b-9327db442d8f,0.6759353876113892,1.7106194496154785
f5ee8048-a569-426a-91ba-d1e8eca4cd8a,0.0,0.0
f5f31931-35e1-4a0c-b730-df1462d859c8,0.7800667881965637,1.2764205932617188
f612fe59-e1ee-46f4-a4cb-7630326822d1,0.0,0.0
f61eb44c-2ea1-465b-a7f8-b8aeb0781974,1.297990322113037,2.944493055343628
f630c8b1-e40d-4875-b17d-a5c692afcb5d,0.0,0.0
f6365ddb-7908-450e-8dbd-002087b9e78a,0.0,0.0
f64b237b-4b62-44f4-a805-4272d31ea2cd,1.5354987382888794,2.6619198322296143
f6640a09-a368-40db-a145-e7ce27500834,0.0,0.0
f66534e4-9b3d-4d8b-89aa-74c986d2a95a,0.0,0.0
f6753300-acaf-45b7-bd94-cdb0b20ca005,0.0,0.0
f67bf5b4-30d1-4e43-b614-017c6f4df289,0.0,0.0
f67cdaef-aa64-4598-9b48-9980fda627a8,0.0,0.0
f69d2b50-cc04-42d8-95b8-454ded994e0e,0.0,0.0
f70fd2f2-64cf-4e65-ac24-b81cba12e742,0.5987811088562012,0.7816464900970459
f7163384-10cb-4176-b38a-bddcc0040f13,0.0,0.0
f7411418-2adc-4963-b9c5-a5b9ce07a7f8,0.0,0.0
f74f7c63-e73c-4d36-a3de-707805688afb,0.0,0.0
f758d0f4-7706-4b60-aa4d-89c6091a4f5e,0.0,0.5119484066963196
f764bdde-1a41-41ce-8cbd-46d9a75ee139,0.0,0.0
f7a54a2e-6487-4c12-bfbd-de387dd6dfec,0.6574100255966187,1.668161392211914
f7d7ecd5-10fd-4e50-ae98-95a7120d6fc4,0.0,0.0
f82c32a5-4730-4073-b875-26f87ed0606b,0.6678754091262817,1.540876030921936
f8439cb8-abb5-4591-90b7-e2cd9af3903c,1.1716609001159668,2.3726203441619873
f86f5e5b-ec29-419a-a279-8264e79cd2fc,1.1401968002319336,2.0131499767303467
f8890f8d-0e16-4143-a18e-9f919e660b20,1.467750906944275,3.000734329223633
f8a2acb2-9f92-4e22-ac13-5e5266c47661,0.0,0.0
f8ac5c72-a6ef-45ec-8275-68076a3b7276,0.9174121022224426,1.6040593385696411
f8afc2d0-acf7-478b-b661-3fe05afa2cdc,0.505772590637207,0.6052349209785461
f8cc7259-1018-4873-8181-61ca1073a2d7,1.1823582649230957,2.44793438911438
f8dba40d-1cb2-4b98-b348-c201abe276f1,0.0,0.0
f9007349-8d3d-40e1-b6a2-37a0a8f16070,0.5272979736328125,0.0
f94103cd-44f7-4d76-85ca-42a147dce0b7,0.0,0.0
f94e2f83-08c0-41c4-aa94-ce3ae47f78b1,0.0,0.0
f9548d88-9f1d-4645-ae9e-0d7c1e27cb20,0.5096955299377441,1.1548641920089722
f95af6dd-4cba-4d9e-b887-39432bcdbd58,0.8251026272773743,1.8136180639266968
f9703e29-a6b5-40bb-84a5-cf9c76213945,0.0,0.0
f97fbd0c-32af-48f0-97ab-1162200043a7,0.0,0.0
f9b4236d-60bf-4cc2-bf26-3d5ae58df8a2,0.0,0.0
f9b526b2-b79a-4eb0-8c83-89879a14017b,0.8876153826713562,1.7964516878128052
f9d5038d-3e9c-4a43-b93a-762b53b16e03,0.0,0.0
f9ddfab1-9af4-4b50-ab46-8efa81961acd,0.0,0.0
f9ee9b3f-f266-4766-a637-d1c9e8139b21,0.0,0.0
f9ee9e42-8604-4926-ab53-bb0ba4e5753a,0.0,0.0
f9fcbd34-5113-49a5-a869-299d65d78e88,0.0,0.0
fa011dfb-c2bd-4b58-9c0f-414e62e88462,0.0,0.0
fa16ac5c-a10f-43c0-be09-5d1dd10d3a72,1.1996912956237793,2.587794065475464
fa2b2ebb-a354-406b-ba11-60b001e2cec3,0.8520455360412598,1.8838322162628174
fa398039-d10f-4aee-8ebd-5255ff869905,0.0,0.0
fa3b74b1-597e-4b01-a15d-157272615dd1,0.0,0.0
fa731ff1-8da0-46b9-b711-7c9a04e07883,1.6489497423171997,3.593045711517334
fa76a5b8-f980-46b9-bb47-5eae3993d9e6,0.0,0.5005675554275513
fa8d6acb-2b18-4495-bff2-c641270f3aa3,1.1618465185165403,2.210691213607788
fa9fe1bb-d62f-4c47-973b-c0e568864cf9,0.8585997223854065,1.5859472751617432
faa74f4b-4d58-4fc2-a151-95a104683d79,0.0,0.0
fae1b1b1-263f-4739-9499-ec916147c7c2,0.0,0.0
faef7dd1-2105-471e-aa2b-fc2b58f4d5e2,0.0,0.0
faf899e1-643b-46d7-9416-dede775e963f,0.0,0.0
fb132db0-258a-4833-b3b9-6239608be487,0.0,0.0
fb456bc2-dc96-463c-ab66-cd4e31b44346,0.0,0.0
fb4cf273-cf56-4fcc-9182-129a43091f1a,0.0,0.0
fb5946d7-5b11-49a3-822c-258c2aed2411,0.0,0.0
fb771f1d-b6c7-40d7-9cd2-fdb933ae3ce9,0.0,0.0
fb8470e8-5c17-47b0-b616-fce0bf97be7f,1.0087344646453855,1.8050236701965332
fb91664e-6fa9-45bc-83dd-1949636bc495,0.0,0.0
fb971135-7bd6-4e79-ab3a-31039bd1e16c,0.6265381574630737,0.7698791027069092
fba3352f-c39e-4f5b-bede-568e86ad1ed1,0.0,0.0
fbc0a5e3-06c3-4153-9bd5-8946320279db,1.2561547756195068,2.43670916557312
fbc38f8a-58e2-48ba-b0d8-44ea18f77443,1.3323489427566528,2.7066595554351807
fbd320e8-731c-4686-8cc2-4f3e8cf56b8a,0.0,0.0
fbd45f75-74e9-4ee6-922c-f3bded238f84,0.0,0.0
fbdac0aa-5de6-469e-9861-9f5eb861f100,0.0,0.0
fc13577b-c627-4a6d-80c6-bdcb95e5b834,0.544309139251709,1.117434024810791
fc21a6bb-11a5-4c61-b446-92f560e99251,1.1962871551513672,2.069441795349121
fc959e39-f23e-4a8b-98cb-96149d577eed,0.0,0.0
fca4103a-6371-41dd-821b-9daf0b719cae,0.0,0.0
fcea2328-a528-4acb-9dde-f8a3c53eddfb,0.628008246421814,1.0156654119491577
fcf86256-9212-4cbd-82d6-92b79f228f52,0.0,0.0
fd21ed1f-a7c1-4ce0-ae94-832e85837056,0.0,0.0
fd43f8bf-ee7e-43d5-914e-e0d78ca0200c,0.0,0.0
fd5edf0a-dd22-4a76-8164-c25233decc46,0.0,0.0
fd647cdd-1acf-4ee8-b203-775cf92457cb,1.3403223752975464,2.7695841789245605
fd745c88-b4a5-4cb7-a081-4f15777aaa01,0.5183300971984863,0.6520146727561951
fd7d5946-7215-47a3-870b-e6a85f1b5b03,0.0,0.0
fd84c9eb-d2fd-452e-b793-1b7a16277e83,0.5162757635116577,0.6404010057449341
fd90029f-5833-4b8c-b156-646aafe60283,0.8554287552833557,1.670837640762329
fda6ba24-3a40-4be6-b375-d24952d0d31d,1.2812435626983645,2.7978923320770264
fdc6d433-9039-4fc6-a036-26e7244d5f84,0.0,0.0
fdd39260-d715-49a1-9368-50eb50ca8578,0.0,0.0
fdda58c8-bf85-4978-a924-591bcd5e76be,0.0,0.0
fdf4b112-1180-48dc-a44d-9014ab59ad4b,0.0,0.0
fdfbc223-4868-4933-8921-a18552806efe,0.0,0.0
fe0af3cc-6c4f-42ca-815a-ef5d7a2a4ac1,0.5526089668273926,0.8675244450569153
fe183334-b491-4889-bcdf-66a5456c7735,1.383987545967102,2.980348587036133
fe21fd16-7204-40c4-a5ec-50a546c44281,0.0,0.0
fe262fbd-8873-40f1-be01-a2ca53167eec,0.0,0.0
fe400b68-4b80-4256-9bed-7e8fe96a31f5,0.0,0.0
fe4d9a84-2d92-46a5-b991-a38b4a4023c6,0.0,0.0
fe5ffe90-01c5-420c-a121-0e97ff77999e,1.570056438446045,3.269479990005493
fe687d99-dd0e-4a42-9d56-9cd39046b60f,1.500255107879639,3.302556276321411
fe8804ef-4678-484e-bc2c-d5f14f62379c,0.0,0.0
febf279b-c6a5-4da4-9b8a-659e5fbcb0a5,0.0,0.0
fec61bc4-8eaf-41b3-b675-552f7aa49835,1.3987751007080078,2.859661340713501
fec9cc1e-b0a0-46c4-9d5d-8d057af081ac,1.3820863962173462,2.8279998302459717
fecadde0-33ed-4249-b0e1-8d97a0d882cc,0.0,0.0
fed59e68-5c94-4def-9a0a-7892914c5b5c,0.0,0.0
fef10db5-e3bb-4bc8-beea-6b1fba861592,0.0,0.0
ff4f038e-3ff7-4579-910d-87f517a26d25,0.0,0.0
ff70b12b-6cfa-4a25-a7cd-fe8259fde42b,0.0,0.0
ff723e9f-fe52-4846-9751-875ba8586cde,0.0,0.0
ff7325d3-fcfc-4486-9eb1-4332f667cfef,0.0,0.0
ff738504-92cd-4ea3-9a68-8d649e8c08d1,0.0,0.5684814453125
ff7bbc8e-1f72-433c-b236-1ac5e18a2ce6,0.0,0.6512230038642883
ff917899-acab-4647-9148-80ce6ffa28e0,0.8106784224510193,1.7362908124923706
ffbaaae9-582e-45b3-ba8c-813c628fe0d5,0.0,0.0
ffbeba06-a39d-4260-a7f5-52c6294f1b42,0.0,0.0
ffc826f3-67e9-4453-a393-8d91cd41ca06,0.0,0.0
ffdab17f-e9e1-4374-8755-23abc360fc20,0.0,0.0
ffe3e71c-7254-4299-8860-277a67649358,0.0,0.0
fff08871-267e-466b-997b-3ceb3d420e75,0.0,0.0
0001daba-dd41-4787-84ab-f7956f7829a8,0.0,0.0
005b6d88-4f1e-4ebd-8425-25e7236b5838,0.0,0.0
008e79fa-7265-404f-ab62-48f59d0e0f4c,0.0,0.0
00df85af-2836-4229-a654-876cf2a1767e,0.0,0.0
00ee875c-37ea-47e9-9736-be92dd7353ca,0.0,0.0
00f12281-0861-42c1-8053-702c7b6966e1,0.0,0.0
00fff8e8-082a-4c71-a29d-ec0db786cd6b,0.0,0.0
0103912a-8a01-45e9-83ec-146cd09f3164,0.0,0.0
0113dc17-2d90-4541-89cd-f209b30405f2,0.0,0.0
0114836e-3741-4224-abb1-703e87f330a7,0.0,0.0
012ea03b-8472-4adc-abf5-6352a2e9c04d,0.0,0.0
01486dea-9406-4fb9-a080-2ce6c8889d61,0.0,0.0
01652e7e-9400-4e7c-84bf-86e67f33246f,0.0,0.0
0174c824-3ade-474a-ae73-04963649b692,0.0,0.0
017dca0b-be33-4eba-90de-f0c2fce9f098,0.0,0.0
0182c197-ee0f-45e8-a001-4d7d7c9795a3,0.0,0.0
018481a6-b64b-49e5-9824-599dcabf2135,0.0,0.0
018c8a27-2b08-4705-a8aa-b0c13ceb89ad,0.0,0.0
018e1f62-069b-48e1-b440-f6eacaa54520,0.0,0.0
01bc3228-7fa3-460e-947c-3a365c7d533c,0.0,0.0
01db68d7-532e-46c9-94c3-2d4dd4cf4753,0.0,0.0
01ecb4e4-bce9-4309-ac1f-4787c0be22c7,0.0,0.0
02062667-85cc-44c3-a52d-4f884bd1c95c,0.0,0.0
021a84a4-6a5e-40d1-b5d2-ede15ab4d051,0.0,0.0
021e7a6a-fde4-44cf-bbda-8b096a2970c7,0.0,0.0
0246e8d3-9ff4-48d6-bf5d-f602b5d38319,0.0,0.0
025533c9-5fdc-4fd0-a6a6-9935ad824c32,0.0,0.0
0275628e-1bb7-4f54-a1ea-160cb2b38feb,0.0,0.0
0282bd7b-67be-4661-90ea-99fb7bbd182f,0.0,0.0
0285b903-f5be-4a53-842a-c42282701d50,0.0,0.0
02bc5e0b-b999-4403-8eeb-9e509cd00171,0.0,0.0
02c2200a-4b11-4970-af37-2e5fa693cd1a,0.0,0.0
02c3ec4a-8de4-4284-9ec1-5a942d3d098e,0.0,0.0
02d9b441-2d47-494b-8870-8d3382c17384,0.0,0.0
02e45508-e284-4c0d-b3d1-2bc402fff1a7,0.0,0.0
02f4a445-bcda-46a2-acf9-38312df92450,0.0,0.0
02fea5e6-5b16-47c2-82ce-94e288ff20e3,0.0,0.0
0300e6f6-c6f9-4ef7-9d6d-dc7ec5f97e5a,0.0,0.0
033ddd98-b155-4a2b-bfeb-730cdcf07b07,0.0,0.0
0346c906-7f5a-440a-9c13-6d254237335b,0.0,0.0
034af8da-8c17-4bfb-ac8b-3b2df079639a,0.0,0.0
035d07a1-97f6-4d29-89f4-2a3951d2084d,0.0,0.0
037ef632-0877-49a0-9ee3-0c32878c1f61,0.0,0.0
0385a03d-03ec-4e51-a05c-ef6636eac88d,0.0,0.0
03860206-6eb7-4020-beb6-fd9a748de04a,0.0,0.0
039284f5-1409-408f-a715-b95cbab4ec49,0.0,0.0
03b4e5f8-e73c-44b3-9a9e-c0492f8dcc0f,0.0,0.0
03ba7e12-ff2c-4349-a712-6fd2a0a7794c,0.0,0.0
03dac778-3739-42f7-861a-c4f32e054669,0.0,0.0
04067fc1-b841-4c5c-b1b3-1fa874867445,0.0,0.0
041b148e-437c-4f1d-8d34-9e58760a4b11,0.0,0.0
0434f065-1e73-4df9-862c-1cbba7e37b02,0.0,0.0
0449e3b8-cd03-4535-8e1a-cef000a07270,0.0,0.0
0461cae8-c4ac-4411-8267-64bd2e23d5dc,0.0,0.0
0475b6cf-8ca1-4d8f-8b29-d4d17f4574b7,0.0,0.0
0475bfa0-36ee-44cc-a2bf-63821bf28552,0.0,0.0
048142ef-62f3-425f-b4d7-bf7c61219135,0.0,0.0
04a0d453-5988-4d8e-95cf-aa989b228a61,0.0,0.0
04a2d21a-c9b0-4c88-bc54-ee9f65b4d1b0,0.0,0.0
04b2e81c-a3b6-4a37-84b4-558b2bd13c77,0.0,0.0
04ba3508-4bb8-4a7f-92a4-4f16743514f5,0.0,0.0
04c37019-7660-4501-b031-9c17d7ca2d60,0.0,0.0
04d3cf6a-6e35-4fc3-8d02-d3b39432ea06,0.0,0.0
04df4b3d-8841-4e2f-8536-d1d9cefd0572,0.0,0.0
04f54505-160a-48a7-bb7b-4e75650457b7,0.0,0.0
04fe66ee-becf-41b6-9110-3b70f835e06f,0.0,0.0
050c9aa7-1a3c-4198-bd6e-b71e87f6421b,0.0,0.0
051b98f9-123f-48fa-977c-22015a3ebbff,0.0,0.0
0523645a-ce00-432a-9d6b-777508c83a1a,0.0,0.0
0528d484-9e37-4140-a43e-894fa1ae987a,0.0,0.0
0535ed57-a197-4e69-ae4a-102a6ecfe249,0.0,0.0
0548df31-6858-4d21-8878-8d5638aa5764,0.0,0.0
0560ca13-1058-4a8d-8629-2b720250b8ca,0.0,0.0
058c942e-6fe4-4e67-a047-3cecf68167f6,0.0,0.0
0592fdcc-d1b8-404f-9f23-725b50760949,0.0,0.0
05936245-fb6d-4a1b-864e-e39d1dc557ab,0.0,0.0
05a38ac7-262d-4136-9f67-7ae62b37334b,0.0,0.0
05e15184-37d6-4889-8254-3b0a3a6bbea6,0.0,0.0
05f24aa0-bedd-4d21-a21c-ec2306d8dbc3,0.0,0.0
05f52020-6bc7-4128-a9b3-1bc5a0631f49,0.0,0.0
060b0040-d2dc-49f5-91ae-e24bdd0ef807,0.0,0.0
060e6959-0f31-4da9-a31a-e09ba3cb8066,0.0,0.0
0619dde5-26e7-4e0d-838f-91c564614a68,0.0,0.0
061a84b2-b182-45db-8895-b4990b610849,0.0,0.0
061e727a-4153-4577-b716-6ff5d8ea8d75,0.0,0.0
06294a62-d805-4e35-bb23-d55e3c0ca591,0.0,0.0
0630090d-453d-4d3b-9c95-0eb05c36cd5d,0.0,0.0
0647b5c6-7839-425b-96b1-330d6722f043,0.0,0.0
06622f4d-c964-4762-a72d-a773037f0af6,0.0,0.0
0697b5d1-0b52-40b2-bd0d-233b4765fc9b,0.0,0.0
06b30374-410c-4f4d-8ea2-4fcf9bcf0c56,0.0,0.0
06bb5b73-80d7-4a7e-838b-2e27f90dea48,0.0,0.0
06cb985f-95e5-4f2e-9fc6-4ad813d68775,0.0,0.0
06d878e8-a2fa-455a-983d-8bef859838fe,0.0,0.0
072f287c-fa0a-48f6-a9a9-71c5d06dd7df,0.0,0.0
073fe400-bdd4-4717-9cb0-9062f7f8c000,0.0,0.0
0742ebc5-14c9-47c8-9715-0773c3ed5818,0.0,0.0
075f12ed-aef6-4187-80da-7afd47b182d7,0.0,0.0
077b74fc-2698-4e85-99bb-b10f36ae79b0,0.0,0.0
078153e9-7f9a-49aa-a3d7-b384700a2d38,0.0,0.0
079f1f78-24a0-4cb4-9061-e9ecf47779e3,0.0,0.0
07a8895b-5ff7-4c30-8c9f-8a55e00f5574,0.0,0.0
07d783c3-a709-4609-8adc-1c73f4952e97,0.0,0.0
07e5906c-bd77-4f35-9b84-fba77606ca03,0.0,0.0
084850af-4730-4001-8a63-4083ee2687b7,0.0,0.0
084929f7-cb2e-48a2-b664-f95d6553585b,0.0,0.0
08b1c721-34c0-46f8-95b0-ad3c7f883bf1,0.0,0.0
08c01515-4ccd-4fcd-af36-9d41fb2379b9,0.0,0.0
08c0f94e-f0a3-458f-84d1-d840e02b85e8,0.0,0.0
08c8235d-7721-497c-9a37-f37b0f9be896,0.0,0.0
08cc2379-8419-473e-99bb-ce0904cfb52c,0.0,0.0
08e9e967-b8cc-488f-b93f-7b6dc245af59,0.0,0.0
08f21271-1723-4175-82c0-b7b00f8d085d,0.0,0.0
08fcf88a-3a7f-4e26-9532-6b0a7103d56f,0.0,0.0
09011acc-a2a7-4278-b7b2-fc2cd38a6e78,0.0,0.0
09186a82-8079-4844-89fc-a3b66d19e34f,0.0,0.0
0933df91-eb94-4d28-a96a-15627bcc6fca,0.0,0.0
09485ab7-5d8d-4620-b1d1-95b4bc2a7272,0.0,0.0
0954b9fa-bbc4-4799-a2c8-8c9b89e17450,0.0,0.0
095c4d81-e97d-4801-9cfe-02a04e479366,0.0,0.0
097a8c90-3c6c-4403-8404-5c17ed759c1d,0.0,0.0
09a1665e-c178-4a21-bd17-74894930fa06,0.0,0.0
09ada9e8-207d-44a6-812d-c4561051c6b3,0.0,0.0
09b4c2ea-95da-4eea-bde4-d6d3108d60b6,0.0,0.0
09c31481-cf94-4425-a14d-b7d62e6a4fbf,0.0,0.0
0a08dc99-865b-449b-8ef0-a91d38e13c3e,0.0,0.0
0a34ef8d-056e-4270-9c8c-e09ff37a8957,0.0,0.0
0a36cd8c-2a9c-4323-a98f-c12913e15886,0.0,0.0
0a4349f7-6774-43e7-88bc-15699604f9c5,0.0,0.0
0a4a3b83-0d02-45a4-8285-03662fad1dec,0.0,0.0
0a973cbc-59e7-4d30-adb7-d20f2bbba6f4,0.0,0.0
0ac8834f-a98c-4f36-ba02-39478bc0e0d9,0.0,0.0
0ace6fca-46e7-4858-bffc-5c0d0d21a85d,0.0,0.0
0adbba56-85f8-49e0-9b11-000622238d91,0.0,0.0
0ae0166e-2951-42c9-bbd6-f4a4b45864d7,0.0,0.0
0aea9bdc-0d69-42cd-afc5-cffb6662e80d,0.0,0.0
0afcc042-f120-4d7b-b7a4-5afc4b5970a6,0.0,0.0
0b06ecff-6715-4ade-afe3-9dc5c2d05149,0.0,0.0
0b1fba9e-7ddf-4698-8dbe-914fcd64a12d,0.0,0.0
0b27fc0b-3846-4b00-99b3-21e433fd4adc,0.0,0.0
0b5341fe-6f3f-40bc-9f31-bef1f95ebc28,0.0,0.0
0b5834eb-ab94-4a52-9c75-2ee220043f90,0.0,0.0
0b8849e7-2b18-4151-a36f-b792c1b82aff,0.0,0.0
0b8f6567-2c62-45bb-ac34-02c0df726b27,0.0,0.0
0bbba4c9-0595-4057-ae6a-f9b17ae5714e,0.0,0.0
0bd7a121-e468-45b8-b73f-743ed2cf083c,0.0,0.0
0be585c8-cfce-4e41-aa8a-a848fd4c3dbc,0.0,0.0
0bfb33b2-c061-47ba-ab81-c381ce139e92,0.0,0.0
0c023d20-c0bd-4abd-9321-de2fb81d45ba,0.0,0.0
0c091211-9a45-4698-9876-109eb4daddbf,0.0,0.0
0c11e979-e496-4ef0-ac00-88e9e1e34d09,0.0,0.0
0c2a9faf-76a1-4b1a-bd3b-77749c7f586f,0.0,0.0
0c397dc2-794a-412e-b348-c2746b2d6aaa,0.0,0.0
0c9f3535-9977-43b1-bd93-b88b050ac049,0.0,0.0
0ca2eda8-ffd1-47e3-a623-5ba7d7259f53,0.0,0.0
0ca5481b-74ef-476b-b960-706b94031ecd,0.0,0.0
0cc0581e-89d7-44ca-923e-5b521dbd0783,0.0,0.0
0cd59e3c-4330-4578-ba44-9d668da845cc,0.0,0.0
0cf450c0-131b-4e54-acec-9de295d13bda,0.0,0.0
0d05757b-a24e-42d8-a785-878e38c9f949,0.0,0.0
0d0b1258-695e-4c61-9bca-9ff829fd894f,0.0,0.0
0d1031d4-bbe4-4da0-9fb9-fcea741b1416,0.0,0.0
0d125226-7318-4cc8-b976-33ae5c9cdf75,0.0,0.0
0d254d8e-1d33-4894-8bfc-6fdaafd81b0e,0.0,0.0
0d51f9e3-d121-40e0-a3cd-082b72d035d0,0.0,0.0
0d71ade4-2947-49ef-8c13-213f04af321c,0.0,0.0
0d86bb2e-6eda-453e-b684-b85be130baf6,0.0,0.0
0da57bd6-353f-4f7e-afc4-debbca70eaa5,0.0,0.0
0da6d7e9-9b0c-4dc7-ab6b-73583e80f45f,0.0,0.0
0dab250c-1cd8-4d7c-b584-d8be0eda56e0,0.0,0.0
0dc000cf-5850-4ae3-b7cd-452f50807402,0.0,0.0
0ddb8074-cf3d-4e3c-83c5-64dd408a3ed1,0.0,0.0
0deace7d-fefa-4e01-b74e-13c83da40539,0.0,0.0
0df1d97b-c810-4a34-9c5a-bd5e890f7fb3,0.0,0.0
0df62e2f-a3ba-4e10-bb98-9cdc7fef7136,0.0,0.0
0df77946-d73a-449b-b663-353dbdcf4cfd,0.0,0.0
0df79512-52e6-4852-b6c5-ceb3bba54c67,0.0,0.0
0dfa5ccc-a55c-4e9a-9ad2-61e749098b3b,0.0,0.0
0e2c4440-9482-400e-954a-5137b87b3f6f,0.0,0.0
0e34fba8-2463-4a62-837d-9d998a5a3480,0.0,0.0
0e3c2113-26ea-4cd1-8610-282ddc20a595,0.0,0.0
0e3d4ba3-be2f-45bc-b9d8-a2da249d9fe0,0.0,0.0
0e4c339b-db2d-40ad-ad92-456a72321bdd,0.5301358103752136,0.5241854786872864
0e531a2f-9292-4d6b-be47-3649ab962bb0,0.0,0.0
0e559cd9-5768-400a-951b-16b2d18b8001,0.0,0.0
0e81182e-af64-4ad7-b353-3d4c1e55fa88,0.0,0.0
0ea23dc1-e9ed-4d86-bdf1-97a08a4fd12f,0.0,0.0
0ea7ff13-9bda-4efd-9ff2-014cb57ff0d5,0.0,0.0
0eac7086-0d29-47ff-b949-c259075cc935,0.0,0.0
0ec8096d-9885-4e77-b9d1-25e29c615232,0.0,0.0
0ecd4fff-09ce-4306-90b1-cdba720c4212,0.0,0.0
0ed5ec87-4dd3-4a6a-960d-4e04ece80ed2,0.0,0.0
0ee5dd3e-44c8-4e18-bbfc-f817edf7fdaf,0.0,0.0
0eee0398-1f71-4f6a-b505-0e82f191a305,0.0,0.0
0ef4c7c7-35a0-4f9d-a43d-734f532a2f0d,0.0,0.0
0f14ffba-8ae5-449e-9323-89d2e2ce51cb,0.0,0.0
0f26745b-afbe-4156-89dc-a162903ad5b3,0.0,0.0
0f386bbe-5d73-499b-b50e-76a155828717,0.0,0.0
0f3e5600-4e0b-4cc2-ab50-f51045318d22,0.0,0.0
0f4d0124-2468-46f4-ad38-4100a854ac7c,0.0,0.0
0f540fcf-6216-4af2-a9c5-0b4512956e6c,0.0,0.0
0f776622-eeab-42cc-9572-0b8ffe4258ee,0.0,0.0
0fa261f8-09c6-4fd3-bbd3-8037f5470042,0.0,0.0
0fb36da4-76b7-40fe-8adb-bab1d206a69b,0.0,0.0
0fb3a882-1267-4ce6-9cc6-ec00421cce5b,0.0,0.0
0fe225b9-c7b7-495a-9f06-264443c0d922,0.0,0.0
0ff6b9dc-eba4-411a-b598-7f38cd6aa3ae,0.0,0.0
0ffe6713-d52f-425a-bd7a-6d8d7e959402,0.0,0.0
1034678b-3dd0-433d-a9b5-be1b1cdc8ebe,0.0,0.0
10414976-3bbc-4191-a894-d96cf1620e35,0.0,0.0
10a96ee1-d3ba-440d-af46-9fe485ffc504,0.0,0.0
10d8c239-6cd1-4c55-b675-74bfc449ffc8,0.0,0.0
10e5e69e-9310-4ed8-bf38-6d7cd217b166,0.0,0.0
10eaa111-9f84-40a2-81bb-e2e071b4e528,0.0,0.0
112afd38-79ee-4663-96d9-68b9376d464b,0.0,0.0
11360d41-2368-4e5b-9c2a-9d9555692cde,0.0,0.0
113717eb-6414-45bd-9020-e76fc03b643b,0.0,0.0
113cbb38-2b46-4129-8cb6-3e97a8a234b0,0.0,0.0
11633ac9-e9ee-4018-86ae-ae724611efe1,0.0,0.0
116b2c78-10b6-4ed8-b302-88c86a241105,0.0,0.0
117266a4-d4dd-439d-b90e-df0bcd32b77f,0.0,0.0
118284d2-52c4-491d-aeaf-bff311bef293,0.0,0.0
1186b831-2840-464f-b625-820ee7e6db77,0.0,0.0
118eea2a-aefa-4602-b538-7c0b0f69cf3f,0.0,0.0
119ceab7-5951-4559-ae1c-231ac27c46a4,0.0,0.0
11aa2f83-1983-4a33-96d9-368a78885090,0.0,0.0
11c8f4f1-beb7-4809-962d-ad149e1fc981,0.0,0.0
11d2f8ad-4a6f-4fcc-99ed-0bea6a1f048b,0.0,0.0
11d79751-b1d5-4b99-b3ad-7a1369a94b3c,0.0,0.0
11e05f2e-27e6-48c5-8157-5d59f30a737f,0.0,0.0
12009e99-8600-490f-b402-285112236d53,0.0,0.0
121045ed-ed7a-45ef-9874-af72498aae2f,0.0,0.0
1220e917-7095-464a-ad8a-bd19fa2e7c84,0.0,0.0
12216b12-38da-4a89-9611-ae3f8a9009f8,0.0,0.0
1231cf80-5571-4018-8625-de1251209909,0.0,0.0
1242ae32-445c-4617-bd60-31dc7b8d29eb,0.0,0.0
1243bd00-e3b6-4920-9f84-0c44cc7436d7,0.0,0.0
12a1fb8a-7539-4313-a271-447cbef49840,0.0,0.0
12a4d8fd-ee5e-4cbc-8706-b7e2adcf53ea,0.0,0.0
12a6815b-b8f0-4a8e-8fbd-ff7694f0c9e5,0.0,0.0
12dac0fb-f891-413b-ae06-f337ba49e649,0.0,0.0
13014f5e-205f-49f5-9a9d-333817471ff7,0.0,0.0
133904b3-2b35-4a44-9784-b35698d6e868,0.0,0.0
134c74ef-a902-43b4-a893-feb483a4431a,0.0,0.0
13553e38-c23c-4f6c-949a-66662c8a1710,0.0,0.0
1374b679-f72f-48ce-811e-d6def0b31f89,0.0,0.0
1389cdc4-bff5-46a1-b325-f6437dae2123,0.0,0.0
13b55b5b-5b22-4f2c-b126-6f69e4bdeb03,0.0,0.0
13c30ac7-a5b3-4f20-a1c0-de83d9826ee6,0.0,0.0
13db3c24-94a2-4540-94ab-7660bf8ace3c,0.0,0.0
13de74e3-cc39-4bf5-8f00-1a19ec767c67,0.0,0.0
13df20ac-6c4f-4415-a62f-822348ed3ff3,0.0,0.0
13e3c5b4-b5ab-4ec3-8860-a709490ad1ae,0.0,0.0
13e4e4d4-09a5-44c4-bce2-cd8f543ef95e,0.0,0.0
1430cd03-7bea-4ae6-a220-96ba6719e5a2,0.0,0.0
143cb779-f3e8-44ad-999f-9f5b3230c5ff,0.0,0.0
143f87a1-4119-4c26-ac36-ded501ce6478,0.0,0.0
1451ec32-0e10-40d5-8e73-c5dfbc202dcd,0.5371159315109253,0.5059323906898499
145f88f5-6372-4941-9de2-98d7f3507ea9,0.0,0.0
1462c297-5507-4ace-9f20-b1b2563ed7be,0.0,0.0
14648e70-aa5f-4988-acfc-2e1fd6150dd0,0.0,0.0
14670a15-c063-4b15-8e2b-ef26d9e9a27c,0.0,0.0
146d105c-0987-4f22-958d-6922dfe8e0ad,0.0,0.0
14737c3d-dee0-4bf7-bdaf-7c4cf8d977ea,0.0,0.0
1491d065-c4a4-46f9-8b37-650d70cd29d8,0.0,0.0
14a7b09a-e24d-4f41-9050-c22774c7fe52,0.0,0.0
14ad21f2-e35f-4f98-ace1-070e565e10c9,0.0,0.0
14be60ea-cfd2-484c-8f81-958764dc8463,0.0,0.0
14c42d42-7303-40eb-a4a6-6efa267bb958,0.0,0.0
14c55edc-233f-45a7-b573-df57424b23cc,0.0,0.0
14d001d3-95a6-41cb-b92a-ddf30f79e54f,0.0,0.0
14e778e0-2e5f-40b5-bd27-bc8718ac8341,0.0,0.0
14ebf7a5-d3fc-46f6-ade6-9fe3799b2a89,0.0,0.0
152902f9-6a07-4514-a7ed-7d2308e6adf7,0.0,0.0
15318c0f-5656-4d85-bb5f-45aab59b0e95,0.0,0.0
1571c87d-ea68-4418-a049-d4fc3d8d35e5,0.0,0.0
15813530-5682-4b49-8381-d44d407d780d,0.0,0.0
158cc185-85d6-4d1a-b0fa-baad01e25b9b,0.0,0.0
158f0887-bf71-43ff-b6c0-aa4817326faf,0.0,0.0
1593f950-e7f6-46ab-b6ca-6e30881669ca,0.0,0.0
15979b0f-cd79-487f-b13e-510278f3dacd,0.0,0.0
159e29fd-3c47-42dc-ac22-811a080e4a09,0.0,0.0
15ba33fe-0d22-47bd-809c-b6bdeaa0cfa4,0.0,0.0
15cea6d5-3699-4550-ac59-00b3f44a00fb,0.0,0.0
163ee869-e22b-4455-addc-7f57c142063d,0.0,0.0
16529613-4ecd-4732-8c63-28d85db13163,0.0,0.0
1675d20a-135b-4988-8001-64b02ebe338c,0.0,0.0
169408d5-7d5e-4ab7-9cf2-9299676169fe,0.0,0.0
16a8c52c-8c19-41ca-b1fb-3842c75c116a,0.0,0.0
16bb9733-c6d2-4343-9072-74693149b1fa,0.0,0.0
16be2b78-3b37-40bd-ad50-8ce1a2e60068,0.0,0.0
16c263c3-9a24-45f0-be4f-d29eec93d7d8,0.0,0.0
16cac8d2-3c12-42ba-9809-f513d9887c70,0.0,0.0
16d066af-0e37-4ef3-be9f-4d6455b41836,0.0,0.0
16e55d01-b1ba-4bc8-8dbc-4e10c962eb0f,0.0,0.0
16eb50eb-af40-4d97-8482-26cfa0650642,0.0,0.0
16f55760-907f-46ab-96cb-f210d95947f5,0.0,0.0
172704ba-e6b5-4884-ab98-c0bd3a6729a1,0.0,0.0
172efd59-7be8-4372-9032-c725ee013666,0.0,0.0
176b7c21-4641-4c95-ba8f-7947e097b334,0.0,0.0
17730db3-f5a6-41e6-8a1e-3dbb1913400a,0.0,0.0
177fef65-0707-4dd7-b6fa-84dc50332de4,0.0,0.0
1781a5d1-11c1-444d-8f95-e5c02e6fe561,0.0,0.0
17acc4a7-6a9b-46ed-97e9-c896071d419f,0.0,0.0
17c197aa-e322-4c71-9645-bdb534472217,0.0,0.0
17f821dd-a2d1-4005-af82-e4343f35b405,0.0,0.0
1809adee-c441-4434-9eb6-541791d078c0,0.0,0.0
180d6a77-50d7-4dc0-ac00-2376447d3b2f,0.0,0.0
184b16b9-04f8-4c56-b477-b143199945d4,0.0,0.0
18579294-352f-4967-b1b4-f28cf1ac0a62,0.0,0.0
1863a136-bde0-4f56-a081-4e6fc4794f8a,0.0,0.0
1879954c-6bc5-4f95-a41c-03f68ab49b5c,0.0,0.0
18863e94-baac-4ae8-adfd-c6fb1918f6de,0.0,0.0
18af88f6-79cf-406f-a586-b3813a831938,0.0,0.0
18be5dae-470b-481c-bb92-62754f48fb7d,0.0,0.0
18e43d59-26dd-4882-a2b4-547fa8c49d07,0.0,0.0
18f9973f-82d7-4a8d-9f14-f461fe531acb,0.0,0.0
1909440b-10ba-4155-9ab1-b3470d8942cd,0.0,0.0
191e143b-cd92-4d05-b2b6-35805d93764b,0.0,0.0
19202153-95f3-4d44-84ec-ee0777cae356,0.0,0.0
192d0a35-497e-47d1-9361-fe6aec49aa84,0.0,0.0
194117a3-6f90-469b-aae7-6b9041f9079f,0.0,0.0
194945a9-4e98-4075-a162-1c759550b7c2,0.0,0.0
194cf59e-d761-4fac-93fe-361ffca5fdb7,0.0,0.0
195bc7ee-d6c9-42bd-8fb6-aa1e8e40ed32,0.0,0.0
19733d42-1692-49a7-84f2-cf4a319b03b1,0.0,0.0
19855e79-39dd-43c2-bb8f-ed9485501f59,0.0,0.0
1989c6a1-572c-4b10-acde-ee97e3ed7ed0,0.0,0.0
1994ef54-7a2a-4ca6-b4ae-68adc3eb1b3e,0.0,0.0
19969e32-c673-47e0-bbdb-42e9633ccb0f,0.0,0.0
19a846ba-b83b-4ec9-9118-ae922c746b35,0.0,0.0
19aeab42-f702-45d0-8445-e43664f5498d,0.0,0.0
19e82d53-ca08-4af2-8cba-a4f7fe5643c7,0.0,0.0
19f41b6f-029b-4c56-93b0-a41697a6ed2d,0.0,0.0
1a0ba16a-2029-42eb-b911-5db46af2db44,0.0,0.0
1a254f0a-1c18-4df5-bb41-6bf9e7e0891a,0.0,0.0
1a2d6c3b-ac5f-44df-8ceb-4d69150eabf3,0.0,0.0
1a32f5a3-5faa-40b6-a33b-fb415891f58a,0.0,0.0
1a3d6eae-3ce3-4a0d-9959-b091353bd2ed,0.0,0.0
1a4564be-a234-47d8-9d48-0e1573d5f4b7,0.0,0.0
1a47b268-7727-425b-a008-d4d23c4d762c,0.0,0.0
1a6ee345-8465-4f14-90e9-8e0d1f422135,0.0,0.0
1a7d7d6e-75d1-4296-a30d-91fb9b4fee71,0.0,0.0
1a8ce12e-0481-41f8-bc60-d60c9a1661c2,0.0,0.0
1a91b830-1f05-42b1-b83f-6aed981178e4,0.0,0.0
1aacc091-bd89-43c3-9e9b-ded44c7a3881,0.0,0.0
1ab17b7c-1203-49f6-92a3-d3a93604d932,0.0,0.0
1ac7be3b-32c7-417c-a1cd-a0e98315c392,0.0,0.0
1af954af-3764-410d-ba51-0e432f1b399f,0.0,0.0
1b4469cf-7207-4362-8967-0839cabda5a4,0.0,0.0
1b6a445f-c6b8-4166-b15e-9205b68b9e03,0.0,0.0
1b6a6930-9ef2-4db4-b4c7-f55cc0fd3a70,0.0,0.0
1b9c5793-75ac-4245-8821-73bd380c74e9,0.0,0.0
1b9ea92d-0605-4203-ba52-1ca236ccc700,0.0,0.0
1bbf886b-2fde-43f9-9154-9310b93b8d2d,0.0,0.0
1bf7142a-ecd3-4d70-b7a5-31a55fb46cff,0.0,0.0
1bf88704-a731-4da8-a0ad-a060ff9b9c5e,0.0,0.0
1c15fc4f-28f3-4255-9796-b7efa6bd3cbf,0.0,0.0
1c218ca9-34c2-402f-9bd7-15946b713bd3,0.0,0.0
1c462711-264d-4dd7-97a7-5ca54e5256fc,0.0,0.0
1c4f558f-323b-4fb8-ba72-87d964c75052,0.0,0.0
1c541dff-1220-4661-9e86-4f3deec5a479,0.0,0.0
1c555a7a-aafc-499a-a507-e3b79afe43f7,0.0,0.0
1c67944c-4bb7-47f2-a831-609228df1985,0.0,0.0
1c69e899-6af7-43aa-b813-5f8469dbb93d,0.0,0.0
1c7bb970-4b60-4f62-812e-e73adec4075e,0.0,0.0
1c7ce399-85ab-4732-897a-0c5ad63ca60f,0.0,0.0
1ce4a6b7-844e-47b1-b747-72d86d6f1e59,0.0,0.0
1ce8ee3e-4928-4898-87e4-5a34407d3257,0.0,0.0
1ce982b0-1f9e-4e01-a43d-103c73413600,0.0,0.0
1cf3d9a9-a43f-4ff2-adb7-3fe6f2816809,0.0,0.0
1cf49afc-54af-455d-b168-531ea7ba307c,0.0,0.0
1d113eb5-b653-4cf7-8e62-008b76a7cae3,0.0,0.0
1d131d9f-e6c0-418e-a9cf-c3ebe95c3baf,0.0,0.0
1d1da81c-602f-47cf-8ce2-705d2c9fcab7,0.0,0.0
1d210136-c6ca-4403-a61b-1adec60f72a7,0.0,0.0
1d31bd56-3ae2-4e1e-b3ba-0a2ad79be715,0.0,0.0
1d323cfe-7339-420e-b195-f990a28dd22a,0.0,0.0
1d338a71-f041-4e3e-8332-d7403334f2cb,0.0,0.0
1d3b2535-da1b-4f28-b241-9319d959dfc6,0.0,0.0
1d44141e-36d5-443b-aee3-5f632068e19d,0.0,0.0
1d666c8d-8107-44a4-a347-298a7f3b9330,0.0,0.0
1d9db7ea-68db-4799-a6d7-ae77266564ae,0.0,0.0
1df46267-d630-40cd-aab0-ac4ae056a00e,0.0,0.0
1df5443a-1854-4a38-b5f2-f5e303d84613,0.0,0.0
1e05cf9c-8b28-4124-9696-a63a65bd0d1e,0.0,0.0
1e256537-e85e-448b-bab0-dbad51dc1a1e,0.0,0.0
1e2a77d4-3db5-4616-86f5-3a1c4e99cccc,0.0,0.0
1e3fd638-922c-4cea-9a1d-822951b655da,0.0,0.0
1e41939e-f892-43d8-8676-53e6e6926c4c,0.0,0.0
1e5de5c3-3086-41c3-b809-bb7b9230ad9a,0.0,0.0
1e611600-2db9-45cd-a563-42fa379c5c7c,0.0,0.0
1e6907ec-573c-4671-94f3-1c77b0a84177,0.0,0.0
1e6a47d4-132f-42ef-af89-52437690ef48,0.0,0.0
1e7fd14c-5193-464f-9503-749cac8aec04,0.0,0.0
1e837060-fb32-483f-bfd6-b6c79619fb44,0.0,0.0
1e90c466-b1df-4339-88a8-e48beff49baa,0.0,0.0
1e94eeac-6a4f-4abc-b5ad-5d1bdc47090a,0.0,0.0
1e9d82f8-9775-4b7d-94d5-4ebf7529a299,0.0,0.0
1ebcdfb2-3890-4d12-8778-625cc42c6447,0.0,0.0
1ee186fc-5f1e-4241-8a18-eae1dce044b9,0.0,0.0
1ef48103-6bd0-4a90-a1d0-ff6a6de466fd,0.0,0.0
1f0a7f00-b445-4fc2-874e-6bbaaa1f1a93,0.0,0.0
1f0fa799-54bd-4ab1-bda8-6dd496b33cd5,0.0,0.0
1f3da580-2050-4565-be2b-fe75f2445e32,0.0,0.0
1f40c7bc-3766-42da-b300-fd2ad7bee3ae,0.0,0.0
1f4385c6-f530-4e4f-aa08-d264c9e7d593,0.0,0.0
1fa6678b-ae02-49b3-adcd-dc090d2d2f02,0.0,0.0
1fab3228-0925-407e-8230-b31a905f2c3b,0.0,0.0
1fe1f14c-603b-4a08-860f-1f1f5c28d4c3,0.0,0.0
2002b92e-8ef5-4227-8835-e2b07a7018bb,0.0,0.0
200304ba-c9dd-4928-8dfd-da4cf70adca2,0.0,0.0
200cc13e-7b2f-426f-9515-74400d477240,0.0,0.0
2010c5f9-88c8-4be7-ae5c-db01f2a4ebca,0.0,0.0
2017e8de-a2d4-4e0b-aae5-24b6b5417967,0.0,0.0
2021ede1-ae3a-4edd-a26d-3ec536e4d027,0.0,0.0
2052c492-6f36-42a8-a523-56fbf4434cac,0.0,0.0
20587e41-61f7-4f78-ae2f-46b72ff17704,0.0,0.0
205c9818-3677-4162-a45d-505ebe54e176,0.0,0.0
20806fb8-f9a1-4da5-b12e-738a12a1f854,0.0,0.0
20b57b9c-e879-4c08-b5ab-4a5f6c604065,0.0,0.0
20bdac2b-8d89-481b-870a-89327c7a9450,0.0,0.0
20c6d835-0d9d-4779-9ab9-6e1e1bc19e47,0.0,0.0
20fdfee4-e735-426d-a06a-8827723dfbef,0.0,0.0
2105b342-06af-45bb-bf70-4df71c71afe3,0.0,0.0
210910ce-9597-4cf5-979a-e211506a14ae,0.0,0.0
2110576f-09b5-4d40-b47d-cc6d879a48b9,0.0,0.0
2116a718-4b17-49f8-80a6-9998e5860060,0.0,0.0
21391c6a-870b-492c-99d8-c9e17ab51198,0.0,0.0
21761731-d0eb-4f88-8248-17814a9ff864,0.0,0.0
2179416a-99fb-4121-86a2-cf0b7d4d09f9,0.0,0.0
2180998c-8eb7-440d-93ca-868ae0cbb904,0.0,0.0
21873a52-0220-4743-88fa-cab890e5c928,0.0,0.0
21add2d1-cf78-4255-a27e-d697ee8e3956,0.0,0.0
21b5eaab-b339-4fd0-952c-8537997c9139,0.0,0.0
21b95b86-d738-49a4-b6c3-767ec81ec2d2,0.0,0.0
21cb38a5-b632-49dd-b0aa-8c7b8ccd6bab,0.0,0.0
21cc0547-d4ae-4612-8c24-1ec1992782a3,0.0,0.0
21cc224c-dddd-4560-9a24-0be5c0ba4686,0.0,0.0
21cd4656-8da2-4f89-be0e-fc1d9cfdf1e1,0.0,0.0
21d50d15-eae9-428e-8def-b6b256b6dc35,0.0,0.0
21ea2576-930a-4189-985a-efcfe3b4ad0b,0.0,0.0
2206f907-cb8a-4a9c-a95b-52172cb6810c,0.0,0.0
221946bd-62d0-4fa8-bb0b-a1429ab20311,0.0,0.0
222ad78e-6b44-4167-a6a1-a6b485004bfe,0.0,0.0
222f6acf-3f46-4452-b367-fd121f7a8336,0.0,0.0
224c8a4f-35e4-47f7-b1ae-712dfe42a791,0.0,0.0
224e3dfb-de3f-49b3-bbba-7ae8564b6660,0.0,0.0
2272479c-bd5a-43b6-8c2b-92b5f3cf2379,0.0,0.0
2296e256-7cb4-4ebf-a6bb-17027559f6b0,0.0,0.0
22a11cf9-90fe-4308-9993-ece00aca05aa,0.0,0.0
22ab06e9-ea51-4165-9487-db33beb9cf28,0.0,0.0
22b1765f-f92c-4d29-aac0-47818751d155,0.0,0.0
22eac150-bdcf-44fa-bb4c-b08ba4625d27,0.0,0.0
2325c66c-1f08-4c67-ae46-fadb26f577a6,0.0,0.0
2367c9de-f393-463c-9cc0-91295e767d60,0.0,0.0
2380ae7b-eb03-44c7-9626-e798cbeced3c,0.0,0.0
238dd768-1389-4326-99eb-d0c62b000343,0.0,0.0
2398cf35-869b-49f4-9675-4b41f604e1a8,0.0,0.0
23c57611-52a1-42a8-96c8-c0ff4a1663cf,0.0,0.0
23f1786d-5517-4d0e-a33c-04d9425ca98c,0.0,0.0
23f90ab4-e302-429b-8b6a-4d8753eb8c6d,0.0,0.0
24221068-cb0d-4b08-971c-4bd61f3bf7df,0.0,0.0
242e04c3-8b12-462d-9295-7e2bc45c1c51,0.0,0.0
24351ab5-db4c-4cef-aff5-18f6a67c2471,0.0,0.0
24463085-20ed-4038-b001-be97de53bfc4,0.0,0.0
244d8aa9-c823-424e-9b12-b63ca1bf6c80,0.0,0.0
244f2477-4392-47fc-84a2-b58b6bc3342a,0.0,0.0
2485012c-3bae-46a5-8ff2-e6a26d835940,0.0,0.0
24b08625-ff62-4a28-aa94-31cd0579c7d5,0.0,0.0
24cf6d73-0096-4608-9eb6-ced1f6c122f9,0.0,0.0
24e1671d-023e-48ff-a9d6-7245f9901968,0.0,0.0
24e32c9e-e7cc-41bb-bc0a-b3e499fe7833,0.0,0.0
24e3e391-5e75-4a3f-9536-01286f190d0d,0.0,0.0
24e61254-f0e4-4bcc-b2af-1a1d688d3f5a,0.0,0.0
24f7c0cd-9329-4339-9d43-64b4dbf0d15d,0.0,0.0
24f8dd3d-dead-40fe-89b4-921780f4c7e1,0.0,0.0
2525668d-0443-4a97-bad2-0cf65cbaa6d0,0.0,0.0
252a7339-968a-47df-8d90-a607d8792686,0.0,0.0
252d5ec0-a400-4818-8a94-0e13ca674a82,0.0,0.0
253c2443-b820-4c13-bf6d-ba7a5426f52d,0.0,0.0
25417ce7-8980-427f-bb5b-e63caf7e2127,0.0,0.0
254bbefb-9fc6-4ef4-a5fa-1f29e47f8970,0.0,0.0
255a45ae-fef9-4f03-b54a-30355ad4bf41,0.0,0.0
255a9e2c-1630-46ee-9137-dcb2849ffc13,0.0,0.0
2565106f-f5a0-4e11-8760-4baae10cc157,0.0,0.0
25759dae-3c4c-4b16-918a-7840f7aa3ddb,0.0,0.0
258291b7-cf05-4bec-adf5-c84a9fed5318,0.0,0.0
25afaa7a-a041-4429-ae8e-9b465a5e2f6b,0.0,0.0
25cf5b61-c9ec-48f3-8cfd-7dd0632c827b,0.0,0.0
25d186ef-2e0e-49be-9e78-50ef1e1cc172,0.0,0.0
25e16905-6e0b-4d40-a1a4-301e7fecab58,0.0,0.0
260491e9-7c37-4711-9b0a-a74fb520f0b3,0.0,0.0
261845ea-fede-41b2-b11f-18802bd30684,0.0,0.0
263e0f88-1ce7-426c-af89-8a548cc3d2d1,0.0,0.0
265b2de2-8a68-4854-bef0-7ece06f86181,0.0,0.0
2662125a-cf76-4cd4-9653-a98044f21c67,0.0,0.0
267b9f7c-9a6c-4fd5-a28b-5fefe27071d3,0.0,0.0
2687c3ff-58f5-4578-8e80-18a578a22b6f,0.0,0.0
2695045e-e06d-4026-88f5-823d3745c10a,0.0,0.0
26a7a2e0-7ba6-4c38-a6b6-3cabeb4d7ce1,0.0,0.0
26a9d2f7-8abe-4502-be73-32d31dc43db1,0.0,0.0
26bef3ab-19fc-4932-b59b-514eab65b6b1,0.0,0.0
26ca051b-7f31-454f-a831-6148afad62da,0.0,0.0
26d372f3-713a-42a2-bcd5-8a940d03ec51,0.0,0.0
26f097fe-377a-49fd-899d-1c4870ba3983,0.0,0.0
2708fa82-7eeb-4e05-a57f-8d7f5f16485c,0.0,0.0
27330392-633e-4dbf-af0e-030c81480681,0.0,0.0
273dab26-50f5-46df-90e2-a605bb056ebe,0.0,0.0
27557ce6-2121-4aed-8c19-fcf71bac750c,0.0,0.0
275f05d7-a52f-4c8c-9af2-2fc57ba8d03b,0.0,0.0
2760b476-13fc-46ac-a7a3-e5de8262ff8f,0.0,0.0
276470c5-318c-4e3d-a1ea-818b12a7bacc,0.0,0.0
277d01cf-ecbf-4bfd-a32f-f6927fe8dac7,0.0,0.0
2781b804-6f39-4609-8413-9005a4adc56c,0.0,0.0
27898e49-d2e1-4e93-b2cd-e8333986a9a7,0.0,0.0
27b2a53f-0a82-4ae3-890b-5c9238b4876f,0.0,0.0
27b97939-f976-4429-a1c0-f638ce722ef0,0.0,0.0
27cbedc5-b364-49ba-8aef-706688449899,0.0,0.0
27fb07a9-59a7-41ef-9731-0d8a8ee6b649,0.0,0.0
2807ab22-8115-44fe-b169-b49b019d5269,0.0,0.0
28114200-bc24-4911-85f9-fa692222f0c1,0.0,0.0
2813be09-8980-4dbd-b192-be7367212dcd,0.0,0.0
2834756b-6c87-4451-822b-69c7820ea96c,0.0,0.0
28372046-cba1-465f-bbd9-d39c9bc83ed9,0.0,0.0
283fd41a-df8e-46af-8cd7-3f24914f0b46,0.0,0.0
284dd0f9-e31c-4e84-a937-26cda3af96e7,0.0,0.0
285d9875-1355-4019-a5ab-c11b73d0d4af,0.0,0.0
286fc3ed-c150-4979-9be3-75449c97e2ca,0.0,0.0
2874ba53-7bb8-4459-ad66-6be3869feb1c,0.0,0.0
288396fc-9d23-4417-9e61-ee9ce2b969b1,0.0,0.0
288d1f20-bbd9-453b-a4a9-301cf113fd60,0.0,0.0
289917a3-6028-47b2-9100-b0d321c636eb,0.0,0.0
289a519f-2622-443b-9553-99767036a6c2,0.0,0.0
28b82e07-11b1-41ca-b641-e5ffe2f0abb8,0.0,0.0
28d34613-92d1-4a91-908a-1d4463a44702,0.0,0.0
28ec561f-4307-42cc-bc35-e851d98f5fbc,0.0,0.0
28f3d7d3-99c1-49e2-8ecb-36fc939edb24,0.0,0.0
28f95fec-fdf9-491b-a280-6485a38eb835,0.0,0.0
28ff0169-be7b-4d06-829b-3f66f31f1e04,0.0,0.0
291eeec1-47bb-49ea-b165-5f2f6d407b11,0.0,0.0
2921a50f-812b-416b-b077-32f470508dc6,0.0,0.0
29518435-9bce-441b-88df-dfd86e56a723,0.0,0.0
2964acfa-4d72-41a8-86f7-9f6ac7bb0228,0.0,0.0
296defac-1edd-4da9-aea6-e9564b4f6434,0.0,0.0
296e688f-e58e-4759-b3a7-231a3b10ec85,0.0,0.0
296ee779-710c-41a5-bf2e-697118b284a5,0.0,0.0
29826f3a-3cd4-456f-9ce2-6ff257553df0,0.0,0.0
29ab2439-23a4-4d89-a81a-ff30d4f90bcc,0.0,0.0
29abc410-b77b-4e9d-8d6f-ea7262d430f8,0.0,0.0
29b6ad2b-4ccb-407a-96c0-ec95b9374a92,0.0,0.0
29df6de6-aa11-4824-aaf4-c025e08272e9,0.0,0.0
29f94e26-8c8a-4868-a29f-cf836b87a21d,0.0,0.0
29fe61fd-3dda-4cec-9d6f-775eb016979a,0.0,0.0
2a219d09-8580-40f9-a9a1-186cb277408b,0.0,0.0
2a3f8d6e-71b2-403e-9a43-2dcf7aea228f,0.0,0.0
2a5833d5-1e5d-4b2b-98a6-356fc41c4670,0.0,0.0
2a63b88d-c028-4caa-9df7-0879883a2fd1,0.0,0.0
2ab633a5-24b1-46d2-af52-3d67aa961ee5,0.0,0.0
2ac317a3-239b-4bb9-8535-c6d07b13074a,0.0,0.0
2aeaa25a-e593-46ee-8a94-d3f3173b5c8f,0.0,0.0
2b3d088f-180f-4230-87dd-392cbd21f2ea,0.0,0.0
2b4af13c-acb6-4221-bcba-6a1bea7f9dc4,0.0,0.0
2b51a9e9-8729-4bf5-82e0-390ade642bee,0.0,0.0
2b546408-3839-4916-a6f0-e318e5789145,0.0,0.0
2b8fd546-d522-4fff-a855-5d230bdf7e3f,0.0,0.0
2bc0afa3-b046-4d4d-abc9-0d362c92bef2,0.0,0.0
2bc75988-0c2b-4fe9-849c-94f9ea3e36aa,0.0,0.0
2bd16d1f-b480-4344-94d1-5292a5ab6f72,0.0,0.0
2be20acd-7906-4c53-bdd8-453297422aa0,0.0,0.0
2c0f5ed4-da55-4310-9f87-a9a11865eda1,0.0,0.0
2c204f53-a54e-4a9c-a1e9-072944e2c1ea,0.0,0.0
2c63ac1a-99cd-4350-ac3b-23a45e30eba4,0.0,0.0
2c99802b-71f8-4284-9329-1d077faba50d,0.0,0.0
2c9a94df-3fbb-40d2-b980-156ff09a8bf0,0.0,0.0
2ca39916-68a6-46d9-8553-cb66019bf441,0.0,0.0
2cb4bafa-7c15-445e-b93b-49f38cbc9c11,0.0,0.0
2cd98826-87c8-467a-beaa-d7d7d5bc376c,0.0,0.0
2d16b527-859d-4921-8fba-51188d15226e,0.0,0.0
2d183a30-2667-45ad-bd3d-62a4ec75a407,0.0,0.0
2d26c904-a5c6-4d2e-800b-cb6290d102d1,0.0,0.0
2d2c4539-128e-4b3d-8fd4-7c8908cf5fdd,0.0,0.0
2d3ae3cd-e922-4ef8-9e6c-cfc1e5d960b1,0.0,0.0
2d3c56fb-b628-4db7-a0b2-2e4b31eec4d0,0.0,0.0
2d49577a-39bb-45cd-a24a-20789f29ca17,0.0,0.0
2d4ef325-bb05-4c3f-a2a4-8c561868dd7b,0.0,0.0
2d64d825-5854-4b2b-b39b-a872bf62fac8,0.0,0.0
2d677b0c-044c-4726-a227-a1bdc8f48725,0.0,0.0
2d68e02a-42dc-4d34-8db2-03525779cb21,0.0,0.0
2d713d95-4ad5-4f98-a73a-5c6d63d9955f,0.0,0.0
2d8657c9-d46f-4709-9680-7521414cd1ab,0.0,0.0
2d90ba00-b473-43b4-8b92-fc20f66795f5,0.0,0.0
2d946bb2-9b3a-45ac-ba44-f153ba738306,0.0,0.0
2da4c73f-0b6d-46c4-afa8-3129de070e89,0.0,0.0
2dd2a148-0715-433f-b8be-4a8e6a6fd3c0,0.0,0.0
2de7f427-bf35-400d-aebf-25f29fb0e129,0.0,0.0
2df7faa5-9aeb-44fa-a215-c3039cb51167,0.0,0.0
2e19d771-6ba1-4c25-8f0d-67108fcc0e82,0.0,0.0
2e20bc0f-2364-4d40-9e60-858e03789486,0.0,0.0
2e2cf3b0-82e4-412d-b4b4-933c2cd2a72e,0.0,0.0
2e4c7724-b596-44ff-8a2c-1329929b1a45,0.0,0.0
2e68729c-e1a6-47be-9b71-30ca93a4597c,0.0,0.0
2e8b6ad0-c458-412f-9cba-2594ec8c2a9b,0.0,0.0
2eba8caf-6132-426b-8f88-24948fe19bbf,0.0,0.0
2ec72686-61a4-41f2-bea0-7e394081dd01,0.7191064953804016,0.6670222878456116
2ece4ab2-dd93-4596-b097-3e58d0a020af,0.0,0.0
2ed9aa91-ac84-4b80-a3f8-d2d5ba60f8b8,0.0,0.0
2eeceffe-f8f6-4b05-9d61-d88293fbc818,0.0,0.0
2f0821f1-59ba-43aa-bb39-71722db84529,0.0,0.0
2f371779-9db4-4873-9e47-7b6ec67a331e,0.5927151441574097,0.5465986132621765
2f592171-f82e-489c-82bb-a700865c942c,0.0,0.0
2f5ba05e-f586-4fbb-8fb6-1bd3008a8fb6,0.0,0.0
2f883803-6416-47ec-8001-b4e27f11d485,0.0,0.0
2fb18e6e-0292-4524-89cc-16ebbb53d34c,0.0,0.0
2fcb09c7-214e-4433-9f3d-e927f251ed9e,0.0,0.0
2ff6e92e-d338-40d0-a77a-d4e5287f5279,0.0,0.0
2ff90ce5-e0fa-42ba-a8ec-7872ee8efd86,0.0,0.0
30049aa5-62c8-463b-b519-43e53d5016bd,0.0,0.0
3023aed1-b563-449d-b0c3-4aa41b9029b4,0.0,0.0
30276b5e-c59d-49f2-b70f-db7dbb4bb5b0,0.0,0.0
302bb033-fa16-4840-a316-50b0181b6b45,0.0,0.0
3040eb6e-7390-4961-bff3-31eae4304e12,0.0,0.0
30468496-7c3e-40ce-85f7-fd517f9135cb,0.0,0.0
305139dc-a362-4f87-9fdd-92a192ffede7,0.0,0.0
3079fa1d-3e84-42d0-ad8d-a14fa2bcadbf,0.0,0.0
308cb4ba-b966-4f8e-912f-99ebfc7b352a,0.0,0.0
30955686-afec-46bc-8a4e-1394e3597749,0.0,0.0
3099117d-d46a-4f30-8813-840dcb855b64,0.0,0.0
309b3e80-6625-4541-8ece-f1eb743191e1,0.0,0.0
30a3cf3d-cad8-4d58-a050-9442a5788f80,0.0,0.0
30b98b5a-885d-4f00-95f0-5740511c7063,0.0,0.0
30be639f-65b4-46b1-b528-ab3257c0ff9b,0.0,0.0
30c2603b-0600-404d-ac19-6e451e2df3f5,0.0,0.0
30c4e912-a41d-495b-b830-8519fae915af,0.0,0.0
30c7d036-0898-4d6e-afb9-b4149e837a7c,0.0,0.0
30d73c08-9d20-43b9-856c-346b6e814183,0.0,0.0
30ddb758-3519-4555-a4ca-a8dae6bb5b45,0.0,0.0
30e0047e-249e-42c2-ac51-8f2607748dab,0.0,0.0
30f8a5df-c226-456f-9684-e05ec356caf5,0.0,0.0
30fc75ec-2b34-45d2-9b64-b9fd0cf83dde,0.0,0.0
310add60-dae4-434f-aade-cfdb811c00a0,0.0,0.0
311b4421-7b1a-4f18-8ca3-e44843b586d5,0.5067073702812195,0.5015557408332825
31289308-cd6f-4bc9-a9f1-6aa4d3d95056,0.0,0.0
3130b03e-29d6-4872-a822-397ec5dd1442,0.0,0.0
314a2280-d350-4fa3-8f49-7bbffaf32f72,0.0,0.0
315e6849-7756-4e50-b152-ce445cdcfdbe,0.0,0.0
31683f2d-7a16-444e-9bbc-df46676e0928,0.0,0.0
3170274d-f9bb-4961-8a14-5661e03c3649,0.0,0.0
3170df9c-13e0-48dc-b1c8-eb8adbaf8022,0.0,0.0
3185172d-1bc6-4367-b955-5cc893a825ba,0.0,0.0
319646ee-a870-4ba1-86a0-7be0f83a71b4,0.0,0.0
319b79d2-976a-4381-b67e-f961a60a6bd3,0.0,0.0
319e7a0c-7448-4a97-9f0f-daf2ba742488,0.0,0.0
31a474ad-6004-4437-bdc5-f3320d61b8e2,0.0,0.0
31a8ce2a-d049-4197-8804-ed083c14ec89,0.0,0.0
31b9ed30-7544-449d-9b4a-fcb3f3dbaf99,0.0,0.0
31bc0e30-47c6-4f84-848d-bfd2b17107e4,0.0,0.0
31bc25c1-f978-4138-a10c-72fe6f6fc0f9,0.0,0.0
31bd41b7-1060-4e29-8810-019929b2dc76,0.0,0.0
31c4cfc0-cbf4-407c-b6f8-01a31f5f4999,0.0,0.0
31c60531-326b-495d-bb0a-f50a20f92b2a,0.0,0.0
31d1440f-6e4b-4587-aa9e-3e1b6fde9981,0.0,0.0
31e357c1-4c6d-4050-a8c7-33f9c209d002,0.0,0.0
31e43a2a-4fa8-4176-b103-955cdaf0fbb7,0.0,0.0
31efaf61-17df-4c0f-99d6-99945d717371,0.0,0.0
32045fc7-90a3-4c3e-96c0-4eece8d90896,0.0,0.0
321a80d0-6058-40fc-baf8-b154c9715933,0.0,0.0
322669e8-c7ae-473f-bf27-738280cd1420,0.0,0.0
322cfd70-0c45-4133-82ed-6f34ba161fa9,0.0,0.0
3287cb7e-d522-48ee-84ad-4ea0a8eb0bf5,0.0,0.0
32ac8796-55d5-4878-a67c-46ee59e77a8c,0.0,0.0
32af8a91-a74d-42d4-8cb3-7289bea9d50d,0.0,0.0
32ca40d9-e840-44ce-a826-cdad8c015995,0.0,0.0
32d7060d-c3d4-48b1-91fd-4e2a7af50734,0.0,0.0
32db3735-c0f0-4fea-ad1a-23da46dce254,0.0,0.0
32dd68a8-e978-4a46-b220-4c2abdf2b12d,0.0,0.0
32fc1d80-5fd3-4cd6-8a93-609cd1629ffd,0.0,0.0
32ff44d1-d450-4b53-a5c2-65ca772ec9a2,0.0,0.0
33262920-a7b4-4f52-8b76-8d1c1874f0f9,0.0,0.0
333458b2-c1a9-47a3-8ae0-92053ad28ae3,0.0,0.0
333b9cf2-76ec-4d15-a4ba-a3a4d1eacf0a,0.0,0.0
335bea00-ee66-4d13-9857-173204af2c6f,0.0,0.0
336ab4ab-4a28-4120-9df0-b3d03f3377de,0.0,0.0
338136f1-653a-4078-8f2b-99ecf1cf6b42,0.0,0.0
3392381e-8ef1-4bd6-9dfe-b4a2c9b01e8d,0.0,0.0
33a514f4-e108-4509-ab91-0e760aedbfa5,0.0,0.0
33ad645f-ba30-4168-9b22-6cf03c466966,0.0,0.0
33b445f4-644c-487c-a189-2664884f2513,0.0,0.0
33b8c9d3-b3e2-4ab6-917d-01aaa5ba1a9e,0.0,0.0
33dab760-59ab-478a-b94a-6ac0f3858d42,0.0,0.0
33db3146-5a4b-4db9-bb57-78f58874482c,0.0,0.0
33e99c8c-d0ed-4b37-b0e9-fa72f5c5fc6d,0.0,0.0
33edf101-f795-4c7a-8d9f-b6562ac98eff,0.0,0.0
33fe3b65-66cd-458d-aa6b-9ed5e2f49ba1,0.0,0.0
3401a77d-dd5e-4ca5-a34a-7c30af9bc87c,0.0,0.0
34144418-aa55-4018-a2c1-4c7baf4dcec6,0.0,0.0
341c8db5-5662-49c1-8265-ed491ea38b0c,0.0,0.0
34576c6b-8ede-416e-9466-f9eedfa768b7,0.0,0.0
34648d18-fc8d-405c-a3eb-de6b00c2b5fe,0.0,0.0
34809f75-3fca-4bfa-8fe4-3149914724b7,0.0,0.0
34841998-e239-4c06-b7f9-861fefeaa5fd,0.0,0.0
348cf587-f92b-49e2-81a3-b58a0aeb9df7,0.0,0.0
348fbc2d-8020-4ec3-b115-463a2fdd7b8d,0.0,0.0
349a1d4e-814e-4000-a9cf-56e43bb5af55,0.0,0.0
349d80b9-01c7-4b99-8942-4b4fa7d0e7d4,0.5131590962409973,0.5073848366737366
34a22629-ee46-47c7-a6c0-622bc064aef7,0.0,0.0
34b0cdf8-b0d9-4207-95fe-80ed03339a66,0.0,0.0
34bac05c-d50f-4de4-a0d7-8168a7caefb5,0.0,0.0
34cb9ed8-a1cc-4f25-be6c-7afef1c4be99,0.0,0.0
34cc2395-b2a6-4818-a6ea-4622a0000d9d,0.0,0.0
34ec9391-f5b9-4911-abe0-aab9c09bafba,0.0,0.0
34f97340-76b9-4661-b30a-e646ddec379b,0.0,0.0
350be548-6b5d-40c2-9cf9-38c5c8d39f4e,0.0,0.0
350e1123-af5f-40e0-8f77-9632bdfb621e,0.0,0.0
35237be3-f923-4c48-9d4a-fe844c6fd135,0.0,0.0
3562968c-6101-43ea-a220-1bec72207409,0.0,0.0
35941ef5-3ad8-42b1-834c-93c1c4ffc0ec,0.0,0.0
359fc61e-01ef-4208-8e5f-1a933d4f7297,0.0,0.0
35a8f8e0-51e0-4fcd-906f-0962d939a341,0.0,0.0
35b8aaf1-416b-415f-abe4-5e8cafc89613,0.0,0.0
35ddd2cb-09d5-4161-8dc8-f1e782eb0e40,0.0,0.0
35ebd9cc-43c6-42c3-a610-403bed37cdb1,0.0,0.0
35ee6363-d3d8-48e9-8f82-0365a5df85e7,0.0,0.0
35f5b6bf-67a0-41fd-8a99-e5746d91773e,0.0,0.0
362e540b-95ca-43eb-9073-2ba86bb68a19,0.0,0.0
3631853d-cca2-4ff6-9161-fce2c89aa327,0.0,0.0
3632688c-f568-41fa-90e8-d00e08eab49b,0.0,0.0
36516ea0-a131-4c94-8a6e-c1a010466ba9,0.0,0.0
3654ae73-fbe7-4c1b-89a2-604a21a10dcc,0.0,0.0
36726c8d-04cb-4f6d-ad80-38c3ac379b1a,0.0,0.0
3674b11b-0a36-427d-92b2-e9beec01a357,0.0,0.0
367698d6-77f4-41f8-94a8-555b5b4d2ef8,0.0,0.0
36996072-b2fd-41aa-81bc-c717d517b1b5,0.0,0.0
369f2ec8-13d8-4a8f-9fd3-6795575b0a28,0.0,0.0
36c6e390-6f5d-4499-84d5-02157bbb3bd4,0.0,0.0
36e18415-b674-4926-813e-4dd14a11fe5e,0.0,0.0
36f01877-202f-423a-823a-0e07a20c1e6d,0.0,0.0
36f91328-6643-4f4d-8090-84b86ebfa81d,0.0,0.0
36fda930-145c-454c-b4eb-f76954dbd71c,0.0,0.0
3700aeb7-1bc5-4453-9f5f-bebe1ddacfd3,0.0,0.0
370bd8a9-e716-49ed-83c9-d303b8a20f03,0.0,0.0
371307f8-c65b-4003-af19-f35fb1f2fa26,0.0,0.0
3715e06c-b294-4443-a422-318c2691980b,0.0,0.0
378636ef-dad2-43c0-b791-a2bcd1dfc33a,0.0,0.0
378cd1d9-f4d0-452f-8920-58ff540db741,0.0,0.0
3791c8ad-1deb-470a-b34a-80c23598f013,0.0,0.0
3798863a-eb4a-420f-b1ab-3e45d043c684,0.0,0.0
37c68aa2-fd78-424e-ba08-097f84ae07fe,0.0,0.0
37e495c0-ddc8-4263-84e4-eb55eb11553b,0.0,0.0
37ea52e6-e4c3-463b-8a6f-403735da4885,0.0,0.0
384672d2-fb12-42f7-a72f-f73cdc670db5,0.0,0.0
386bb2dc-67d6-4097-a7d5-944f6cdceb23,0.0,0.0
3877ab60-dcb9-42d3-8881-7f077a96dcc4,0.0,0.0
387e0780-4fda-43e0-925e-ed0f9501da21,0.0,0.0
388604f8-3c51-4cfb-ba4a-f059595a6c41,0.0,0.0
38a37eaa-2ded-471a-a4e1-60d989aa2342,0.0,0.0
38b62928-cf40-45e9-a450-04879aff46d9,0.0,0.0
38c34b5a-c9be-4431-99d2-70a63d85636f,0.0,0.0
38cb6e79-4f8b-4bc6-bbfa-6aa068a20468,0.0,0.0
39055803-c1fd-4c91-8246-b470441efcae,0.0,0.0
391e880b-62ff-49ff-9417-b2babcc9915e,0.0,0.0
3940e3e7-8a78-40d1-bb93-ecc932b3a8ca,0.0,0.0
3964d538-1f76-4ad7-a277-66b6f836a7a8,0.0,0.0
3985ca4a-f72c-43d4-8dab-4fac35f63964,0.0,0.0
39bb739a-e248-456f-be0b-1b2f530ab8f5,0.0,0.0
39cf0f35-c3ad-43e5-8c11-09c6261019c3,0.0,0.0
39f6eff3-7977-4d12-822b-146c55edc1d4,0.0,0.0
39fdda58-0d6b-4440-bfc4-a30247930ac8,0.0,0.0
39ff5d92-0738-4d41-bedf-0eda0de11489,0.0,0.0
3a184fca-6867-4222-9319-0cb504675514,0.0,0.0
3a32dec4-c053-468b-91df-3f1e19cacbf2,0.0,0.0
3a34b96c-ba57-4d76-909b-108f30cecb64,0.0,0.0
3a4c815b-4c20-4d4c-8b12-a7d89fbfbd8a,0.0,0.0
3a4ca278-3d09-485e-9285-fab8c4d9742c,0.0,0.0
3a6a1f76-6ab0-414f-b73e-ef5af18d3a7c,0.0,0.0
3a6bccdd-eead-4b67-a9db-9be9280ccc72,0.0,0.0
3a76ce41-698e-44ea-a406-94aa023f3dc3,0.0,0.0
3a7e0ceb-5b56-48f8-8e75-ee3abeb9cff1,0.0,0.0
3ab316c9-3ebb-48da-b0e1-6bfbaba48e66,0.0,0.0
3ad1973f-05d9-44ad-8541-fc12d2af37de,0.0,0.0
3b19cf6c-f4ce-434b-b263-f16fad28412b,0.0,0.0
3b3bffd1-0094-4d39-8e20-536390d2b796,0.0,0.0
3b449950-28e5-4221-9a77-25f767335a31,0.0,0.0
3b46425b-0c6e-45c5-b762-89dbf891cb72,0.0,0.0
3b49fed6-13a2-412b-883e-82ad0b3b85af,0.0,0.0
3b52e3ba-eeaf-4caf-b171-42d78686d3cd,0.0,0.0
3b94fd44-bf34-4f03-bd28-6d2c569faa6d,0.0,0.0
3bb00513-703e-4a08-9a31-6c59f3c31344,0.0,0.0
3bb0648f-95fb-4f8f-8c01-e3bfc5ced54c,0.0,0.0
3bdbfaae-f141-4629-ae9a-0f58682b0b4e,0.0,0.0
3be37f8e-19b7-41ba-84b8-a1eafd790c19,0.0,0.0
3be4c149-54c3-4f6f-a0dd-31fd8b2f3074,0.0,0.0
3c1912cb-0398-4475-a10e-6e191ca72630,0.0,0.0
3c4e8d1b-46a6-4935-b19d-d6111a8941f0,0.0,0.0
3c92fbf1-2194-4f33-b8c7-c44fbb202ae6,0.0,0.0
3cb22042-853c-47c2-93ec-848074350d34,0.0,0.0
3cbaca15-374b-41d8-aa0f-cc56989d37c2,0.0,0.0
3ccd34f4-689f-4aab-b639-257226b40edb,0.0,0.0
3cdf43c4-2933-45bb-ba14-e567eda16ad6,0.0,0.0
3cec8e31-6835-46e7-b1d9-0c3323139bfe,0.0,0.0
3cffe5d2-a62b-47b5-9eea-6c160ec9bfac,0.0,0.0
3d0da36f-6314-4372-8afd-9cd9cd44848a,0.0,0.0
3d13995e-6237-4b00-9dea-3606a729e027,0.0,0.0
3d180a1b-a17f-46c3-998b-655bb98c0a41,0.0,0.0
3d33371f-e3a8-40db-ae76-484a1900067e,0.0,0.0
3d5191dc-61d3-4950-8c9e-52c97da05ba6,0.0,0.0
3d57572e-0aa4-4f65-91d7-da37e85363a1,0.0,0.0
3d5bd4a7-46f9-4ab4-a9fe-6418f7185857,0.0,0.0
3d5f55bf-5c40-4dda-8b97-410e078990df,0.0,0.0
3d759040-fd17-4810-81b1-b86612512ef3,0.0,0.0
3da5c6a2-8a22-443a-9b72-5c7c21564275,0.0,0.0
3dba671a-d753-4981-95e5-49089e5436db,0.0,0.0
3dbd7d23-90f5-45d5-905e-6bacebdb5529,0.0,0.0
3dbff45e-e8bb-4296-8d85-c3051e46c31d,0.0,0.0
3dc7988f-b16a-4957-a418-e506486cab10,0.0,0.0
3dd62511-ef90-4954-b0ec-816bc333b780,0.0,0.0
3debee74-63a3-49ed-a638-051b6732288a,0.0,0.0
3e064569-cea9-4ff3-9450-231bcefabd42,0.0,0.0
3e177b4d-0bff-473f-905e-6e1bc25a4931,0.0,0.0
3e1cfe89-014d-48a9-a1ef-15ce81ef3f82,0.0,0.0
3e368efa-7a3d-4dd1-b46a-c998275fa8f5,0.0,0.0
3e36ca71-1811-457b-902d-9b4a911e03dc,0.0,0.0
3e3a5bd9-0879-4272-a890-26a8e28c098a,0.0,0.0
3e410964-b623-4d6b-a069-e2f495f6fc44,0.0,0.0
3e5cbc72-9a3b-40e0-9ba6-a1272d273d6d,0.0,0.0
3e89f504-521a-460f-830c-fa08a4561b3e,0.0,0.0
3e8e5aaa-423c-4605-8906-79c65f134559,0.0,0.0
3ea68704-548f-4134-8c93-41ce04011b93,0.0,0.0
3ee1d90d-8c5e-45df-8411-7e810093b9da,0.0,0.0
3eee6645-bc63-49b4-a2d8-3987bb17e6eb,0.0,0.0
3ef59473-f167-41f7-9b8a-b8f46f6bdc9f,0.0,0.0
3f03dbdd-c3e9-4601-b25d-4f8ec3cee9bb,0.0,0.0
3f0c7af7-83b4-4259-8b4b-50878c507305,0.0,0.0
3f1736e0-1d4e-4acc-be6d-71d42e632f39,0.0,0.0
3f18c5c9-e25e-47ad-b43a-d0f78a4b26f9,0.0,0.0
3f247988-d422-46f8-a73b-0ef3319d25fb,0.0,0.0
3f3be6b1-c3e4-4931-b31e-087803f30d68,0.0,0.0
3f47e5e3-f407-448c-84bb-7f425d3bb48a,0.0,0.0
3f4e8fc9-d8fe-4037-80af-57feace8b995,0.0,0.0
3f58317b-318b-47cf-8820-8e0c3d5a9ab9,0.0,0.0
3f60393b-e613-45cd-8ab7-f4f16e89cafe,0.0,0.0
3f864c43-b93e-4e23-976a-2f75e9ca7ef5,0.0,0.0
3f865692-3b10-40c0-99f8-6c145842e1bf,0.0,0.0
3fa04c1d-306e-40d7-8631-d8e934bbf97e,0.0,0.0
3fb2b4ce-a0e5-4e35-91be-2a481e56b6f8,0.0,0.0
3fd338d8-728e-4db8-bb76-7e3db478d01d,0.0,0.0
3fe4e1df-5ee2-4ca1-b625-db23c624fc12,0.0,0.0
3ff86092-3d10-4708-9559-db076f1a2a6e,0.0,0.0
3ffa4365-7a8b-434a-80ff-ba5addfea9b6,0.0,0.0
402ee12f-3e76-416f-ac1f-b306bdfa7871,0.0,0.0
404a3f7f-7604-4d00-ad99-6953510ff6c9,0.0,0.0
404f057c-bb53-41e0-baa3-3d39dbc2ea40,0.0,0.0
406dd33b-3651-43bc-98d3-34b6de4fbf12,0.0,0.0
407548c9-ffd6-46cb-9374-58c9a7257a56,0.0,0.0
4077b0a0-f033-440c-83fe-04abe036b621,0.0,0.0
408d9194-9ece-4ef6-9595-faa5dd454240,0.0,0.0
40a48559-706c-4813-a5ee-d2cf18cfdca0,0.0,0.0
40b01ddf-5c33-447c-b716-f1001b4a54b3,0.0,0.0
40c4f8cd-b0ca-4d37-b91e-b69e5dff7f9a,0.0,0.0
40e00599-7a02-4928-8fcf-7c0aa88d212f,0.0,0.0
40f82012-5100-46ce-a00a-f0c4c4fc72ed,0.0,0.0
410beb02-4297-479a-9bd5-5aca653bb590,0.0,0.0
412526eb-1ed7-4ce8-b62d-aae9b1aa6a46,0.0,0.0
4145200e-13c1-4f26-a4d5-b155b737921a,0.0,0.0
415247e2-1577-4acb-8e67-4d62851fc0e5,0.0,0.0
419119f4-2d4a-4966-a7ba-79b6c28d4f1c,0.0,0.0
41982a71-e50f-4eba-919a-30dd59a6b13f,0.0,0.0
41a65ca9-4434-45c5-a4a0-50bc33870f3e,0.0,0.0
41ad6fff-5014-496e-8d84-74c9c8162c9f,0.0,0.0
41b8f1d4-abc4-47d1-8f0f-8aa1c0ed457e,0.0,0.0
41c8c95c-945e-4f7b-9aae-0bbbd954ce18,0.0,0.0
41ce7c1f-7ce5-49e1-832d-b435379b18a1,0.0,0.0
41f6d950-5501-43ed-9222-0bcd8fbd4e2a,0.0,0.0
41fcb07d-f129-4949-92d8-b1669dedc615,0.0,0.0
420d2c04-f719-420c-a767-e0296136aa1a,0.0,0.0
422d6edf-91e0-4dbb-b7ed-28c3e062464d,0.0,0.0
425cd825-7b63-4e16-a6b5-5bb93b68a5c1,0.7888273596763611,0.6603564023971558
426d1978-0332-4347-996a-d01a3cb66145,0.0,0.0
42820ebb-2dae-40c6-8a1b-4cbe64ec00de,0.0,0.0
4295cf27-30b2-4d3a-9601-664d909bd2e7,0.0,0.0
42a74d0f-ceac-419e-920d-d82381572451,0.0,0.0
42a96554-005f-4306-b4d1-f5c89b0378b5,0.0,0.0
42aa910c-e15f-490d-a828-3335daf4c8d1,0.0,0.0
42b2a92e-e403-4d54-b715-19034d74993c,0.0,0.0
42dd51e9-388d-44cb-b895-5622d798d276,0.0,0.0
42e1d3b0-9c4f-4263-bc5b-3970ddbc4cc6,0.0,0.0
4302a364-9e92-4954-bd24-c6708e3daf36,0.0,0.0
4312de7c-507a-496f-b811-b9633cf1ffd2,0.0,0.0
43148838-ab9c-4c54-a6fa-9b4750c3f401,0.0,0.0
4317b0ee-e8eb-4e0f-bc21-0238ed854ebe,0.0,0.0
43222563-d206-4636-bb38-acd5795e4d26,0.0,0.0
433b4762-71f3-4da7-b6f1-7ce0a6a0a459,0.0,0.0
433f0958-763c-4261-8597-254b3a6300af,0.0,0.0
4347310a-68a6-4e09-b0b9-7ee5b2f5bffb,0.0,0.0
4352c382-987a-4638-97c5-a1447ad0f011,0.0,0.0
4356f5d1-9c9a-4351-b909-3dc269764005,0.0,0.0
4360dc88-ad07-4e6c-9f64-4216a6f50639,0.0,0.0
43810827-20cb-4731-943f-fb01461d7cab,0.0,0.0
438bd3a1-8190-48e0-b4f9-fc652e54219d,0.0,0.0
43cfcf8e-bdd1-4b91-9eaa-1fa27faabdd4,0.0,0.0
43ed2c8f-cf5b-4f11-b093-2a83579acdf3,0.0,0.0
43efb7f4-e83d-46a6-a425-e03c92be2869,0.0,0.0
43f4b8a5-9ebb-4ab4-a379-0f3f9e14b9dc,0.0,0.0
43faa8b8-37a0-4be4-ba45-1060dd90d9cd,0.0,0.0
43ff948e-4710-4d1f-a7b2-0ce0aaf48dae,0.0,0.0
43ffa8c7-3b7c-4572-8c5a-60e993cdd61d,0.0,0.0
44039f7b-7f72-4b79-ac3b-ea2760b8daa3,0.0,0.0
441cd702-01ac-451f-9304-8b8d9877347a,0.0,0.0
44407a1d-9dd2-4468-9eae-594cdb8b5761,0.0,0.0
444678ca-9f24-40f1-9fcf-b879fd2442f4,0.0,0.0
44729ae7-9f0e-43ff-a19a-a87953afd8b4,0.0,0.0
4480946b-8ef2-46bd-95fe-b02fb9e0b274,0.0,0.0
4492af32-f21f-4e96-9178-25d1fb519619,0.0,0.0
4499fff7-951d-49b6-9667-122ee9a5b1f0,0.0,0.0
449c0961-d546-463e-a746-4cb333a065be,0.0,0.0
44a85214-5b6a-4573-b352-c1610c7e205c,0.0,0.0
44aef7f2-8c81-45e6-bf0d-11d1b0511eed,0.0,0.0
44b99c19-35c7-4f6c-8b14-65f9a9bc0b2e,0.0,0.0
44cced77-b402-4ba3-a892-67230db07c66,0.0,0.0
44daa2a6-c0bb-4a4c-8296-b03352589099,0.0,0.0
44e06262-1a3e-4994-8465-371fb4da7945,0.0,0.0
45040d3b-5f66-4e94-9531-51f1855f1ea1,0.0,0.0
45263843-d0e0-4744-a1c7-f540721bb17c,0.0,0.0
45281fb6-6f5c-46fb-bb12-afd42b2cd145,0.0,0.0
456723eb-261b-45ed-9958-12971c088401,0.0,0.0
4568764b-5bdd-4b6f-8414-6a61efe28a9c,0.0,0.0
45762e8b-d949-41d3-8517-ae1230c9ac43,0.0,0.0
4591501c-e910-40d9-ae71-25a0412623ef,0.0,0.0
4597dd09-fa47-4210-bf79-c4ae57478a96,0.0,0.0
45b5a440-d909-4d22-bbbf-24b117e9bd7c,0.0,0.0
45bec146-b42a-46ac-be2b-faee9225941e,0.0,0.0
45c76a15-8510-4f0c-859e-3380750886d0,0.0,0.0
45f3ffb7-d95e-4b37-b2e2-df652cca6dc0,0.0,0.0
461eb3f4-bb51-41f9-97f7-27a9f72a2bbd,0.0,0.0
46517140-2693-44ab-b487-d59e87bed9f1,0.0,0.0
46c75730-bc9a-48d8-9820-1d3a3e5114a5,0.0,0.0
46c9e788-2ef2-4608-bf8e-86e382dd6acb,0.545904815196991,0.5057212114334106
46d30455-2cce-47d9-bf20-1e5c7de10dca,0.0,0.0
46e5bf7a-2b26-4019-a10d-f03a4c5b2c4f,0.0,0.0
472630cd-383b-4575-98c7-5dcc390583bf,0.0,0.0
472cc5a4-d3d7-473f-b849-7cddbb8977b2,0.0,0.0
472e3c93-8204-4336-931e-381f8fc8b11b,0.0,0.0
4745bfbb-d37a-4660-b4ac-48465dc6a8c4,0.0,0.0
4751c67c-22da-435c-8148-689158446f8f,0.0,0.0
476c4dd9-bd18-42ce-b53b-60b84ad76e0e,0.0,0.0
476d1de8-1ea7-4580-a92a-ae53282081ad,0.0,0.0
47721ad9-42f8-47a8-ad5b-611b8970ee6e,0.0,0.0
478188c6-932a-47dc-920b-c42228541c30,0.0,0.0
47ae6583-91ca-4561-9d1d-e6e66273cabc,0.0,0.0
47b3897b-0a63-47bb-b4a7-5655d5ab5070,0.0,0.0
47be0e08-e45f-42f8-9443-596f13b17278,0.0,0.0
47c7ba17-e936-42dd-bc35-6f612a339a39,0.0,0.0
4834a268-96e7-4a90-8ae2-4d21d51a114b,0.0,0.0
48489448-545f-46f7-ab5c-ea6deb68e14e,0.0,0.0
485236a3-6311-4069-b490-1762d43a491b,0.0,0.0
48679c70-350b-460c-a5f7-aa7c4a9a1c99,0.0,0.0
486d76f6-341e-44b5-96d0-44d081d471d7,0.0,0.0
488101f7-747c-4373-8936-483450b9755e,0.0,0.0
48950633-3648-499c-b811-4e562556a8be,0.0,0.0
48d9f94c-5734-4c9f-9c10-3f1058d95db7,0.0,0.0
48dfd7a2-dfde-4afa-a26d-db4beb0dadff,0.0,0.0
48edbed4-f438-4280-b1df-4da781282420,0.0,0.0
48f1378d-5dbd-4db6-b8c7-37896d87e44b,0.0,0.0
49027c5e-f1ac-48cd-a53f-209abd7dd676,0.0,0.0
491846d3-f81a-4777-b49f-0a0c74168395,0.0,0.0
492ecfe3-1a5c-4416-9792-c2309792853c,0.0,0.0
4941fd85-135a-4d35-a981-5cdcc28024a3,0.0,0.0
4953d19d-88be-4bc7-9ff5-eafe1005121a,0.0,0.0
4994962a-85eb-4066-ad76-2661d35a5c08,0.0,0.0
49c1cf3c-a042-4ec1-9c0c-2e620d8adce2,0.0,0.0
49f997db-3c02-46ab-8bc6-5ae69350faf1,0.0,0.0
4a311046-d6e6-435f-90b1-d574f8f9bcdd,0.0,0.0
4a7533cc-cf93-4c81-8572-581c4fcc75de,0.0,0.0
4a7fb7be-44c8-496f-a4fa-ed5e11ae6430,0.0,0.0
4a804521-c63b-41ef-a014-e0ec1cc612b6,0.0,0.0
4a8769b7-8743-46e6-bc25-a4962333847a,0.0,0.0
4ab4e5e4-5249-4219-ab21-35dedc3b95e5,0.0,0.0
4aeb2669-e402-48d9-8f19-58f0d7c67161,0.0,0.0
4af8a482-4fcb-423a-9f8e-3d5df19e74d8,0.0,0.0
4b0c3a12-ef81-4ff7-829c-33c7d6455b60,0.0,0.0
4b219633-12dd-47e0-b3e6-86a66c6fe71a,0.0,0.0
4b472b13-ab90-48d2-8cc4-f1eee65d5d96,0.0,0.0
4b47e344-d756-43a4-babb-b6ab13d420d7,0.0,0.0
4b7cf594-7346-4d59-ba2b-773275210935,0.5168540477752686,0.5074350833892822
4b8ce57c-9cb6-4126-96f4-3082692d26ce,0.0,0.0
4ba360d3-2a16-423c-925e-90f1daeec0a8,0.0,0.0
4ba9de61-1a64-47ea-a2a6-552f39b339f1,0.0,0.0
4bab77f8-794e-43d9-8782-7f838c47a5aa,0.0,0.0
4bb00b1e-e0c3-4f3d-a24e-ffddf8d0a4ff,0.0,0.0
4bba3890-4db3-4ed8-b2c3-efb8fa24fb88,0.0,0.0
4bc5161b-4625-4e34-a74f-83c882ebeb51,0.0,0.0
4be8710b-8cc9-4da4-aa14-c88549598bab,0.0,0.0
4bf11b02-1bfe-4259-9d8a-64a1a04236c7,0.0,0.0
4bf2121a-0880-459b-916e-c5f197a8f107,0.0,0.0
4c61b4f8-5af2-4489-ae23-fa28f45ec120,0.0,0.0
4c838d64-cf49-49ae-9f87-1848c99fcde1,0.0,0.0
4c926c1e-58b9-46d7-8e86-08410188674f,0.0,0.0
4ca1c56c-97ac-4a0d-b700-dcc5ff632040,0.0,0.0
4cb6629a-4ec1-4aa1-9dae-b4298e25a5c5,0.0,0.0
4ccc1097-e90d-4d78-b50c-276183b2e57a,0.0,0.0
4cdf29f9-94df-44fa-973e-0f4088361d76,0.0,0.0
4cfa107f-7706-495d-9f4d-75c872ce5f72,0.0,0.0
4d017bbe-42c5-4968-8233-1d76f4641602,0.0,0.0
4d07c519-6d05-4952-a3dc-7aefa887ed1d,0.0,0.0
4d1c539c-1bbe-43af-8312-340e28009a27,0.0,0.0
4d2a7f41-3691-49f2-80da-d5604c725d01,0.0,0.0
4d3d908d-0086-455d-a5e5-1a3023bc44ed,0.0,0.0
4d437bd1-cfeb-45e1-bacd-7129634f6258,0.5183539390563965,0.5098018050193787
4d5209f8-22b6-47e4-86df-7ed7928f10cd,0.0,0.0
4d52e272-a6f9-4d05-8e3a-1e8688021556,0.0,0.0
4d70573c-cf62-4426-81e3-e373973ed361,0.0,0.0
4d909f31-ec48-4d2d-86c1-00ec70b339f5,0.0,0.0
4de749a0-db69-4c07-b89a-f186d0f34fe7,0.0,0.0
4e04458e-7d97-433a-a4d6-bc132d4fb7af,0.0,0.0
4e2a9f0c-5846-4f41-8c02-6fe569bafdc6,0.0,0.0
4e41ecca-0edc-422d-b464-f9e3a9432559,0.0,0.0
4e455332-ed20-492a-88b6-277073275737,0.0,0.0
4e514750-e41e-4fed-91d8-d0d4df8e4ce0,0.0,0.0
4e633bb6-7ce2-47d8-a898-258aeb435078,0.0,0.0
4e65932f-c551-4849-93ae-d0a9b150ea97,0.0,0.0
4e6fdbca-12d8-4406-b0ec-46077c98f427,0.0,0.0
4e835287-28df-4ab2-bba3-4958c5d74896,0.0,0.0
4e9838ee-70af-4d9c-ae99-f803b7bf8e6b,0.0,0.0
4eacf522-e86f-4519-8a77-b84a09513dd4,0.0,0.0
4eb58821-d673-47a6-8abd-63594255f732,0.0,0.0
4ec819dc-2df4-480a-bb4f-1d92641525ae,0.0,0.0
4edf81c7-33da-4dfd-82c8-b55c6bd88649,0.0,0.0
4f09ec7c-78a9-45fc-a57c-603abc63ea43,0.0,0.0
4f0ce31c-4dc1-4195-b27b-b80ce59b590d,0.0,0.0
4f1568fe-a841-4c64-a9c8-77ac9d51e0c0,0.0,0.0
4f219aaf-b0c4-41a1-b182-2134aaea64fa,0.0,0.0
4f2de65e-1f27-43f0-a339-d4046c2d2562,0.0,0.0
4f34bf14-a32f-4274-9e29-f0b6ee9691fa,0.0,0.0
4f39c7b5-e9ce-444d-b54e-be1706df1756,0.0,0.0
4f3b557f-c484-4b8c-ba1f-24f631cdbd15,0.0,0.0
4f494c8c-b108-4f99-bb75-36c3cd8be43f,0.0,0.0
4f57c3e8-e3b9-40fc-8a03-6598dd7d5e8c,0.0,0.0
4f625739-5f25-4ed9-9e7d-dd7378517b88,0.0,0.0
4f62e361-6ec1-4d00-863d-be3f1d6c4713,0.0,0.0
4f6bebbf-397c-4ac4-804a-d935d2c97891,0.0,0.0
4f88e757-1203-4543-bc78-3485d8541bc1,0.0,0.0
4f9c19b3-f0a5-4171-bb42-6b499feefc32,0.0,0.0
4fc8f7b5-b666-4c97-bee7-796510807202,0.0,0.0
4fd2118a-b474-4203-97e6-ddc0338044c3,0.0,0.0
4ffd4c94-18ed-4d80-9feb-152eb65472e4,0.0,0.0
50014968-9417-4d88-92bf-9139aad8eac2,0.0,0.0
5007596a-8bd8-40b0-8cad-983d502f5528,0.0,0.0
5026c79d-f595-4eeb-bf6e-da20d95ea9f9,0.0,0.0
5039ade4-b0b0-443c-a101-98263aedd6a9,0.0,0.0
503bc69d-c6a4-4a2b-8243-1e7614b2ebcc,0.0,0.0
503c4a6f-580a-4902-b41e-5511c3ef5bc4,0.0,0.0
503f80b5-1497-4e5a-a929-b70d7df7fd22,0.0,0.0
505e8665-abd0-4ce3-be82-fef54490202e,0.0,0.0
507091ab-9823-4eda-9faa-42b6e2b8021c,0.0,0.0
5088c5c8-0548-47ca-b9bc-0fbb0985dfa2,0.0,0.0
5092f52b-c3ab-49a5-a150-fe4eda4bb2bd,0.0,0.0
50984795-f067-4289-a19d-30c01f978fb2,0.0,0.0
50ad8dcf-ce07-48e4-916e-df54e54e2061,0.0,0.0
50bc5b3a-a5d3-4681-8a0a-ba68ecb84b9b,0.0,0.0
50c312e1-f66e-4df8-bf32-e6b7613201a3,0.0,0.0
50d7a154-98a3-4d9d-91c8-fe41882cd9e9,0.0,0.0
50e3ed64-839b-4c0a-a046-fba32fb0758f,0.0,0.0
50e3f65b-df57-4084-b88f-904c2a31a98c,0.0,0.0
50f1eb7f-0da6-499e-a70b-0f3e3cb8d2a3,0.0,0.0
5100f541-cc00-4349-a809-12d967e623eb,0.0,0.0
51065fad-d6e1-4afb-a48f-e5590c8e53d0,0.0,0.0
510cbfae-c0d9-49d4-864a-2dbdd74ebcb0,0.0,0.0
5110d87f-c590-4301-83cb-ad18512f1609,0.0,0.0
511b50f0-4b25-4a1c-a782-a3729bdacf0b,0.0,0.0
5128c3df-6995-4601-a736-3b02486f2688,0.0,0.0
512c3ecc-f694-48fd-8bb2-6251137c0fe0,0.0,0.0
514a4638-3da4-468d-9330-6041023388ac,0.0,0.0
5166e425-f69a-4742-bcec-3be76d0d6929,0.0,0.0
5167ddf5-c436-4902-8fdd-3b78fde9fd19,0.0,0.0
517136d3-b1f3-492f-89be-cf6efce735a1,0.0,0.0
517a6b6a-1e93-493b-9a07-cdfe3b47b6fa,0.0,0.0
517ad13e-6698-4398-a3d1-5835f9c312a5,0.0,0.0
517b84aa-3575-47d1-b279-85a3c9dbe07d,0.0,0.0
51a2e5c1-2ee8-4e90-9861-58718169b4eb,0.0,0.0
51b61a75-fd19-40cb-95c2-db02e37763ef,0.0,0.0
51db9479-64f1-4af0-9801-9f8d876ed440,0.0,0.0
51f05ba6-4041-45f9-855c-5b0a86c4ef7a,0.0,0.0
523209d0-d5d6-45a6-960e-11c7bdb70ef4,0.0,0.0
52589e65-e30d-4afa-8407-3be906ba9329,0.0,0.0
5264f96b-9953-40b6-b7b3-f3ddd79f4d23,0.0,0.0
5273315f-3966-4807-bc02-f0b9db0e3607,0.0,0.0
527a0550-df6e-4cd1-b933-44dffc7f4e13,0.0,0.0
527ab5ee-f62b-4af2-8ba0-7b07b7d6fe83,0.0,0.0
528c3482-93ef-43ca-be96-f4d69d75bb42,0.0,0.0
52913496-dbaf-4453-9abe-50e2cb205833,0.0,0.0
52e47a00-e696-44fc-94f1-b5b32ab94e9c,0.0,0.0
52e6302b-29b2-4fc6-9c37-1121a1487d16,0.0,0.0
52f8c1e5-8eb4-4fff-bcb7-a4652bd5a4b4,0.0,0.0
52fa6fe3-8125-4b00-936b-5fdb90073702,0.0,0.0
530ae555-0d33-41c8-b8a5-de698964f42c,0.0,0.0
5319fb21-714a-43cf-971e-49d3eb5edd96,0.0,0.0
531d651c-d683-4d33-8772-a577ce71e7f6,0.0,0.0
5321c6bb-ab17-4f49-913c-2aa7921b3504,0.0,0.0
533b0ce3-64db-4051-8b24-595690d9a921,0.0,0.0
53516372-b818-4134-a711-1361f9841f0c,0.0,0.0
5373d03b-4b10-4a9e-aa95-8f8b1f2a7f4e,0.0,0.0
537776f5-0581-4a35-b15c-6b83aa02573b,0.0,0.0
53950025-1b8b-43d3-a840-3d4b7a4bc34b,0.0,0.0
5396f502-4fdd-45a5-bd88-403b049129d3,0.0,0.0
539d5429-4f46-4028-88e7-238a336971fe,0.0,0.0
53ed4f47-8fa6-4b28-ba4f-92307d292027,0.0,0.0
53f8f9fe-a610-46ea-b065-9853f066c098,0.0,0.0
540d2243-5230-4ce1-afec-cd00fd8ff71d,0.0,0.0
541f6982-3426-4725-b18e-321354b36044,0.0,0.0
5438bec9-9408-4ab5-94be-b8430ee2a491,0.0,0.0
544c52bd-1690-4d6f-ab24-87a1e6ad850e,0.0,0.0
5471d896-5719-4792-a4ee-7ce53ca26c5c,0.0,0.0
5499e38b-7979-48a8-ba30-851574636dbe,0.0,0.0
54ad3fb2-c1e4-4cb6-8bc8-750281e034ba,0.0,0.0
54afd2bc-bc2b-46e9-9f5c-86ec39571de9,0.0,0.0
54c03dfa-731c-4119-8f31-1fa065a622f8,0.0,0.0
54c3b374-f75b-4294-9d4e-0e975244ebb3,0.0,0.0
54e2c20d-b9fd-46ff-b0e4-34fc20f615f1,0.0,0.0
54ecc2ee-8f3c-4319-8729-0f8a58b19c39,0.0,0.0
550e4148-51b1-4a2c-afaf-84ae11e74534,0.0,0.0
5517c335-23d1-4fcd-adb7-180481cf567a,0.0,0.0
551e2612-8a22-4c44-8290-78dc0e4af85d,0.0,0.0
5534f793-8dec-4853-ae81-ca8323d67533,0.0,0.0
5540bac5-1d71-4264-831d-0d178154dc0d,0.0,0.0
554caab9-7d92-4fb1-8bb7-648924dad4f5,0.0,0.0
554f8928-718e-479f-801b-f08a72ee8c21,0.0,0.0
5557dee8-3fd6-4491-b30a-bfe80ba4ae01,0.0,0.0
555aa693-a823-456f-a319-dcdc1e4b5f6b,0.0,0.0
55601d6a-7f32-454d-8ed7-0172b5edba1a,0.0,0.0
556bebd2-4f8e-486e-8dad-02838c8fc49b,0.0,0.0
55777e3c-1d2c-41e7-8a9a-3da09ae4f9aa,0.0,0.0
55960dc3-7ea5-4252-8cf4-597f38bc6f00,0.0,0.0
55ac135f-0958-4c1d-a481-5f33c98c179a,0.0,0.0
55b83b88-788f-46c4-ac6c-5c5e3db7367f,0.0,0.0
55c308f9-a80d-47d1-a0aa-74b4fa503385,0.0,0.0
55d2f6d8-3139-4365-9bd9-b33a026a54bc,0.0,0.0
55dcded2-65a1-45e6-961f-d6afb3198817,0.0,0.0
55dd34a5-151b-4cb4-98c3-4845235ed65d,0.0,0.0
55efd3f6-5c7b-4305-8b86-63670b7d7433,0.0,0.0
55ff29aa-807a-4b62-89f9-74ac76c047ab,0.0,0.0
560cd490-31a1-4576-a316-969aa69dc004,0.0,0.0
560d9064-37d5-4637-b63f-9f1aac407dd7,0.0,0.0
560e6c2d-6346-4ca5-8ddc-8cf740a46bec,0.0,0.0
561ca051-3c9e-4127-8617-ee271fe6688c,0.0,0.0
56245c6d-f345-4bb2-bb02-6728f7c587cb,0.0,0.0
563dda25-db6d-433e-bc63-296d78426d5d,0.0,0.0
56401d9b-dfe6-4ca7-9c5c-1bf98282c222,0.0,0.0
564b1146-9a4e-4586-b2d6-a3c2fddb5009,0.0,0.0
56548301-6c5a-4b0b-93b3-5d1d11ed90e0,0.0,0.0
566ef485-3b61-4cca-b2e3-2e2fcffbad42,0.0,0.0
56780a1f-e733-41fd-9ea8-7998058826a0,0.0,0.0
56927a7e-fabd-4208-af63-13df3aff3799,0.0,0.0
569d8d3a-59a5-4773-afae-bad27faef895,0.0,0.0
56b54766-afae-49c5-b937-49159770c032,0.0,0.0
56f43a5a-2a13-4a9d-a31a-fb1d5e33e1b2,0.0,0.0
57159717-6fde-4b6e-9861-aa7b94955035,0.0,0.0
573d55a0-a1f6-436a-a1e4-3feaa7b3e1d7,0.0,0.0
57539b1e-6c52-4f6d-88a7-efc99eb816c8,0.0,0.0
575b64f7-9096-41c3-acca-899af667fceb,0.0,0.0
575d5641-4c0d-435c-83ce-92ec7512b714,0.0,0.0
57acb159-fe57-44e9-9df9-f821748f5531,0.0,0.0
57ca9af0-4540-4d15-bd82-967a4f8d5738,0.0,0.0
57cc430e-093a-4c22-869c-8561ba7fd8b5,0.0,0.0
57e004f3-429c-4e86-a184-186feaf4a847,0.0,0.0
57f89405-7c76-4fb4-b27a-89b3a914c30e,0.0,0.0
58307afe-888a-4321-bdbd-d70309b78809,0.0,0.0
583276a0-e6d0-4966-b053-a3c6267f24c8,0.0,0.0
5832effd-ec2a-4065-90bc-0fc665eae166,0.0,0.0
585706da-b64d-4030-bee1-fd9e5ca5b725,0.0,0.0
585be77c-380e-4104-b59d-3babb1aeb28f,0.0,0.0
58848338-ee1b-4cae-93b9-92a925d73352,0.0,0.0
5888d98f-f304-4c9d-b44a-ee6c5c05bf8d,0.0,0.0
589eefcd-5429-4ae5-ad9b-633c88bccdab,0.0,0.0
58e6cc19-7df9-4242-b685-47b2233049a5,0.0,0.0
58eac186-462a-42e6-a37a-e8eb0ae09bf0,0.0,0.0
58eba5a3-350b-4453-b564-026a9221092a,0.0,0.0
59169ca5-c5a3-438d-bd0f-a52addef023d,0.0,0.0
591d3273-e79e-4470-84d5-464bc0cdc454,0.0,0.0
59453ced-f825-4a0f-9328-975db67f0962,0.0,0.0
594b12f8-867f-478b-b743-ec671d69f38c,0.0,0.0
594f9de7-78e0-4c10-b75a-d390fb35b17a,0.0,0.0
5977bae5-602a-4288-9e17-7d2066263b2c,0.0,0.0
59a71165-0be9-47d6-aef5-126123e042bd,0.0,0.0
59b34f13-7ddb-4d53-a7e3-96a29078725b,0.0,0.0
59d1eb70-e7af-4fbd-b084-6c46126cba4c,0.0,0.0
59d4a491-ef23-4830-a678-215e0c57012d,0.0,0.0
59d89eba-f258-4f15-ac65-3b7a3c1e7557,0.0,0.0
59dd727a-aa25-429e-8226-d34352dcedd7,0.0,0.0
59e33ddf-44af-4246-9dd0-bd142aa7c169,0.0,0.0
59e4bfbe-42a4-4cea-8692-b0df9824f698,0.0,0.0
5a07ccef-7191-4f71-8b65-1a6f1d6d7650,0.0,0.0
5a1b546f-9e7a-4af9-a1fd-2e4839349b05,0.0,0.0
5a288aeb-25e2-4216-923c-a632d258cf66,0.0,0.0
5a3bd6e1-98be-442d-a7e3-b75c91122977,0.0,0.0
5a3cae48-3f1c-40d2-8d31-1e10e877a533,0.0,0.0
5a518124-fb5c-41af-8f81-10b1751642ef,0.0,0.0
5a81454e-9707-44c6-ba1f-744e4c6993a6,0.0,0.0
5a84c18d-1065-460a-a6f7-c0bfb5c6cbcc,0.0,0.0
5a8f6f4f-7bb0-47f6-b793-eaa8ce918316,0.0,0.0
5ab06fd7-29de-4bee-b3cb-356e791d9fc4,0.0,0.0
5ab2729e-e745-45e1-8c69-094c6ae3adad,0.0,0.0
5ad6e070-376d-45e6-92ce-cf4b0d94fd6b,0.0,0.0
5ae3cd00-c6c3-4e5b-93ee-958d607bb1df,0.0,0.0
5af5b0f4-8904-4f51-970d-eb6d60266aac,0.0,0.0
5b02a242-eef3-45e4-a716-046b080cee9d,0.0,0.0
5b0ea849-2597-4ba5-b51c-e111f14c4201,0.0,0.0
5b191c5a-08c7-42d2-8eff-b78f46c2deef,0.0,0.0
5b1c2a28-e828-40ab-9cda-ceb4f19975cb,0.0,0.0
5b1fd501-afdc-47bb-ad05-dca3d6c61132,0.0,0.0
5b2a4e75-9ec0-47b9-b8d1-649440b0058e,0.0,0.0
5b5eebd4-3df2-4f44-8656-e5dbdb0e16d6,0.0,0.0
5b6316cc-147c-49a8-960e-6d9e5363a285,0.0,0.0
5b7e0fae-10aa-4f49-aed5-3364845a0f0c,0.0,0.0
5b85dd00-60aa-4645-96aa-45c023d9c408,0.0,0.0
5b9dbb27-2009-4fb9-98fe-8758a7b3df38,0.0,0.0
5bbd814d-83e8-4df0-9dd1-1956f3c8bdb3,0.0,0.0
5bd90a48-bded-4f0b-a294-3200a5b1db5b,0.0,0.0
5bf56aba-8bf6-4e28-b08f-e63de40ec98d,0.0,0.0
5bfab113-0cd6-4c14-a089-9f930f6e147d,0.0,0.0
5c00b0b7-581f-4041-aa0f-7ec1c604b2c3,0.0,0.0
5c0475a0-6c6f-4ffa-b04f-0bb48aa57c5f,0.0,0.0
5c0753ea-4c49-423c-9f4e-7570d5d0bf8a,0.0,0.0
5c1d27d6-5f61-471e-aa48-753da593d023,0.0,0.0
5c462902-af21-4047-9626-7bac9cc7dc20,0.0,0.0
5c4d4f5e-26e2-48c6-80bd-1d118510d09a,0.0,0.0
5c6a8c8d-2634-4bdb-a49e-1b86b64c2890,0.0,0.0
5c6e7b63-be1f-4e70-8eef-2d6316ddbd08,0.0,0.0
5c79ac8c-3c39-4e64-8fad-d1068e692511,0.0,0.0
5c93ae0a-fbff-4fda-bb60-92e4c157c1a6,0.0,0.0
5c9a0347-359c-4037-acd0-afa78a576098,0.0,0.0
5cc37f70-72fe-46d5-9b71-7ac158e5a436,0.0,0.0
5cd11d13-11f5-4eb2-a507-c7c353265b2e,0.0,0.0
5ce75acd-bb91-4c9e-9585-7ae7c01bafa5,0.0,0.0
5cee7eb0-c26c-4507-a9cc-ae5f3b82d0c1,0.0,0.0
5cf15627-8f67-4413-9566-81a6552458ce,0.5307900905609131,0.5245497822761536
5d07a994-4b67-4faf-a06f-5f535bc675ad,0.0,0.0
5d179e07-6244-4bba-a3e4-0954c2bd8bcb,0.0,0.0
5d3e64f5-0989-47aa-96bc-3f82953c06e6,0.0,0.0
5d423113-9751-4031-84a9-8e5d8dbe094b,0.0,0.0
5d4a4a05-d3cc-49bf-8c48-1be5a0266f38,0.0,0.0
5d5ae528-001f-43a5-96d2-880d349549ae,0.0,0.0
5d666c5d-e279-4134-b41d-46dbecbd13ad,0.0,0.0
5d6b3cf1-8d22-47c5-987d-03054a83f7b4,0.0,0.0
5da362e2-72e3-4775-9d30-b90dedfbed08,0.0,0.0
5dbc22bc-9999-456b-b7eb-f12df41f871d,0.0,0.0
5dc8dd0f-36de-4817-9395-7313ee5c9a85,0.0,0.0
5dde3aba-3612-4617-8426-546732ba10cd,0.0,0.0
5ddec4b2-5241-4aaf-8bb1-b88f8427bf8e,0.0,0.0
5ded97c4-6793-4bbb-977f-e558221d67d9,0.0,0.0
5df25dae-0a36-4eeb-9caa-af985aacb3e3,0.0,0.0
5e0dcdf6-0b65-442e-951a-1c19b993a051,0.0,0.0
5e673e47-a56e-464e-9397-3b8b11447ffb,0.0,0.0
5e6ab9fd-367f-4fee-b6d5-dbc05d9ff258,0.0,0.0
5e8b3d20-12bc-4805-99bb-bc1f7288d76d,0.0,0.0
5e921248-abe6-464d-8538-7d06e9880ccb,0.0,0.0
5e9f7b5d-7212-4d9a-8488-d37d0607630f,0.0,0.0
5ec83e1c-27dc-4e1f-b8eb-ee07e2bf3331,0.0,0.0
5ee47a41-947a-4e98-923b-abad4722badf,0.0,0.0
5f1725cd-3e9d-4153-8db0-9e8614203e3b,0.6330142617225647,0.6216352581977844
5f214144-def7-4496-9178-c5f15b540c7a,0.0,0.0
5f386a50-52e5-41fa-8dc0-587899e72e82,0.0,0.0
5f4512cb-81ef-44bc-84e4-b43beba0af76,0.0,0.0
5f541ec6-ab0e-4f11-b30a-ac18b97f5e6b,0.0,0.0
5f6f727e-8251-45bf-ae17-7d9de68d2f8a,0.0,0.0
5f71ad2b-7a94-4fd6-8599-054fe857806e,0.584244966506958,0.5577218532562256
5f908d18-26a8-4a40-b9b6-efde34feaa2a,0.0,0.0
5f927ae3-2034-42cc-8dbe-9030b54de1e5,0.0,0.0
5fbeec74-0456-45ec-9773-c3de51a19873,0.0,0.0
5fdbed32-8acb-43b2-aa71-9ece021e19ec,0.0,0.0
5fe568f5-93b6-4e3d-969b-1ff4c8f62516,0.0,0.0
5ff213e0-9ae3-4b23-88f3-1838d5d6a0fd,0.0,0.0
5ffecedb-c5dd-4149-bcc2-af71afa67435,0.0,0.0
60070b60-86c7-4709-b00e-fa66ead49d2f,0.0,0.0
601dcc5e-d353-4448-92b2-e32a829d41a6,0.0,0.0
60230f61-ad64-41d0-9521-8dda329138e4,0.0,0.0
60513105-3f94-43e4-add4-e3bac9352cba,0.0,0.0
6051fc30-83f4-47ef-b1fa-54043662aff5,0.0,0.0
60a160a2-c19d-45f9-8a11-526738799e3f,0.0,0.0
60c72fa9-e921-4951-9314-8a23c99c15da,0.0,0.0
60e45eb9-0c76-4021-9116-26d3066f29e1,0.0,0.0
60e7b01a-9cdf-460a-80f1-19b891002868,0.0,0.0
611e3c4b-9f27-4b47-b7ac-80182cade4f2,0.0,0.0
6134ed77-0c03-4fce-abdd-62b76608d20f,0.0,0.0
613a0918-3d26-4c3a-8099-34b9c3aa0943,0.6463291049003601,0.6340054273605347
61492133-218f-4392-9fba-1569230269b0,0.0,0.0
6178ecb1-08cf-478d-97ce-58ea2605bf81,0.0,0.0
61829b34-f819-4c5a-bd5c-863e8b51f7ad,0.0,0.0
619c2c9b-f080-4fe8-a078-d05fcbc0787f,0.0,0.0
61a164a5-7e76-426b-aa1f-9a5590a40279,0.0,0.0
61ee00f3-9da1-46a1-8bbd-be33733af310,0.0,0.0
61f9a1f8-4662-4ad3-b780-e39de507dfac,0.0,0.0
61fb234e-4bcd-4eee-98a9-de99d3820808,0.0,0.0
620da78f-c1d7-49f0-b263-bd7102bd803c,0.0,0.0
622300fb-f295-4589-b53d-b5a1b3a2a4e4,0.0,0.0
622385e5-0b1b-461f-b760-7db5e9f0bd23,0.0,0.0
62400d71-3582-40f2-8a41-66432003fb5f,0.0,0.0
6263d247-ebe3-438e-9848-6866b950af1a,0.0,0.0
6298ace0-e00a-4940-bbca-da831908963a,0.0,0.0
6299d78a-411e-4a76-9eb2-55182dfdfd64,0.0,0.0
62a7c234-f9ff-4d76-8477-74ddb592b431,0.0,0.0
62a8da7e-1130-4c21-b371-4d12d098d3f8,0.0,0.0
62c0ad0b-d4b2-42c8-98bb-a43800ed31a5,0.0,0.0
62c134af-7aa0-4585-923f-00174cc37d9e,0.0,0.0
62d04598-d7d3-46ed-b33e-d4ce1ca0d40e,0.0,0.0
62d3cf0d-e0b4-4150-94c2-b768f636b9db,0.0,0.0
62ee1c77-2f1f-463a-a702-21fe0796305b,0.0,0.0
62fd4d79-88da-44ef-8145-93ebe2f71a0c,0.0,0.0
63047ae0-efbb-404e-832a-cf422da889db,0.0,0.0
6304a81e-a874-4152-a8c9-b98ff91d4c57,0.0,0.0
630622fe-48e1-4995-b974-6eb23ddfb598,0.0,0.0
631defd5-9542-4081-9030-7de82edda01d,0.0,0.0
634775c1-6e6f-425f-9d3c-7c9a4613f4db,0.0,0.0
63b122fa-7503-4d44-8f72-787cc595ef0f,0.0,0.0
63b48760-5bfc-4294-aa05-9a58817aaa07,0.0,0.0
63b7ba26-77c1-4b59-a1a1-55bfe1a884bc,0.0,0.0
63c17ee2-2904-4647-bb38-729cf535ab66,0.0,0.0
63c906b5-ba4a-40bb-a25b-801fe7763f14,0.0,0.0
63e24d80-618c-4b63-9c65-641db52d190d,0.0,0.0
64038976-f407-46ce-85d3-4e91b25f31dd,0.0,0.0
6423d895-5651-4e6c-b00f-8f93972c955c,0.0,0.0
64415d10-6b24-4fa9-803c-3883c1ea8ba1,0.0,0.0
644384cf-81ac-41a2-b94e-5a7204955061,0.0,0.0
644b02d0-f09e-47bd-a339-89349387890d,0.0,0.0
64507b73-4170-4148-9012-bf13fd2c2b62,0.0,0.0
646c289f-78b3-4d9a-b367-cc536979d9d1,0.0,0.0
646f822c-7d16-4c86-94a5-48839840975b,0.0,0.0
647a8e51-6f37-4396-a206-c56b7fcefa6b,0.0,0.0
6485c7e0-32f5-4cfb-932d-38e405608b07,0.0,0.0
64c8ee29-db90-45e7-9d9d-59ccdf02c69d,0.0,0.0
64d71988-6198-4df4-a521-6f50259dca5c,0.648169994354248,0.6328383088111877
64db8410-1e47-4957-9d9e-6576d140ed71,0.0,0.0
64ea749c-c7a6-48a7-a9ee-feabb99d9a37,0.0,0.0
6517c9c4-04a7-4db1-88a2-a26222572ad1,0.0,0.0
653a73a1-5a55-477f-806c-72192fe1eefe,0.0,0.0
65a956d9-1283-4361-acc3-bd9c5507f463,0.0,0.0
65adbdf9-1aaa-4302-ac77-d294d4d85315,0.0,0.0
65bc52f7-93c1-4b42-ba91-df998e46c24e,0.0,0.0
65cb9f4b-4ee5-4cc2-8f56-c3493610292d,0.0,0.0
65d427d3-6708-4f39-a827-b5f3c90dbffa,0.0,0.0
65d7b5da-fe92-4b60-ba73-2db631583450,0.0,0.0
65e17e1d-1d96-46d6-9924-eb11478c423e,0.0,0.0
66068acd-9b7c-4737-8e48-228b26a0e6a5,0.0,0.0
66085b5e-4769-4435-b91e-9a0a83d6eb35,0.0,0.0
660d0822-90cc-444f-bf31-f33d5cfdc25c,0.0,0.0
661ab50c-df60-4ac6-9056-a1c21b694d97,0.0,0.0
66390122-5f8a-4ad2-a7b9-87e77a16e466,0.0,0.0
6648cbf8-6b0d-4a8c-85be-9f5dbb96aa06,0.0,0.0
6655f323-5892-43e1-a8bc-82cfc0a4ae1e,0.0,0.0
6665cbaf-ba82-4065-8430-f815b1f61cdc,0.0,0.0
667ac62d-482c-4620-94fa-7a8daf993a35,0.0,0.0
66827b39-cf4a-4be3-b7b0-99f6cf77f338,0.0,0.0
66a852f2-ba0f-4afd-a455-f038b24ea1bb,0.0,0.0
66ad13e7-43d4-4e7c-95d6-26ddfe2b25d8,0.0,0.0
66c1d78a-a0de-43ab-a0ad-73ec29b05ffb,0.0,0.0
66c470b4-bfff-4f04-8efb-9a4949a1fa2c,0.0,0.0
66d3ee89-5898-44eb-a4a4-87ca55b930d2,0.0,0.0
66d96938-99cc-4e1d-be8f-1607d4c1d97b,0.0,0.0
66e497ae-e888-4db1-863d-86be1579d120,0.0,0.0
6705a1d7-e8ae-4fa6-a868-4c5ca2171828,0.0,0.0
671d31f0-501c-40e6-ae1a-0f52bb14df13,0.0,0.0
67316776-4664-47df-99ca-1295153a104d,0.0,0.0
673c45d7-de8a-421c-bfe1-624cf8c076f5,0.0,0.0
676032e1-36bd-45c1-8499-3b288830ec1f,0.0,0.0
67882ee6-96ae-497f-b668-0253fdeb2c78,0.0,0.0
6792216a-0c1c-4113-bc9b-6fb78133f987,0.0,0.0
679fe096-5475-4d4d-b0f8-81e32de889aa,0.0,0.0
67a52756-ce8d-406a-bc84-ed945c671692,0.0,0.0
67ab0c6c-7ad0-48d4-a099-b22380cde820,0.0,0.0
67bfb92e-4f41-4bd0-b693-a55615061221,0.0,0.0
67c64de5-d65b-420e-b72d-d6501241b185,0.0,0.0
67e1457d-d72d-44a7-acc8-315100709a3f,0.0,0.0
67fe5076-4573-44cd-8b34-c7ffd9edfbad,0.0,0.0
683594ee-241d-42cb-9c0f-5e7d83b6ecf1,0.0,0.0
685b0ad6-3056-42bc-a73b-6d0fee141cbf,0.0,0.0
68ab74fa-3421-4642-b71c-6dc9a5b08cc7,0.0,0.0
68b2eefc-086c-4a4e-adc9-2e6665e69765,0.0,0.0
68cef52f-7497-4a83-a8a4-a617748bd7d4,0.0,0.0
68d0c414-ef4e-4977-90bc-ab6d85a10310,0.0,0.0
68e20149-8746-4474-9980-bc224b1e01c3,0.0,0.0
69041a48-87b8-4710-ba12-099ef4ed47bb,0.0,0.0
6906c0d4-39b4-48a2-bff5-94fe6d378287,0.0,0.0
6909febc-1a6c-4175-94f6-5abf508277a3,0.0,0.0
691c219a-fcd3-43a5-a927-ff045da4bcaa,0.0,0.0
692c41af-2210-4dd6-916d-c99e76807447,0.0,0.0
69591d3c-f3ed-4631-b3ff-9f87c4596815,0.0,0.0
695bed09-0ad9-406e-b489-69408adeea06,0.0,0.0
696bd7b6-3068-4acf-87d4-16456be7e1f7,0.0,0.0
698346c6-3f0d-45bf-959f-4640af63a732,0.0,0.0
698d05fb-76b3-4a29-91e2-2ccf55c1de3d,0.0,0.0
69917d70-7e11-4d62-92ad-4142fa430102,0.0,0.0
699a62b2-ac2d-482a-a24f-a50fc7aaaf2b,0.0,0.0
69ba8606-15e9-4c07-9510-f4f625ae2ac4,0.0,0.0
69d0c1db-fa83-4265-83f3-c7277401979c,0.0,0.0
69d2f0a5-46b1-4e6b-986d-703bfde82a56,0.0,0.0
69dcd689-111d-4d3f-9429-660145390e20,0.0,0.0
6a045a18-3af3-4778-8bbf-dbbdd973d743,0.0,0.0
6a0bb7fa-0dfd-4f7a-bcdf-e3f1b38613fe,0.0,0.0
6a68f522-a1b1-4415-a3b2-517ba72d8289,0.0,0.0
6a775ae1-8d10-4a99-a7d3-9a70919cf093,0.0,0.0
6a994fac-2795-4034-b40c-0c67195078d9,0.0,0.0
6aa1f537-d5fe-47f4-baf1-ca5b15c8fdf2,0.0,0.0
6aa73a80-0828-4258-8a20-bf5654730b67,0.0,0.0
6aaaf629-260b-4f44-8ff1-371b108872a2,0.0,0.0
6ad4ce44-bcdf-4754-bd0a-e8876eade26e,0.0,0.0
6aeab954-12b9-4695-9e79-c441ed159333,0.0,0.0
6afc5560-46f3-4e53-a237-a4f62d60aead,0.0,0.0
6b065221-6dba-4b69-abb9-f630a83571ee,0.0,0.0
6b0eeccd-2738-47b0-a0a1-817807459365,0.0,0.0
6b10f378-ded5-40d7-85b5-cb5bce41ba4f,0.0,0.0
6b3c5ea0-a57f-42b2-a320-1808b3b11bee,0.0,0.0
6b516cdd-1e3f-4570-bf80-21f8952ec012,0.0,0.0
6b56c8ce-aa33-4406-a4c0-2c2ce25cfefe,0.0,0.0
6b620117-40d1-4073-b641-679a56912900,0.0,0.0
6b8012de-7357-48b2-ac70-22305edc5048,0.0,0.0
6b904e2c-be94-427a-94f6-a8c78bff11cf,0.0,0.0
6bb6a3d9-56f2-447d-b15d-721a4c9e990a,0.0,0.0
6bbccf9b-7e6a-404f-b5f2-e6f2b8b75980,0.0,0.0
6bbf197a-6750-4ba1-aadd-147fb8be502f,0.0,0.0
6bc3e088-5139-43f2-9b2a-ade1cedeae47,0.0,0.0
6bd97a9f-b20b-45c1-8c2f-77a8637009a4,0.0,0.0
6be2cf59-6fa3-4cd0-8f32-b3a40f4d2a14,0.0,0.0
6be85bc4-6dcd-45b7-a5b4-0099076da009,0.0,0.0
6c07bba1-e398-49f4-98f1-b13cfd3293fc,0.0,0.0
6c0f66b4-5378-438d-9065-7ea794c125aa,0.0,0.0
6c275592-547f-46e7-9f38-184aa6e499c3,0.0,0.0
6c2f71ce-7303-408d-ae8e-442f4f1b3daf,0.0,0.0
6c384b6e-65d8-43c7-8200-575696a12bf6,0.0,0.0
6c3c39dc-7ee0-4926-827a-21423aa3c60c,0.0,0.0
6c4b887d-d35b-46cc-a860-c5f0cd045d2c,0.0,0.0
6c916c38-ce57-4c2d-a83f-024fc2c77c6a,0.0,0.0
6c91911f-f9c4-4911-a767-df9704cc467e,0.0,0.0
6c9547fc-bb8a-4c7e-bfb9-6a18990d40e1,0.0,0.0
6ca5457d-5e81-47a9-949e-66269212d021,0.0,0.0
6cad825f-38e6-4f4a-b0be-fc3bc11b6a33,0.0,0.0
6cb83db9-30d2-438a-a46a-6bc0aef37502,0.0,0.0
6cb9939d-d16f-4c1d-9ebe-b56f27b66990,0.0,0.0
6ccd2c9a-1223-47fd-899a-367b7fe87990,0.0,0.0
6cd3c39a-0b7d-43e5-b7e7-4af21f4baf9b,0.0,0.0
6cedbe88-abe1-4848-9ab5-c672120aa4ba,0.0,0.0
6cf1d328-0515-480b-b126-87bfe4b8d75f,0.0,0.0
6d46c4d8-fcd8-4ba8-b5aa-f16ba85776e2,0.0,0.0
6d612c7a-1c5d-4213-8761-b784d317cfa7,0.0,0.0
6d68dd98-eae2-43bd-8db2-7a1afd966425,0.0,0.0
6d6921d8-0c26-45a9-8574-bd29257783e8,0.0,0.0
6d6ff5ae-cc55-4702-b405-e05cbdd3ff0c,0.0,0.0
6d701789-e96e-4d74-baee-30c621874bfa,0.0,0.0
6d939622-5eaf-4f68-8cec-274ac33e2db3,0.0,0.0
6d9c1e55-e7c7-476c-b27f-208f54212d60,0.0,0.0
6d9d83cd-ef77-4954-9656-a86ffb26de3e,0.0,0.0
6da6d8e0-33e4-4047-9221-5dc517c135b7,0.0,0.0
6db92676-6cab-461e-8448-2928e477c70e,0.0,0.0
6e0c2694-54eb-443f-9c3d-f323a836a7ff,0.0,0.0
6e100eb2-1062-4d09-850e-7f0209a78208,0.0,0.0
6e1c2dc9-2688-4a9a-a079-46ce6fb4d436,0.0,0.0
6e47afb7-3786-4ac9-b068-0e830e398ae6,0.0,0.0
6e513afd-c49f-4d1e-812b-69e1a6959051,0.0,0.0
6e5ab936-2e0f-4f28-bdaf-e636bb991322,0.0,0.0
6e8d2781-631d-4594-b9a7-87ccd091d361,0.0,0.0
6e9a82c7-1fc1-477a-a63e-8876fce81329,0.0,0.0
6ea8f7ee-59b1-4126-b444-db91f641a281,0.0,0.0
6eaa6eb9-970a-4afc-8571-9d95f806e882,0.0,0.0
6ecddb34-9309-420d-84c3-532e1fedaff0,0.0,0.0
6f3fe07a-40cb-4666-ad03-aeb861028d21,0.0,0.0
6f41a064-3b70-488c-afea-c8e2c01d0724,0.0,0.0
6f4f67ca-9cbd-4675-afc6-962dfa3d9f57,0.0,0.0
6f6e6f4a-7b8e-411d-a34b-3d30362a6ad2,0.0,0.0
6f8b0039-77be-4fad-a150-611d143b7d3d,0.0,0.0
6fb6f167-e42f-41a6-bec8-cf4e1699f11f,0.0,0.0
6fc835e0-fdf7-4ad9-9c52-3d7dd8e0133c,0.0,0.0
6fd08359-ce61-4f01-90ca-491d31e49e91,0.0,0.0
6fd25d21-651e-498a-a996-72ccfd2cdfef,0.0,0.0
6fdffb11-4ce1-44d9-a98e-308a16a40dda,0.0,0.0
700737ef-0a2b-4b61-a657-90c429229344,0.0,0.0
7053c977-fb96-459a-9822-13877118ca41,0.0,0.0
707a4c11-580e-4e36-b63a-9ee8e1a257bf,0.0,0.0
708f12db-9462-4710-b2ed-555d5f9bcc12,0.0,0.0
709549d1-1976-40a9-948b-97b95d70bcc4,0.0,0.0
70a5d757-c3be-456e-9b84-2abc998f2eaa,0.0,0.0
70a821db-2589-4bbf-8515-5f06b43b549f,0.0,0.0
70be18f0-32ce-4682-b59e-bce8864c485b,0.0,0.0
70de29fd-6fbf-48da-a75d-9aa2b2797840,0.0,0.0
70f14dc4-aab4-4e91-8d88-2fd9172cc0d6,0.0,0.0
70fb5d06-2a6a-476f-b1a3-5477b6741c73,0.0,0.0
7100e78f-a2f5-4b9e-bb12-abbbc15f2a07,0.0,0.0
7106346a-d527-4471-ac47-973a2ba9a6e9,0.0,0.0
71191a40-1326-456c-bbcb-d4e653b85281,0.0,0.0
712cfecc-d946-4735-9b18-2cbd4eaabc26,0.0,0.0
7136103a-26b2-4041-b045-6a8307c9770d,0.0,0.0
7142aa04-1085-4357-a646-97aa4847ed4f,0.0,0.0
71479447-a479-4181-9b70-7b90c0974a44,0.0,0.0
7164e50f-ff54-4762-80c7-37aadb9a3a65,0.0,0.0
71730f77-f022-4154-9d45-bdb4c5d21d9c,0.0,0.0
717c7cdd-3b29-4350-8362-724838937ea9,0.0,0.0
717d646e-b6ba-46c0-b77e-93a027ad5541,0.0,0.0
7180036a-43a8-496a-b4f8-741ddd99a9e9,0.0,0.0
71834349-9d3f-4237-9388-d860e6300855,0.0,0.0
719c7872-5170-4526-a600-bd81b93adf4b,0.0,0.0
71b1de11-c4fd-4f64-8a39-5ae67b0434f5,0.0,0.0
71cd0356-1164-40ac-b0a3-408262bfd79c,0.0,0.0
71e57633-c989-495c-8ac0-11d2657d248e,0.0,0.0
71f1f630-1bcc-49de-a13a-d4f39fe11fb3,0.0,0.0
71fd6c66-6b35-452e-8cd5-77e5cb89d8e9,0.0,0.0
720d5a1a-3b04-4c9c-a281-c0b102f6bd7b,0.0,0.0
72151b84-9b8a-479b-bada-65e74ea732c0,0.0,0.0
721e9a66-d61c-4b76-aa9f-887c5c0bc673,0.0,0.0
721f54e6-d187-4179-b0c5-8f6302d74b3d,0.0,0.0
7247b663-d757-459a-b818-189010d2e489,0.0,0.0
72501b97-e497-48aa-90c8-c50d65cc695a,0.0,0.0
7261fa95-69a3-4795-be38-f273e629a315,0.0,0.0
72682a32-b778-4f8b-a0de-80d8819acb5d,0.0,0.0
72c1aef7-2013-4fde-8af2-23e99d615a75,0.0,0.0
72fa32f1-3fff-4f1d-a6c4-0312a2574745,0.0,0.0
7313753e-d1f9-4c97-9e79-714d1189f8dc,0.0,0.0
7324bb27-fd36-4735-bc4c-cea55dfe8e46,0.0,0.0
733e3410-9332-4a6d-bc5e-b63d4ba431fb,0.0,0.0
734466b8-0f5d-4cad-a712-9a70c578e4be,0.0,0.0
73597711-35d6-4045-b4f5-eb3cf15366bc,0.0,0.0
7381906b-1979-4b62-9d48-555446d55917,0.0,0.0
7388d064-fad2-4d3e-8cbf-eeba77504ce3,0.0,0.0
73a1db07-89b9-4754-84dd-2fbbd6fa0adf,0.0,0.0
73ae855c-e72c-480a-bef7-0b9fa08a1d5b,0.0,0.0
73d356cd-69f8-4889-8578-fef1b631bd1f,0.0,0.0
74137ee8-1432-4866-998a-42b48a76c62b,0.0,0.0
7433f4c5-4e7a-4f49-8339-5ba83a914620,0.0,0.0
7485a0da-f970-4635-b6e9-da944bcaaa42,0.0,0.0
7489e82d-52e5-42e6-a3a3-4e983e1be786,0.0,0.0
74a2d724-98cf-46a3-9d98-edcd048c2cb7,0.0,0.0
74abc1dd-f4fb-45c4-973b-ff8dbd4923c5,0.0,0.0
74d3b871-6501-40cd-9504-33afda171d30,0.0,0.0
74dcd6e4-6a13-4d51-a11a-945d669b0b59,0.0,0.0
74e244a8-b634-4b89-a856-9d3ebaa5dfac,0.0,0.0
74ed7565-37ac-4f5f-b02c-981d82307641,0.0,0.0
74fb7913-3b85-4e7b-a669-7b2f36918a0d,0.0,0.0
74fe633e-2888-4d09-91d6-0eab847a693f,0.0,0.0
750c70ff-c278-4802-83ac-2896a9fb401b,0.0,0.0
75337797-8b5c-4520-8ea9-24cf75c2527e,0.0,0.0
755dafd9-7e36-4e4c-a919-47de7214f276,0.0,0.0
756bee9c-5c58-4467-9e13-1c3daa994d1c,0.0,0.0
756e299c-0130-4a6b-af0a-d4bb2cf0200e,0.0,0.0
75795a77-5159-4832-89be-3ed310e55042,0.0,0.0
758a405d-7506-450f-9b5b-614fc1caf80c,0.0,0.0
758accd7-2805-42d5-a5f3-0f140452b5e9,0.0,0.0
75b54b58-f77f-44a8-9cea-63760686de9f,0.0,0.0
75e173ad-46fe-4265-ab45-c15b2dcd963a,0.0,0.0
75ebaae4-316a-45b6-9598-def24f316d33,0.0,0.0
75f59f6a-ddaa-457e-916c-a387112695fe,0.0,0.0
7607415d-d34b-4940-813d-963c6a9320fb,0.0,0.0
76126cf2-ed08-43c1-b7b6-d696e7c590d6,0.0,0.0
7625793c-2702-47f8-95db-87b42a264929,0.0,0.0
762f489c-6e10-4d99-8c63-c8385b7d99cb,0.0,0.0
763a5399-8a69-43da-bc3e-4ffc6a8012ef,0.0,0.0
766c9a84-ef7e-4b17-8e52-b861615c036b,0.0,0.0
7670f2d5-7629-4e5a-9715-418ad0d777cf,0.0,0.0
7672b864-c44d-478a-8fde-43d234f429d9,0.505709171295166,0.0
768872f8-edd2-454a-ad32-cc96cb6ebedf,0.0,0.0
76a79966-29f5-4211-b0dc-a35511f3ee7e,0.0,0.0
76be0455-e598-4dec-9d95-ba43b0131b27,0.0,0.0
76be5e25-9814-4861-a55a-47bbd8eebae8,0.0,0.0
76e4b5a8-b5e2-4b7c-bf66-84621fead38f,0.0,0.0
76ed6be2-8b98-4eca-9970-f58bb7edc3d6,0.0,0.0
77075e9c-5971-4292-8d1c-90953b86f819,0.0,0.0
7710b8e6-494a-4505-a321-e82002a9743d,0.0,0.0
771815ed-32d3-4669-b5ca-fedd26ca052d,0.0,0.0
771da3fe-85bd-42b1-adb4-3be04a87b146,0.0,0.0
771e1b05-dca6-4616-b080-b7be9e9e9631,0.0,0.0
772b78c1-9309-4add-8376-7d2c17d16d9b,0.0,0.0
772de661-5ed6-4c11-993b-7784c6fa9a40,0.0,0.0
773631d9-df5b-4a1e-98ee-c23b4174af6e,0.0,0.0
775dea93-4e4a-4597-9229-8977d936fffc,0.0,0.0
775ff5e9-677f-45dc-8201-f78da89fbcd4,0.0,0.0
7764c491-058e-4ec6-9ff0-36aa534359d1,0.0,0.0
77809b78-80fc-44e8-91e7-c1f13f4eb3bf,0.0,0.0
778951fe-89ec-474a-a2c5-4b0b0750d43a,0.0,0.0
77af1da9-b137-4c64-8502-50477323cb72,0.0,0.0
77f0b155-1a88-48e8-94e6-fc5932e258e5,0.0,0.0
77f57c5a-6181-42cc-914c-7f67f088db9f,0.0,0.0
78134cd2-9959-4ccf-bcf5-9fae47db9994,0.0,0.0
781378dc-bba4-4556-bb8a-b622bacfd72e,0.0,0.0
781e57ef-b4b7-49ff-a5d8-a62c983d74e2,0.0,0.0
78242034-9c42-4fd6-a030-49646919420a,0.0,0.0
782ff7fb-e4b3-453d-8de5-16b6240e4c92,0.0,0.0
78379f6c-f7d0-4950-9b69-d19bdc26c38a,0.0,0.0
783f6346-ec44-44b9-a596-4dfdbcd4adb4,0.0,0.0
78467789-77c4-4b68-b8a6-c235091f98f0,0.0,0.0
786b8b3a-3aae-4648-9026-b01bdb57116b,0.0,0.0
787157c7-de7a-48df-b792-7446432d69cd,0.0,0.0
789d5326-840d-4c4a-ba80-0839e9a4431f,0.0,0.0
78b5228e-19ba-491b-9d14-6a0aadf64161,0.0,0.0
78c478fa-e7c4-4e6c-9bee-698e1ab1321d,0.0,0.0
78c72f56-6021-4705-a450-1dca0d4978c4,0.0,0.0
78ca2ba4-3439-4d02-af8f-3d56a58f2bca,0.0,0.0
78d0ca2b-23e0-483f-8b65-2da1deced318,0.0,0.0
78d3085a-9be9-4560-8a08-6001e8ad5772,0.0,0.0
78e81f2a-00d4-42a2-a2fa-be33d24536a7,0.0,0.0
790948fb-1ca6-475d-87a6-718d357171c1,0.0,0.0
7928690b-4651-4202-a5fd-107489a37cc8,0.0,0.0
79369868-5d39-4c90-935b-6caaafa93f24,0.0,0.0
79385ff6-e894-4edf-95a2-968a35d836a7,0.0,0.0
796d6c18-7789-499d-9c0f-2372a19c2c79,0.0,0.0
797c7eff-c8f8-4e49-b757-8cf8c35fb649,0.0,0.0
798169cb-768c-403c-8c14-2d62fda46c7c,0.0,0.0
799ced2d-36a4-4ee8-83e1-145337bc6d20,0.0,0.0
79b2c054-26d8-4593-b461-6f535edf330c,0.0,0.0
79cfecfc-108d-43f4-a1b5-dce134b295a4,0.0,0.0
79d7f6de-cb13-43de-bce3-e7a775dcd983,0.0,0.0
7a01854b-3eb4-4d69-9a15-fac4291784e0,0.0,0.0
7a0e07e0-54b4-4708-9fff-5a990302f361,0.0,0.0
7a12368c-b02a-4f89-839f-7ef128f17dc7,0.0,0.0
7a1277ea-44f1-4826-8c79-732d3b11809d,0.0,0.0
7a2fa9f7-e971-4ce8-8509-2308473fb369,0.0,0.0
7a372d66-c3f2-4980-b4cb-e341195c1f2f,0.0,0.0
7a442b25-88f3-4299-bcf6-251839a43f35,0.0,0.0
7a495314-4fcf-486b-880d-199eb176627b,0.0,0.0
7a522c85-9c83-46e8-bc85-144193264a79,0.0,0.0
7a53e342-a106-4a86-99f8-720f062bd678,0.0,0.0
7a65931e-143c-446b-8f76-af17c47146f3,0.0,0.0
7a74d73f-1806-4a01-b7c0-2e51ca87c25d,0.0,0.0
7aa0e273-38f5-4179-9826-3986ab5f9d45,0.0,0.0
7ab03fed-e045-4576-8d44-19acebfaf49b,0.0,0.0
7ab6d722-815a-475c-aa31-dae490ca06bb,0.0,0.0
7ac6f131-d591-4fda-be1b-0d35928b54a5,0.0,0.0
7add09fa-fcae-4caf-b11f-5df873d851be,0.0,0.0
7ae0293a-cdac-4f70-a48c-879b29e537d5,0.0,0.0
7ae66804-6f5a-4a5b-816f-8c4fb47bc51f,0.0,0.0
7b0a1451-9dba-4dab-856e-ebe9f18b5aad,0.0,0.0
7b1bb9b7-56a2-41b6-9000-7f9194d5994b,0.0,0.0
7b24f5ba-e09f-4e2a-9197-332a7def843f,0.0,0.0
7b28dc83-a381-469a-9550-c111b5b645fa,0.0,0.0
7b2dc5d3-621e-44a0-8a5f-552319d29f1e,0.0,0.0
7b328414-eccb-4118-8eec-727b2d10733b,0.0,0.0
7b356c5a-8f74-485c-9342-6701581a28c0,0.0,0.0
7b39b931-7cd0-469a-b2ef-2b92f1c95897,0.0,0.0
7b4e049a-e0d6-49a3-9a00-127926912e9a,0.0,0.0
7b4ea85c-17a4-4d2a-8eba-1e25080e8ffe,0.0,0.0
7b802c37-9b66-41b6-9a47-e472c51361e8,0.0,0.0
7b8992cb-d70b-4493-afde-a7081659f4c2,0.0,0.0
7b8d802f-2fce-4224-9ee1-65bdff643d90,0.0,0.0
7b906355-059c-4eda-9326-9089bad70407,0.0,0.0
7ba4d88a-9e3c-47b8-8ce8-a1bda6c997fb,0.0,0.0
7baa0880-2ab6-47f2-b1b8-4c3cb14d7ed2,0.0,0.0
7bcd9f79-b8df-4daa-99c2-122c31032a70,0.0,0.0
7bded2db-22a1-426f-9d68-5a0c1af1d6e4,0.0,0.0
7be9bf13-0822-4bbe-8134-ee71986bc9a7,0.0,0.0
7bfe57f9-541d-46a8-9624-43b4d6a8bbc3,0.0,0.0
7c1d07e1-a67d-47bc-96bc-a4b2f497d32b,0.0,0.0
7c478fe0-41e4-4428-8728-d8dc51e03d83,0.0,0.0
7c4a351c-596f-4d67-9862-3a00a00a1af3,0.0,0.0
7c4be87a-9270-4d81-b939-f922e1c35d64,0.0,0.0
7c63748f-3ff8-4354-b736-e2e1af0f5261,0.0,0.0
7c81612f-c6d6-4a86-a4f5-c44c5c41d8c4,0.0,0.0
7c961286-c6db-4c7b-9258-44f13a9045db,0.0,0.0
7cd50bba-4189-436b-af52-4c17a8bd4347,0.0,0.0
7d04d58a-f8ff-4ba2-a688-064aeb77d12a,0.0,0.0
7d112fde-41dc-481d-894e-56513b1fa3ac,0.0,0.0
7d672f1f-1405-4a57-aea1-33c8ec9e9e44,0.0,0.0
7d7c2540-b59f-41cb-abb1-4444e49329a4,0.0,0.0
7d83d99b-c4c2-4dd3-b9ec-02f9fe292c57,0.0,0.0
7d8966ec-e1ab-4c4a-9a29-4084500c912c,0.0,0.0
7d93c08f-5218-49fc-ab65-2275fbe41bdc,0.0,0.0
7da2ecbe-d295-4c66-bf31-9d101d13eed7,0.0,0.0
7da87deb-adef-49b0-8a65-3e15c2272be8,0.0,0.0
7dc88a56-c19c-48b4-8bf6-d742c8d7b816,0.0,0.0
7dd9ba69-a1f5-4612-bdcc-66b708b62075,0.0,0.0
7e2d69f1-fc25-45d5-9322-a6b0fa68640d,0.0,0.0
7e37dd83-b825-41f1-bdd5-002f550ff6a3,0.0,0.0
7e5df500-5d5f-4bf0-8d73-d5516fd81efb,0.0,0.0
7e7dc52e-e5dc-41c2-ace7-e6660f7c4156,0.0,0.0
7e8da8bd-292f-441a-85f3-37f1c62b4e19,0.0,0.0
7e9ea390-206f-4c07-b4d4-a88828f0234d,0.0,0.0
7eb236ec-108e-4e23-b9ce-ebe911dae60b,0.0,0.0
7ebe58aa-6732-45d2-8f4c-039a6eac5348,0.0,0.0
7ec0cf01-533d-4ff5-b067-eb9c47e31cc9,0.0,0.0
7ec6ea38-e476-40ed-b59b-f4288bbf13d9,0.0,0.0
7ed8f1da-41a7-4607-8d3d-e53a861f076f,0.0,0.0
7ef5b47a-f3b0-41d9-a6ea-361525a7b3ba,0.0,0.0
7ef6f067-64c9-46a7-a1a5-1d89df4cd527,0.0,0.0
7f0ba3ce-8c6a-44c5-b412-67f6b4a681d2,0.0,0.0
7f13e7cd-53d1-4e19-a9e7-514693d7967c,0.0,0.0
7f18d551-f6ba-40d9-a7fe-7bc7a65343a0,0.0,0.0
7f1a400c-94b1-46ad-bd4a-350266a6741a,0.0,0.0
7f2ac6b3-fb82-4d43-9cb2-8fd3557a7b96,0.0,0.0
7f310e36-f5a6-4ccc-86dc-3efbfa2dba76,0.0,0.0
7f3382f0-9d25-48a6-ae0a-cd70ee9434ed,0.0,0.0
7f3e798c-6b92-4cb2-9a77-134d50ffb173,0.0,0.0
7f78601a-0539-453b-92a1-02a2ed660743,0.0,0.0
7f870a51-0fca-4d40-9812-05be5bb0196f,0.0,0.0
7f928393-6bfd-48d5-8663-2b67eb3c9d0a,0.0,0.0
7f959dce-b609-4fde-9f27-860b0c13c988,0.0,0.0
7fa40a62-50af-4d6f-9f08-36993cb3f5c1,0.0,0.0
7fa699d7-3b0c-43a5-8351-586d703b0bd9,0.0,0.0
7fa9bddc-857e-4909-ae54-5ceda45a3a73,0.0,0.0
7fc66643-f301-4f20-8262-7d974c6f0a51,0.0,0.0
7fd1d232-62b9-4273-89ab-3370bbedd3a9,0.727286159992218,0.709490180015564
7fe06cb9-7bed-44a2-8f29-010ba1d80026,0.0,0.0
7fea0bc2-4b44-444a-989e-c922c5386531,0.0,0.0
7ff1eb2d-570c-42cc-b892-3b236b43fb25,0.0,0.0
80011a00-e6ad-4609-821b-786def937b33,0.0,0.0
80057078-c308-4ed8-bf74-0aae8080c075,0.0,0.0
801144ff-2965-4fe1-a8c6-0ec24eb89f74,0.0,0.0
802b85ad-69a6-4c63-b4e9-c50b3501d162,0.0,0.0
8042f23e-f8d7-4910-b266-658e7a7e3f40,0.0,0.0
805a3c20-1375-49a8-b0ca-055fa2b36984,0.0,0.0
80739515-40eb-49f1-996b-53cdf010be2d,0.0,0.0
80834b67-a096-49fc-9751-911c704019e8,0.0,0.0
8087c80f-fb9d-4387-b738-5a4fd0e56824,0.0,0.0
808a65c8-b9d7-4adb-937b-33a068ac95c6,0.0,0.0
808ecf10-9f8f-4cb9-83f5-ba2b0fa1c0c3,0.0,0.0
809899ac-7d4c-4f88-8b96-1896cdff7e34,0.0,0.0
80af1f6a-7d3c-4fd7-889e-e7e4fb30847e,0.0,0.0
80bd0f78-8a41-4503-b068-6998bf9bbb10,0.0,0.0
80ccf1e4-3d7b-4719-b87b-1db0cb8a755c,0.0,0.0
80d2da12-95f2-40b3-b62a-fe2705d3fb43,0.0,0.0
80e263f9-8f12-44c1-8546-ca3cfbaf56c4,0.0,0.0
80efc702-089d-49fb-aa3c-4c603898f115,0.0,0.0
810c8823-4fff-4426-a767-2398f148ce92,0.0,0.0
810ffa6d-60d9-4572-a509-e4e2338e3a57,0.0,0.0
814af7a2-65ee-42c7-9224-4e13facfe7c2,0.0,0.0
81501d91-5638-4738-b9e7-604f34b5e614,0.0,0.0
816102a3-9b46-41cd-9e35-d2a1f5c1e1e1,0.0,0.0
8176db15-7de5-483c-9946-b7eaf7aaebb8,0.0,0.0
8184ea7b-6a32-4ea5-894f-d6d857638828,0.0,0.0
818b6238-8b03-4a4c-8a7b-be0effe57552,0.0,0.0
819245e2-0487-416c-b180-5471f8eb2632,0.0,0.0
819d5da6-4ef0-4432-a2de-f3d958dafcdd,0.0,0.0
81ba572f-b22c-40dc-a4b8-48a35e30595b,0.0,0.0
81f7aab7-ae39-45db-9227-fd2c28ae6f7d,0.0,0.0
821342ef-3fa6-4cca-a9da-d95484dd1693,0.0,0.0
8219c8eb-e961-4300-828d-6aa649b44ac6,0.0,0.0
824242db-c43a-49c8-9b5a-4ba2712f9044,0.0,0.0
82430fd8-8b82-4144-b608-6884e2eca854,0.0,0.0
8243ad2c-7a22-466e-81b9-dc31bb82d4e2,0.0,0.0
825570c0-c3b9-4309-bb64-9033002b08fc,0.0,0.0
828399ae-7c89-4f97-8a81-88f2fe4de5a4,0.0,0.0
82889113-f565-4e56-9aaa-51f28e9782c9,0.0,0.0
82935a0f-4135-481a-b7e2-8dd09bc65abf,0.0,0.0
82a9c6a0-bd73-493b-81b1-05b1dcfbed2b,0.0,0.0
82ca57b8-8250-4d4e-a0e3-3dcc0989c934,0.0,0.0
82e1662d-3940-4c9d-bacd-b529c4305437,0.0,0.0
82e66ef8-1358-494d-ac33-d6208737cb18,0.0,0.0
82f65eb3-358d-48df-8194-808b8709d3ea,0.0,0.0
83018126-f429-447b-b995-bf81c8c60f17,0.0,0.0
830775e6-aa51-454d-8a67-fd43f51a5d8a,0.0,0.0
83106d6e-72b8-4166-8e83-6e9d815a3268,0.0,0.0
83340d2a-bb28-44fb-ae45-57dad619a64a,0.0,0.0
835c5fb4-9496-41e5-80e9-3fe742ba3c2d,0.0,0.0
8365017f-ef00-46c6-a6e2-66c1090b8b8f,0.0,0.0
836850a4-01a0-4612-9ee6-83ec5a062463,0.0,0.0
836a9181-4d7a-49b4-888d-6f08d5eae5c3,0.0,0.0
8372a761-dd97-4ad5-9f3d-6a868d9bf5ea,0.0,0.0
83806f99-c73d-4361-a79e-2a274b63a82c,0.0,0.0
839ecd9f-eed0-4699-a9ef-8e0641f24d92,0.0,0.0
83a05ab5-8d6b-465b-acce-d5358091265e,0.0,0.0
83b8da08-434e-410a-9b53-6708e3891117,0.0,0.0
83f0e66c-4e3f-4cdf-a40c-b2a865e410be,0.0,0.0
83fce3f0-1774-46fe-9b23-b3be6ac411af,0.0,0.0
8447edb2-0410-49cb-b01f-021017f4f49e,0.0,0.0
846ccdb0-e119-42c3-ae80-2610379d5c45,0.0,0.0
847af2ba-61a5-4095-92ad-5adc8af58bd7,0.0,0.0
847cede5-e394-440b-b6ee-aea5fe1b7814,0.0,0.0
84d04f93-b6e9-4653-bbc9-b644fe3d27c1,0.0,0.0
84e10a9a-1849-4f7f-acf7-a9c416e7f6c4,0.0,0.0
8518d618-f9c9-4aff-9cc7-144c0d5c968c,0.0,0.0
851ef36e-bade-4d06-b60e-ef771698fad7,0.0,0.0
8535c28a-f9dd-4b70-99c3-0fbff008ae52,0.0,0.0
853bc873-dda8-4a12-8910-d08089f9eef4,0.0,0.0
854e504c-5d67-4ce6-b600-bb078b4df3b5,0.0,0.0
85662a82-7802-41ee-8e0c-9aff1047a086,0.0,0.0
856b93a4-4fd2-4238-bf33-070508d58b78,0.0,0.0
8577912b-8ff7-4791-92f2-cb36ac0dc28a,0.0,0.0
85854295-359b-4d2e-b474-f026ef37738e,0.0,0.0
859fae72-cd32-4a8e-acf0-92f82dadaf01,0.0,0.0
85a47d75-fac3-4eff-82a2-4ceb3f2da37c,0.0,0.0
85b102cf-8680-4cbd-b32c-00a7e6edc8ec,0.0,0.0
85cfc434-2929-48e2-aa02-3fc9926b76fd,0.0,0.0
85d27356-f68d-4803-bde3-a4f7f029547d,0.0,0.0
85d88dcd-c1f0-413b-bd53-ac4dd1abbca9,0.0,0.0
85dfaf76-6c7f-40aa-b8e0-e7e409fcc825,0.0,0.0
85ed368f-e6a6-41dc-8c4a-70a62bff9157,0.0,0.0
85f423f0-753d-42c0-9eb7-d0a5c85fef99,0.0,0.0
8603221a-c2a1-4ad7-bf52-8ff1aa22b392,0.0,0.0
860a377d-ba5a-420a-a994-d76092a1aeac,0.0,0.0
8625df57-01b5-4ed1-bb1f-05a6a3d10393,0.0,0.0
863df94b-6d76-4667-85c2-cdf25464d116,0.0,0.0
8678e2a3-0ff9-44f9-acb7-4b159dc55c16,0.0,0.0
868e0a8f-03de-4973-9a25-ebb6b2a9ee8f,0.0,0.0
86a4f211-c8d1-468f-ab64-481797a702fb,0.0,0.0
86cc6ca8-304d-4840-afa8-81cc72e38ab2,0.0,0.0
86e9310a-eca3-41c0-8500-c55cf449333f,0.0,0.0
870db62f-d3dc-4aad-9ace-a6c680cdb66b,0.0,0.0
87148ac7-3ae0-49d7-b277-588c9a3d204b,0.0,0.0
87345b3b-b1bf-4c80-8ecd-df5f9102f9a2,0.0,0.0
875ff1d5-8dc8-4b7c-866c-e712936fb05d,0.0,0.0
87611915-e9b9-4cd8-8bc9-3f436e41dc2f,0.0,0.0
87661e04-013b-4b44-8ddb-555cba209a2f,0.0,0.0
878b7bc6-6a6b-47dd-a933-c7a8cba5a321,0.0,0.0
87a004da-9225-4bba-afca-6dec9219459a,0.0,0.0
87ace222-3db4-437e-a691-888642adb6d8,0.0,0.0
87b1acaa-2605-4502-a7fc-81faf95f519a,0.0,0.0
87c458dc-12a7-4985-8dab-f91a1f14737d,0.0,0.0
8815b11f-7254-40d6-9938-969895bc021c,0.0,0.0
881e03a5-a39f-4b23-94f3-092bbcabcd51,0.0,0.0
881f2db6-b739-4c91-850b-0e6e9d0e720d,0.0,0.0
883b0cd6-8d6d-46ef-bcaa-d976ae54a41f,0.0,0.0
88453b2b-34a8-4aed-b54d-a9fbd4ad1fc6,0.0,0.0
88466e72-65fb-4e70-8c1c-be99076bf51c,0.0,0.0
88468a2b-78e1-4300-bc16-884cd78d4870,0.0,0.0
8848981f-20d6-4dae-8c61-f256522965e1,0.0,0.0
8863ebde-470e-401d-9e92-a1a265b1d0bd,0.0,0.0
88647cce-15ab-41d4-bf56-1a011fde9afb,0.0,0.0
887e94c3-e2d3-4408-9df3-4ece63751552,0.0,0.0
88822868-8ba9-46bf-9f31-0dc1d588bf24,0.0,0.0
88a161d3-6761-4417-80f6-61ee41636119,0.0,0.0
88d6d36d-314e-4ee0-a7ab-ebfe3969a02f,0.6545437574386597,0.6465838551521301
88e2fe88-c26f-4606-a00b-97dcbdf3edec,0.0,0.0
88e7c938-be5a-44bf-a7b0-c1daa7e5f068,0.0,0.0
88f201f8-454b-4d47-8f80-02d7eb5300c5,0.0,0.0
88f56d3f-fa10-449c-abcd-5f1af1f28328,0.0,0.0
88f8614b-94ee-4d10-bc1f-6a7c786a0a2d,0.0,0.0
890abea1-9202-4067-ae04-f61ebec0a58e,0.0,0.0
891a32fd-fefd-4182-9574-d277824174d1,0.0,0.0
891e803d-31da-4a8a-bf66-14da79abd19b,0.0,0.0
8920019b-661c-4160-a779-c6bdb3dba8e1,0.0,0.0
89385686-feb9-41a3-a60a-20775e4cf796,0.0,0.0
893d56d8-b594-4a3b-912d-84c79c70c976,0.0,0.0
8955e745-d414-4699-8cbf-937dbd808df3,0.0,0.0
8962dc56-7717-4a92-8fec-734bf8f169d2,0.0,0.0
898cd426-3d39-406b-92d8-21de5659b271,0.0,0.0
89917de5-d009-4012-bc8f-a24f2839d856,0.0,0.0
89de718b-fd8e-4c31-85fe-3140aff33f0c,0.0,0.0
89f9b451-a55a-476f-a42a-c9874c214031,0.0,0.0
8a206bd4-5f5e-49c0-ae73-8b18aac3fe34,0.0,0.0
8a354324-1a4a-4683-ac67-2ac3bda9261a,0.0,0.0
8a483568-c5e2-48ba-8db8-629f4a812451,0.0,0.0
8a8691fd-1074-43d1-a16e-567bdabf9aa3,0.0,0.0
8a879df3-7150-4a28-83dd-6e0227994775,0.0,0.0
8aa9748e-375e-46bc-94ea-f079592b712c,0.0,0.0
8acba07f-f310-49d2-91af-cbabd7615369,0.0,0.0
8ae3345b-f5be-491b-9fae-d3d8ac3486d7,0.0,0.0
8af17c48-429c-4a57-bdd3-807b9e51f149,0.0,0.0
8b2675b4-2bb5-4307-b33c-ba0218c3fbda,0.0,0.0
8b3b0786-64c2-4a76-bc73-9516b60cbfe7,0.0,0.0
8b3e249d-464b-4273-ae26-e040c3f6eea8,0.0,0.0
8b55bd32-dff3-46e8-a636-d7e682149d4f,0.0,0.0
8b60f5c2-9a47-4a89-b959-086812ab1830,0.0,0.0
8b7ccb22-c337-4281-ad15-feeca4716437,0.0,0.0
8b85de46-f0a9-472f-aa59-cb7837c3eb3b,0.0,0.0
8b9c61dc-6728-48c3-a9d6-06ffe6071634,0.0,0.0
8bba3639-cafa-473d-a5f5-97ca7bde3a73,0.0,0.0
8bbc8196-25c4-4f57-9ebc-1bca4b41e2c0,0.0,0.0
8bcabbfd-7903-466b-aa43-c75ea26315ba,0.0,0.0
8bcd2be4-c4c6-4b34-bb09-d6b6900f680c,0.0,0.0
8bed05c8-502f-415e-a44c-b88c303d185d,0.0,0.0
8bf26573-f4de-41b0-b124-739f5f86cac4,0.0,0.0
8c403238-9c74-443c-8859-4a3d918c7118,0.0,0.0
8c4bd38b-8c63-4ad6-a8ce-fad6a57e8c73,0.0,0.0
8c4d926e-8b94-4681-8713-9618a48052f4,0.0,0.0
8c59a792-db72-4992-8c24-6b7b86bd5c06,0.0,0.0
8c67f99a-bb24-4284-8f8a-b416312a2ac4,0.0,0.0
8c7154d5-addb-480a-9428-8c1e5b74b94c,0.0,0.0
8c7b246c-07a2-4d82-9b12-0e5572307b62,0.0,0.0
8ca3758b-6295-4ed7-89da-91ebb1f85c74,0.0,0.0
8ca6ab14-68af-4d9d-9ff3-d4fbbff71145,0.0,0.0
8cba09cc-498a-4ec8-ac34-9695f9f65fbc,0.0,0.0
8cc4cbeb-997c-4e00-98f7-8352be5e0e17,0.0,0.0
8cc938df-0aaf-446d-a508-f7d23af01414,0.0,0.0
8ccc7da6-5e7e-409d-8aaa-ba28450b2e21,0.0,0.0
8ce9aa4e-348f-4e99-878b-c604bae467db,0.0,0.0
8cf2d0f3-79c8-42e9-a316-e87feee17f4b,0.0,0.0
8d056a7b-d19d-4a2b-83a1-0e752080d6aa,0.0,0.0
8d1d3406-e647-45a7-965d-52e8363bfeed,0.0,0.0
8d23164a-aabd-452e-ad7e-1ec3cd095865,0.0,0.0
8d290bfc-6cdb-4eaa-aaa9-6f57897f48a6,0.0,0.0
8d2e8bfe-57c0-4c3d-87df-cb90d0375969,0.0,0.0
8d3c89db-14ec-46ee-bb05-4c6b62383689,0.0,0.0
8d3d592a-2ebc-4939-aafd-d808a1ab419d,0.0,0.0
8d419985-3f55-4022-9c57-f1b08028e8f1,0.0,0.0
8d4b876f-99bc-4dca-86b2-3b68e087ee4b,0.0,0.0
8d5c7938-ddeb-4789-a35b-cf0c62c04429,0.0,0.0
8d5cc7ac-5ff9-474b-ab86-f9f3dde1891c,0.0,0.0
8d6103cf-d7eb-4dc2-9b64-2e2c191c3d88,0.0,0.0
8d637630-d356-4a6e-9972-c053ccc8e922,0.0,0.0
8d779a6e-d913-4aa3-9d4a-df1087369e11,0.0,0.0
8d939c0b-e076-4170-aef1-35b96d9aabdf,0.0,0.0
8d9541d3-594e-4627-b508-ab276b883f01,0.0,0.0
8da4c2eb-ff49-494b-ad12-d83aa271a6e1,0.0,0.0
8dbf19ab-e683-48f9-8037-98c8cc5d17f0,0.0,0.0
8dc11e54-f8c3-46df-a5a0-32cb65e66a68,0.0,0.0
8de2bc1c-2da5-491a-a328-340228df5ef2,0.0,0.0
8decd6e5-e208-491a-9d98-10cb9787aba2,0.0,0.0
8df63734-e50d-461d-8252-bfd29bf0fdb6,0.0,0.0
8e026679-5b37-42f3-832b-24a9b369e416,0.0,0.0
8e0d705e-0559-4b67-9aed-30e347d0f9d4,0.0,0.0
8e29c4fd-46ed-4eec-9a7e-43b5ea7b8c40,0.0,0.0
8e4345e0-bb2a-4f3b-858f-7deb2c69a3c5,0.0,0.0
8e7c0ec4-f69a-4a90-828a-a0464e4bed8f,0.0,0.0
8e8a8b47-64bd-4b85-a86e-7e3f99e3b09c,0.0,0.0
8e91a428-1544-472c-89a3-3475c3e079b6,0.0,0.0
8ea21355-83eb-4256-aea6-9d74a9ec70f8,0.0,0.0
8ea8bb6a-c342-4444-ad19-afaaf511872f,0.0,0.0
8ebe4ff6-894f-4216-8289-e23bb714afd3,0.0,0.0
8edce5fd-3d81-4cbd-befd-e6f147e0b6a8,0.0,0.0
8ef018d2-d703-47d0-83c0-0351f8542ce5,0.0,0.0
8efee938-5279-4af6-bc3c-03a5c5e3b169,0.0,0.0
8f21cc80-2d9c-4292-b77b-57f6aa8b6501,0.0,0.0
8f2284f7-050f-473e-8230-f35f87546df9,0.0,0.0
8f3d0495-53fb-4fad-8689-d85465d7add3,0.0,0.0
8f3d5553-48c6-40d0-bc5c-e46602b9875d,0.0,0.0
8f470bb5-dd00-4668-b770-3ed182ca465f,0.0,0.0
8f60083f-a7d7-4f5b-8213-59d35dcf1d80,0.0,0.0
8f685ec8-5081-47b0-8410-a409bde516d6,0.0,0.0
8f86dcf0-12d5-49e5-97d6-113903042e91,0.0,0.0
8f9e4fea-9c42-4be0-b930-c6939b271d38,0.0,0.0
8fbadffe-18f6-4365-b3c4-ec38470c6227,0.0,0.0
8fc1702b-9ae3-4fda-98e9-6342be00da5e,0.0,0.0
8fefaeaa-2bbe-4739-803d-92ddc5ee54b8,0.0,0.0
8ff8b0e5-1830-4649-9e3f-214d4ae3dfba,0.0,0.0
90205bcf-5c2d-450c-ac56-bf4fa65be0fd,0.0,0.0
902df35d-02c3-48ce-ba18-239e57f4810a,0.0,0.0
9042bae0-a929-4cc7-b52c-63f60bbb61a9,0.0,0.0
9045ac9d-2e68-44f0-ad20-b5c10d559766,0.0,0.0
904973b6-8086-4025-8aed-5b79272ba47f,0.0,0.0
9049b8c1-1688-4993-affc-f5b8cfa432a9,0.0,0.0
90564f04-6cbc-48de-aa2d-c990ea735842,0.0,0.0
905dc655-bf68-4cc1-bcf5-7fae0e9469e1,0.0,0.0
907ee9c2-6cc0-4f9a-9ab3-b2570f8a1a99,0.0,0.0
908d7b1f-6ddf-4209-84a5-cfee5f82854e,0.0,0.0
9099b6d7-75dc-46d0-b444-b0243f773450,0.0,0.0
90ababcb-d9c4-4fbb-af59-3bd2d360dcf5,0.0,0.0
90c7c339-c44c-40a2-90a4-266fb1658ed2,0.0,0.0
90c8a296-1f1b-469d-8d79-343f674ba4e3,0.0,0.0
910e0c56-e379-4d25-a344-407e0d15a3e7,0.0,0.0
9114b4c2-172b-4a60-bbc3-72f470de306a,0.0,0.0
91182610-d60d-4361-aa2f-6df9bb6dae8c,0.0,0.0
9123dd80-d62a-4adb-804c-e803d2ce9026,0.0,0.0
9135f9a9-b2cf-4a12-aab1-689a5142a653,0.0,0.0
9136555a-c508-49f6-8fea-a5c021568144,0.0,0.0
913dc9e5-1ee8-4144-bb1f-12121385f086,0.0,0.0
91432c90-da99-4167-9d57-d386078971f8,0.0,0.0
916378a5-d949-48ff-9734-3148bdd9837c,0.0,0.0
9184843d-6c4a-4504-9dc0-0f182fb4415b,0.0,0.0
9189948c-3452-4d5f-a82c-d898e78690d5,0.0,0.0
91949f9a-6512-463c-b1b2-f5203a4bf0a9,0.0,0.0
919f3555-8033-4da5-9451-e7ae8cd23942,0.0,0.0
91ae251b-37ea-45c1-9d31-ba3109f5a770,0.0,0.0
91c580ba-585f-4c65-9473-b4aed67efa95,0.0,0.0
92198958-649c-4880-9ecc-f1f459e4e122,0.0,0.0
923a06f1-39d9-4c7e-8acb-b290430f4440,0.0,0.0
9278d085-095b-4e9a-8f1f-d7a774e4b8db,0.0,0.0
92803c6c-c8e2-4ca6-b958-7d7b392d2c33,0.0,0.0
9285c23e-cfc0-46b6-bd37-15f59ef4de6f,0.0,0.0
92cd39d4-a770-4c9b-b414-60b4a06950c8,0.0,0.0
92d34398-8c13-4465-b4dd-bb2a45360346,0.0,0.0
92f687bb-a402-4527-9106-87b6976cc9d5,0.0,0.0
93030b5e-378c-474d-a614-5481f0f6df58,0.0,0.0
93333564-b3b1-4d31-baf1-fe23cdf2e153,0.0,0.0
9338674c-2fd7-4ea1-aa3a-2353ce2a1bbb,0.0,0.0
93401031-0a57-4e9a-ab8d-367d376169b0,0.0,0.0
9342130a-8f30-4493-96ed-422074e6d305,0.0,0.0
93a083b1-940e-43fd-8f56-d8365955ba54,0.0,0.0
93bba725-e981-4930-a588-e65e131283d2,0.0,0.0
93bd9672-e871-4797-ba22-e3312a4e1a67,0.0,0.0
93e747cf-dbaa-4264-868b-c04d30623c84,0.0,0.0
93e989f5-51fe-443b-ae09-c844be352bd7,0.0,0.0
9435c843-de1f-4989-932d-0f1512adff8a,0.0,0.0
944abef6-36df-4096-9358-5b1aaddb5ec2,0.0,0.0
9455536f-69a6-49c2-a851-d851703a38d1,0.0,0.0
94559100-3fb2-4c5d-a7bb-37e245d93124,0.0,0.0
9460fcf6-aaec-47c8-8049-edcc5d23c8da,0.0,0.0
94a67817-86a9-4cde-b14d-f682f2ea6dc2,0.0,0.0
94adf569-1556-4570-8782-0ede8ec3bad2,0.0,0.0
94b7784a-7fe0-4f54-9953-fc8aff1e3839,0.0,0.0
94d5ff50-14cd-46f6-8d7c-46a12c16e51c,0.0,0.0
94fef809-6c36-4911-8f41-1945fd26ab97,0.0,0.0
9502f05b-e8d9-4c83-b6aa-4fdc6e64f3e9,0.0,0.0
950db0c6-8cae-4fc3-aa29-0cd6c9d1283a,0.0,0.0
95155b1a-0c49-448b-97ef-6b317d2b85e1,0.0,0.0
951d7f88-ed19-43c2-8131-d539cf5377d2,0.0,0.0
952200af-13bf-4d01-9948-699bd7dc3d1f,0.0,0.0
95331901-15c9-4c52-99e4-907e18f3166a,0.0,0.0
954710f1-4c95-409c-a9f8-ea0e119d8f14,0.0,0.0
954b311e-c41e-4622-b63f-5f932529c16e,0.0,0.0
955da15b-3fdd-442f-b6ae-aa0ca64009bd,0.0,0.0
9568116b-0743-41a4-908d-5eb4226585b8,0.0,0.0
956ab930-0915-4c9f-b792-48d673c46dcc,0.0,0.0
956be519-ea81-4d12-8edf-ba44ed19b6a9,0.0,0.0
95859221-8ad2-4f27-9eee-572b8851dc44,0.0,0.0
95966524-8056-4340-bc3e-77c957fb1d3b,0.0,0.0
95a5ddb3-abbe-4684-bf8e-e4e8998662e9,0.0,0.0
95c32f81-4252-4b70-9564-53d9468127b5,0.0,0.0
95c90e84-ad91-41a4-9e9d-12358a5a35f5,0.0,0.0
95d89380-d4be-4aa9-9e3f-01346f380797,0.0,0.0
95e558e6-ae45-4186-b03d-fb0ba2bf2f64,0.0,0.0
960094af-ead8-4277-9baf-3778dc77a600,0.0,0.0
962390a6-ba7c-432c-b902-60d29d05aeb9,0.0,0.0
965556e5-fc55-4cdb-a01a-61621b0d58ac,0.0,0.0
965a0e0a-73f6-453a-8551-e632f80e45fc,0.0,0.0
968f9f60-ff7b-4b4e-a424-f0a9c3885f83,0.0,0.0
969c1072-fe70-43d6-a493-eba87572ac03,0.0,0.0
96c212b6-e257-4f75-b09f-7dc24e04684d,0.0,0.0
96c57fd2-1caa-4d4a-beb1-e8079c921793,0.0,0.0
96c7e4c1-d140-4f11-b78d-9d5ac27cf18c,0.0,0.0
96eb5ed4-8704-486a-9e60-3d553e400003,0.0,0.0
96f3f06b-285e-4b48-be15-e91dd3efcec6,0.0,0.0
97001b6c-3291-4117-87c7-7208ba6af861,0.0,0.0
97075109-b703-4fc6-a239-97fb708ffc66,0.0,0.0
970f8c2a-088d-4168-aad2-e8fddc7fde20,0.0,0.0
97125b8f-12a5-496b-9400-ae0c6b9c27ca,0.0,0.0
97294314-d646-4fbc-9506-0d5ad419fd7c,0.0,0.0
972eecc0-7584-4b88-979b-e0b7582c007c,0.0,0.0
975c76f3-70d3-4483-9524-311d54172cd7,0.0,0.0
97620613-82c4-499f-b6ae-7d8d1c5aabf3,0.0,0.0
9764c1c8-f0b5-44db-b386-08b7f63d3c79,0.0,0.0
9774fe43-3c00-4696-9e81-e21d593c8e06,0.0,0.0
979ce118-4f6e-4a52-a76b-5d9fa75d4dab,0.0,0.0
97ad33db-ccfa-4f01-a8a3-4ead1ee0ff32,0.0,0.0
97bafcb9-1a96-43b7-b321-de1bdb9b274b,0.0,0.0
97bd39d1-d7e0-4c0f-b536-3118cd072f66,0.0,0.0
97debb9d-d1e3-47f4-9c7a-1902f2da5bdd,0.0,0.0
97e69260-eadb-4df3-ae9a-5d63b51844f2,0.0,0.0
97ea3ae4-0ed4-4632-b604-88d628666a08,0.0,0.0
97ea641c-88b1-4899-afe3-bbbafc9bd184,0.0,0.0
97f7bf8d-5a0e-43f7-aa56-6317366fae4e,0.0,0.0
981049ca-6203-4463-85ff-8e63e23ea879,0.0,0.0
9814f560-c2f9-4328-876a-20fd7e8390d5,0.0,0.0
98180483-1af1-4cef-aa94-d7d33e9ac457,0.0,0.0
983ffb89-4b2a-495b-a978-0cc26d6ceb7d,0.0,0.0
9842fa6e-4e4b-46bf-8c77-974bb1ad0cda,0.0,0.0
984a57c6-d507-4ec7-be86-fd0d2e68aa84,0.0,0.0
9865d4f5-5b36-48ae-9f59-e6f45d7ca05f,0.0,0.0
987fc756-251d-4000-b451-c4cd3fefc3aa,0.0,0.0
9884853a-0dca-4561-838d-d71632826ab1,0.0,0.0
9895b92e-0739-463a-9405-7d89dbb2ca2b,0.0,0.0
98a26949-aeed-46d2-8a65-9efdbe7c167a,0.0,0.0
98acd887-02fa-4436-a9f4-fa52cbf4ff9f,0.0,0.0
98b2a01c-d2b9-4c51-8427-57413a2d0837,0.0,0.0
98c38762-bd46-411c-9e5c-f98c0eacf55a,0.0,0.0
98c5dd8a-24f8-4006-9fba-2aa21693882f,0.0,0.0
98f875ff-eab2-4199-a352-37c3553949e3,0.0,0.0
990e5974-9c60-4c9a-ba23-ddce13971178,0.0,0.0
992e0928-3275-4762-bd8a-f632555a9699,0.0,0.0
9932b1fd-e602-4445-80b4-bb7711de4650,0.0,0.0
99475c36-ad68-4555-817b-9c277e694015,0.0,0.0
99532403-bb3b-4da9-a6d4-9e76e28734a6,0.0,0.0
9989d46f-ff5e-4873-95a7-4d7b5106c30d,0.0,0.0
9991fa76-bebe-4ea3-a54d-71792dfdf641,0.0,0.0
99ae28c3-e026-4b04-8bf2-fabba677bdc7,0.0,0.0
99aee427-fe4a-4d53-ae73-1c60afb66cc3,0.0,0.0
99b52eff-2c5a-446d-a733-71fca0b4148b,0.0,0.0
99c95559-e4bf-4715-9454-5a875b376844,0.0,0.0
99df94f0-415c-4356-996a-2de89a45f2e8,0.0,0.0
99e20d37-d591-4822-a83f-64c8f1501fbd,0.0,0.0
9a377f90-7cfc-429f-807d-06a9345ec09e,0.0,0.0
9a46c309-7c59-4be1-8891-0290b74fa8d4,0.0,0.0
9a5894eb-c323-4187-a807-6af62b890865,0.0,0.0
9a602e76-6a07-42c6-a32c-0c322d9b4cc9,0.0,0.0
9a60da79-6158-4c60-abef-8268996223cf,0.0,0.0
9a639cde-1ad9-4ed9-a2e6-5d3f7901da00,0.0,0.0
9a6886a3-9c1a-4803-bb1d-47bf7fabea70,0.0,0.0
9a7435bd-7cdc-4a87-aa90-44436ecdc01e,0.0,0.0
9a875b86-acb1-45cf-9a6f-2a394c77c67f,0.0,0.0
9a891df8-f026-4737-a0e4-c351808e3954,0.0,0.0
9a8ead52-89f9-46ac-b67b-8ab01ce1d458,0.0,0.0
9ab08523-bb66-4da9-afcf-424aec09af0a,0.0,0.0
9abaaf9f-22cd-4775-b6a3-434e0db1d9b8,0.0,0.0
9af67e51-f459-43df-9226-83d78a758c28,0.0,0.0
9af89b99-fb6e-4bb2-83f2-671c999510f2,0.0,0.0
9b0dcc2d-153c-47f6-ac62-f4009c60b14f,0.0,0.0
9b23d8d2-d482-4cef-88e6-dbd00c2733cc,0.0,0.0
9b2c86d8-1afe-46da-895a-9525e4d892a4,0.0,0.0
9b452456-b5b3-4d5b-9035-4fe920c9bb58,0.0,0.0
9b521a24-145f-4cef-8625-622e7b8b4395,0.0,0.0
9b5d8804-fa4e-4654-a012-6a949ef7e04c,0.0,0.0
9b732eb5-b66a-4cd1-bfe7-d4e524928936,0.0,0.0
9b807437-2366-4102-801e-95334ce115c1,0.0,0.0
9b8653fb-b5bd-472e-a126-cb804aece8f8,0.0,0.0
9b96c9c2-740c-4185-81cd-007ac70451fd,0.0,0.0
9bad0864-c15d-4e95-b79a-5672834a5793,0.0,0.0
9bc00d37-ab56-43b8-b13e-299806c4b90e,0.0,0.0
9bcf9bcc-e81d-4f17-bcf1-81d90887a8f3,0.0,0.0
9be4bc2f-79c7-451e-a002-ac596e73a8b4,0.0,0.0
9be6675c-dfc4-4341-b2df-a9922e9c95d9,0.0,0.0
9be86f67-cbaa-4d2e-b5b1-ff078e40e39d,0.0,0.0
9c14f8e7-c507-41ce-aed6-b48675395195,0.0,0.0
9c26ee2c-9481-4448-b939-cf5cbd2dc00a,0.0,0.0
9c3ee729-c415-4b28-83d0-f1a5d9b71253,0.0,0.0
9cae21d3-0495-46ee-b97f-483fe4baa3f9,0.0,0.0
9cb48fb8-44b0-43f7-92b5-aac2262ef133,0.0,0.0
9ced03d7-928d-447e-8b69-8dd52763942d,0.0,0.0
9d1ab5eb-34e9-4653-a1b6-27ff0e2aa0b2,0.0,0.0
9d7000bc-6e09-4b81-a0b4-5c0728266e3e,0.0,0.0
9d70ab58-d0b5-4be2-90d6-48449a986749,0.0,0.0
9d857ab7-692e-4dd8-ba07-207da77d6dfe,0.0,0.0
9d9df455-2ac5-498b-9032-ece79a9a042e,0.0,0.0
9da0ace8-c08c-42dd-8cc1-1eba68de4014,0.0,0.0
9dabe82d-3141-497e-a8a2-8bb0aae3bfca,0.0,0.0
9dcf4f39-e2d2-46c5-86be-e102111831b9,0.0,0.0
9ddb468f-442b-4c9c-a5ce-c78bc17570dc,0.0,0.0
9de7302e-f70d-41d9-b19e-250b2d8775e0,0.0,0.0
9e007aaa-9e4c-401a-85e0-ef736353676c,0.0,0.0
9e147c26-2734-4118-ab9b-b0086f5871cb,0.0,0.0
9e16a1d0-ec9a-467a-8121-9332a36c27f8,0.0,0.0
9e1d5ab9-2991-43cc-ac97-240c39a1568f,0.0,0.0
9e29de62-6952-487a-ad23-f4af89bbd2f6,0.0,0.0
9e3652d3-8238-4c1b-a436-beccf045d716,0.0,0.0
9e48636f-86a1-4a1f-ade3-edba9727fe12,0.0,0.0
9e5283af-4380-4087-8416-242a18ee526f,0.0,0.0
9e5616dd-9d87-40d6-8a6b-becd68b374db,0.0,0.0
9e5bf363-2ea5-4d4b-813a-00da4000ac84,0.5512092709541321,0.5362876057624817
9e670f05-fda6-45f4-8dd6-9b76d43a7069,0.0,0.0
9e6b26c1-4914-4330-8804-7fcc377e7016,0.0,0.0
9e70514c-0365-4bc9-907e-375c848c2fdd,0.0,0.0
9e7fffeb-08a2-4370-94dd-fcf2125b1b2f,0.0,0.0
9e8b39ae-9998-449c-acff-443a4289f963,0.0,0.0
9ec25b1e-0247-4f66-a3e6-f7cdd07420a3,0.0,0.0
9ed3b9cf-267c-4be3-9af8-f9375850b520,0.0,0.0
9ed75d98-63f7-4ed8-99a7-860c9ccf333e,0.0,0.0
9ed88724-1f6c-45d2-87b4-9e762fcf8d66,0.0,0.0
9ee38f2b-e273-4e85-8fa9-6f24d4d4c9ae,0.0,0.0
9ef6411a-2962-4633-a769-2a4b5753b048,0.0,0.0
9f006ad1-bb0e-405e-9870-64cf85cc1824,0.0,0.0
9f0ccd7f-de99-4672-81ec-1aaee376a019,0.0,0.0
9f2405cd-80c1-4932-ac15-3f8d9c2a3481,0.0,0.0
9f25413a-24f1-4b60-a23e-ef85b57f2894,0.0,0.0
9f262054-b061-4a8b-ac01-7064b2f35b24,0.0,0.0
9f6a0bac-c734-46ab-ae5f-9274c3166c83,0.0,0.0
9f6ea6ff-aff5-47cd-a05c-455bd05a774c,0.0,0.0
9f8ab0fe-98e6-4449-ba11-ff3c4d9e04c6,0.0,0.0
9faa445e-c178-43e8-9806-e1566870854d,0.0,0.0
9face1c7-3afc-4d0b-8007-3ee163e93689,0.0,0.0
9fc12044-1ddc-4a3b-a38c-3b4eae50d9c9,0.0,0.0
9fdb44e3-08a1-414a-a9c4-67d805c4e08b,0.0,0.0
9fdf828c-c3ba-4336-88a4-c73143324f3e,0.0,0.0
9fe2846f-4fcc-4474-9d39-567d2cdb02b0,0.5111875534057617,0.0
9fed6d1c-00c9-43ff-ab4e-817384efc4ab,0.0,0.0
9fef37d3-5fd4-4b67-8060-37b94c3c9f9f,0.0,0.0
9ff17f3f-4cc8-43c1-b39f-e401c293dcdf,0.0,0.0
9ff32df7-328f-4d62-a600-88526be340cb,0.0,0.0
a0252d6f-6547-4f17-b628-6fad283abd73,0.0,0.0
a027ef73-ffec-43ed-baba-e6f23b123280,0.0,0.0
a062633d-faf4-4078-944b-8db80058701a,0.0,0.0
a06e9574-c1dc-4854-b990-f4add0ec06d6,0.0,0.0
a098f34f-7604-43ef-b260-865ad5db2a7b,0.0,0.0
a0a21893-7451-4356-826f-854a42b3e74a,0.0,0.0
a0c337a7-169c-4422-bc1e-8f8ddac354ae,0.0,0.0
a0d1982f-ec56-4d8e-8def-b19f5e338cfe,0.0,0.0
a0eef847-b537-4c6c-85b9-37b1570dcc87,0.0,0.0
a1076662-762c-4cee-aaad-04de07db206e,0.0,0.0
a107a50f-f652-40b9-b968-492b6195c229,0.0,0.0
a112c8cd-0f13-4b23-ae6d-ec58f7bee100,0.0,0.0
a126bcf8-55cd-4f2f-8d5d-638d609a91d4,0.0,0.0
a13fe3e4-0678-45f7-8773-3abcaf13613b,0.0,0.0
a1474603-9a01-4c43-a684-2f5a1e9f8c57,0.0,0.0
a14e7078-be08-4c15-8a37-34188a11be94,0.0,0.0
a162f66a-6bba-4549-82bc-65ee7518f70c,0.0,0.0
a168f3b3-e05a-4069-9ce8-235ef0d824df,0.0,0.0
a16e0779-9488-4b3d-8fba-216bb94a5ddc,0.0,0.0
a16e8f66-1797-44b6-885f-d28fcaa0c91a,0.0,0.0
a17ba6eb-18b4-4950-9ceb-e307485ad76d,0.0,0.0
a1849096-9bd0-4d5e-8fbe-3df323cd3369,0.0,0.0
a196d976-73a7-450d-b717-335b4b74e268,0.0,0.0
a1c4f23b-8c68-436e-a53d-67c74150ee5b,0.0,0.0
a1c81291-bc56-4ead-990d-8c0a50366be6,0.0,0.0
a1cb1f92-0e39-44e6-8f45-644bd2708614,0.0,0.0
a1d482d4-5685-4b71-8193-abb82ca3f386,0.0,0.0
a1db7c62-deff-4693-a20e-199d0348cefb,0.0,0.0
a1deb62e-8eb8-44cd-ac53-9a0518bd379d,0.0,0.0
a1df4421-fd09-4be8-8801-f660bbd8f6d8,0.0,0.0
a205c234-bcfe-4812-a423-28611860e9f8,0.0,0.0
a2127853-6a1c-4ad7-88f5-0ae51e00d340,0.0,0.0
a216ec1f-d456-44fd-92aa-9f29169ff3af,0.0,0.0
a2188a4c-200c-4eac-ae61-659ef0f3c428,0.0,0.0
a24cc652-46a0-4500-b165-5ce7d78cf83d,0.0,0.0
a25de079-3952-48d1-b962-98a026fa047d,0.0,0.0
a26305e5-0c69-4d06-b418-760181cafd71,0.0,0.0
a275fd06-8a06-49bd-9946-01bd3cb087a1,0.0,0.0
a2ad796e-cd68-4714-97c7-a741e3f7dab6,0.0,0.0
a32113c4-9b09-4cbb-8b22-5bce86121093,0.0,0.0
a3247618-2d02-447f-9e10-fe623f523fcc,0.0,0.0
a32d95c0-0d52-42bb-8d2b-389ce488bde4,0.0,0.0
a34e8f9b-2737-4a65-875c-822d4242733b,0.0,0.0
a388a2d0-d1a0-4eb5-943a-6992a3c8b045,0.0,0.0
a38af757-335d-4da9-9207-be111585f6b7,0.0,0.0
a3c485ec-e08b-45f2-8f13-cfb0b3a1bc73,0.0,0.0
a3cd60ec-7928-4786-b3c3-94014a7bdcdd,0.0,0.0
a3cd76ed-75b6-4539-b254-1dfd8767f17e,0.0,0.0
a3d74bb4-de0a-45ac-ba2f-eb66a0e3fa60,0.0,0.0
a4043879-ccef-4834-baf0-421b8134562c,0.0,0.0
a40ef2c1-1fd5-4f00-8010-246017063312,0.0,0.0
a413e095-d8eb-4fbc-8d9d-bacba22c5172,0.0,0.0
a456bf71-94e8-4ef3-aaf9-b85e80d4454c,0.0,0.0
a4590ed9-e0f9-4e8a-bc40-a2395d79ae8a,0.0,0.0
a465bc05-8300-433b-b803-1989ee0e1a98,0.0,0.0
a47a1046-40c8-4e39-b29e-7738333b1e2e,0.0,0.0
a4808651-eca8-4da8-935d-87a1e6d16a34,0.0,0.0
a4861de2-d524-49f2-ade5-7779af6c4d41,0.0,0.0
a48698fb-c148-4022-9d9e-3d3ad2d3dca0,0.0,0.0
a486b12a-16e1-418d-86a5-7ac7e2cc9c6b,0.0,0.0
a496a227-1c52-4ab1-8503-882e69032c94,0.0,0.0
a4beb12d-5cce-45b5-98e5-732f0910ae14,0.0,0.0
a4c03242-06cb-4b9f-88b6-d321ac2a34ff,0.0,0.0
a4cd6319-2054-41dc-81b7-7e7203001de6,0.0,0.0
a4f6833b-58f3-4f56-8bca-4bab949c9cd0,0.0,0.0
a4f97027-6d44-4f77-9a4f-f9111dec4dba,0.0,0.0
a530b71f-76e9-4c33-b1dc-752266bdd603,0.0,0.0
a53aa821-3365-4436-ad3e-3e1a59b95f32,0.0,0.0
a54a1c32-6c10-4143-bec8-c7793f828926,0.0,0.0
a561b4c8-b487-4ae3-ab3e-75991906235b,0.0,0.0
a567ca0b-b271-408d-ad18-e7fb424ee03f,0.0,0.0
a56c2528-4104-41a0-a013-2ccd55773663,0.0,0.0
a57339ba-d79e-4332-8de5-5735ab48bddd,0.0,0.0
a5884607-c88e-4392-8fbd-6375c86da559,0.0,0.0
a58f41e4-f90a-4df4-8a04-572df0ce9e1c,0.0,0.0
a5951260-c5ba-42af-95f9-ea6fdb67c1c4,0.0,0.0
a5ac2c68-1f40-49af-8337-fcc2464b80e5,0.0,0.0
a5bee817-03af-495b-b204-30e4f90f41a0,0.0,0.0
a5c0aa09-75d7-4a83-932f-10a5f1570c08,0.0,0.0
a5e9af27-b944-4837-9879-1624c55f41fe,0.0,0.0
a5f1200e-b095-4a26-a313-2ca3fdc6b88e,0.0,0.0
a5fbe83a-e16e-474a-aa0f-b1d10e606121,0.0,0.0
a606da06-a2c1-4ebd-b07b-1182e2d14946,0.0,0.0
a61947b2-9485-4019-8800-ae8901e51c24,0.0,0.0
a62795b5-557b-4f7a-a176-824474358b68,0.0,0.0
a62cfd22-ec61-418e-a2bf-399a67588f04,0.0,0.0
a648bd36-4614-40dc-988a-4ced372ba12d,0.0,0.0
a6537304-b9e6-4ddc-acb9-0a725dc1cd59,0.0,0.0
a68bc9b3-0720-4497-8264-c8e8ebff147d,0.0,0.0
a69518c2-be0a-43f0-ad5e-91ec4d7a9ec1,0.0,0.0
a696811f-e7e3-490b-8e9f-3353c71fe5aa,0.0,0.0
a6ad02d0-738e-415b-ad70-4fd96ccdc29e,0.0,0.0
a6c8c9a3-e245-47fe-b12c-a0eed1aae5a3,0.0,0.0
a6ddd5d2-dd38-48e1-890f-52eb69b2d9f0,0.0,0.0
a6e89c77-3c15-4f08-a640-957ad48cf8c5,0.0,0.0
a6f1f357-c09a-460a-9688-c682a5d7118a,0.0,0.0
a6fb4b38-5901-4867-af81-06b9278451ee,0.0,0.0
a71d2318-2320-47b3-8864-779e74a484cb,0.0,0.0
a72040f8-2d7a-4557-b56d-0d758dff48d9,0.0,0.0
a7283e86-a943-4ab6-9cbb-fcb55367b1ff,0.0,0.0
a74fade3-687a-4c91-9642-d9ffef8fdb01,0.0,0.0
a756d208-b6f8-4c53-b215-39ad95fcfe69,0.0,0.0
a7595d8c-a6d9-41dd-8998-fb8f6b8f763e,0.6180278062820435,0.5543188452720642
a77547c6-ca66-4035-aa05-0dd56fafccfc,0.0,0.0
a780491e-6c25-4172-b016-e2f8bfae373e,0.0,0.0
a78852cf-0c98-48c8-acb0-bac9ba393943,0.0,0.0
a795f4c5-3c73-40c2-9d01-a61f60ab200d,0.0,0.0
a79be625-c96a-4307-ad9b-ab1d2136adb2,0.0,0.0
a7bce018-204f-4854-9c8e-4441b191e7f7,0.0,0.0
a7c43f01-880d-4a78-83a5-4e47f3923835,0.0,0.0
a7c79c3d-a3e7-4c32-a5ba-2a3e8ed13a65,0.0,0.0
a7f00776-ea2c-47f7-b937-275f9f7116fe,0.0,0.0
a7f274d5-9b4d-449f-93fc-cf6733d04894,0.0,0.0
a81ce596-b5cd-469a-a2e2-efc340767015,0.0,0.0
a829c90e-f48d-468d-bc1d-35eee2bf773e,0.0,0.0
a83d5f13-ec82-4cda-ab70-bb6cb8279ac2,0.0,0.0
a84bd692-ac00-4662-aaf0-24d4f42bbe37,0.0,0.0
a85f3312-ddff-4c69-b208-cedf994e3a21,0.0,0.0
a878570a-b252-4bcf-8648-4efe37ff5356,0.0,0.0
a89133a3-80ca-47fd-bad2-f1b95372014c,0.0,0.0
a89d389c-91e0-439f-b76b-abf2a817f403,0.0,0.0
a8fa0dac-8193-42d4-ad79-c604b36be56a,0.0,0.0
a90ca8cc-f437-4cd5-bd80-53a9e27e64f6,0.6080422401428223,0.6020864844322205
a94fab27-5991-4d0d-b70a-77e5a96f53c8,0.0,0.0
a9661545-86e2-4ef1-b71d-9115abc4c8a4,0.0,0.0
a992344f-f156-447d-8449-9a1331b24ccf,0.0,0.0
a9ae91de-d35b-429a-8699-2fb14716d531,0.0,0.0
a9d5aeb8-0715-4f80-bb22-d27b0a6c9b2a,0.0,0.0
a9d6ce7a-6839-410b-815c-293a1500f345,0.0,0.0
a9db76b6-5949-40e4-9d0f-50586036e995,0.0,0.0
a9fb33df-33de-4266-8f53-52d7307851b6,0.0,0.0
aa02456b-5f54-4db4-bece-3b5785734b0e,0.0,0.0
aa0e8a88-abff-4058-8e32-2f5076ba0913,0.0,0.0
aa298858-8181-4338-bc28-8c2a99802dab,0.0,0.0
aa3dfeb7-d6a8-40b1-9124-044b184772b2,0.0,0.0
aa48a3e6-5c48-4765-825b-aa077f4fd4b0,0.0,0.0
aa4a2b10-eaad-45cf-8d08-de679005a60e,0.0,0.0
aa5da2f3-1b97-4de1-9592-0b084eed69c0,0.0,0.0
aa621fdf-0a06-490d-a4f6-d295c0e64420,0.0,0.0
aa891dde-10c5-4057-b037-b44ecebadf5b,0.0,0.0
aa8b1c37-385d-4e4c-b98c-f712e1ac4abe,0.0,0.0
aa9554ed-b0b6-42e1-8e8d-3281e0da138a,0.0,0.0
aa9ee5aa-fee4-4392-b940-cb17ca63515f,0.0,0.0
aaaa6fe1-ce86-465e-8392-14aae9076286,0.0,0.0
aaab51c6-b14b-462c-83f0-e5fac686fe04,0.0,0.0
aaad3f5a-4e49-4d3c-90f8-94bc7c2f439b,0.0,0.0
aaaf8c7a-bb2a-41ee-9aa5-082e46f937d6,0.0,0.0
aab80d40-1926-4bfd-b2c1-9f14f248b809,0.0,0.0
aabb0af7-77bb-4ae4-9dd7-ae7e733653b6,0.0,0.0
aae3eb85-485d-4b18-abf8-8f3bbed2be4c,0.0,0.0
aae3f272-5993-4b8a-a93f-0f016b62b8ef,0.0,0.0
aae88171-5fc7-4d21-ad7a-3414e7d096df,0.0,0.0
ab0b4592-2c1f-45de-81be-c66e5811d6ae,0.0,0.0
ab254bf1-1be7-4085-a76d-f8876c98b7bc,0.0,0.0
ab3738ed-4253-44b9-b806-a71d4b9b6022,0.0,0.0
ab3e3991-92cd-4483-9095-bfafe861072d,0.0,0.0
ab667204-31fd-4025-aa2d-e9f306538dda,0.0,0.0
ab778104-dcca-42b0-ad83-0ecb77e10963,0.0,0.0
ab945ed7-284e-4ccd-8b6f-ec7829f78c49,0.0,0.0
ab96c52b-c9ca-4116-8643-f1b5c6deadc4,0.0,0.0
abbd1744-4a03-45fc-8eef-3de9f8e6c3d7,0.0,0.0
abc8bf91-e303-4080-9bd6-f99b30b1b9ba,0.0,0.0
abdd7064-f675-4cbe-ac34-e98c2e1cc441,0.0,0.0
abe3980d-edf4-46e6-a559-48b9cb4adacd,0.0,0.0
abf5fae5-2f93-43c3-8017-0ac44e611fc5,0.0,0.0
ac044574-36d0-48fe-83c0-e57973ef6a18,0.0,0.0
ac26b65f-5791-4ddd-8cc8-2f288bd0166b,0.0,0.0
ac52e44b-f0d9-460a-9d1c-a72cf4f014a7,0.0,0.0
ac691150-420c-4e21-8c22-67577498f4c6,0.0,0.0
ac848282-3527-4e02-9a1f-f6b47ad47ed3,0.0,0.0
acb21257-2d67-4bcc-b3a2-acc063acb9a1,0.0,0.0
acbe87cf-6fb7-4aa2-a551-f319edac436d,0.0,0.0
ace34ea9-a305-4924-9134-54793f33875d,0.0,0.0
acf4cc2f-a99c-469b-a31b-f70df3c089c5,0.0,0.0
ad1ef047-a2f8-4ece-aa68-02934327563c,0.0,0.0
ad23c7b5-9b28-42c6-a902-b2c54ea87dcc,0.0,0.0
ad61d0ba-1fc4-4af2-8bfa-52aa13c6c301,0.0,0.0
ad7c8708-bb96-403f-ae7d-9d4321b40d6e,0.0,0.0
ad7f811e-c9d6-4b45-b203-4f79fb7708e6,0.0,0.0
ad844adf-88ce-466f-b8f3-318f153086da,0.0,0.0
ad9848b9-5d52-44ca-906f-053a0f086ce1,0.0,0.0
ada70a7b-dc64-4500-8837-203d532a3294,0.0,0.0
ae4d9dda-f734-4850-8556-c809902b462d,0.0,0.0
ae50dfc6-b17d-456a-9a40-59121cc5cdcb,0.0,0.0
ae6b5042-f6cf-4a5a-944d-786c9c970156,0.0,0.0
ae7ed7ee-9cfe-44f2-b094-4d109fd6cbe9,0.0,0.0
ae8ea275-d7d8-4482-b0fd-b8c646b5e7db,0.0,0.0
aea5d9a5-724e-4f69-9549-24c1e8115abc,0.0,0.0
aec83f9d-42bb-4fb6-b985-41da1c7e3704,0.0,0.0
aed87107-d093-4123-aa8a-b3a3fd349f00,0.0,0.0
aee32419-f3a3-46a8-ad5f-e8059ebbd2e7,0.0,0.0
aeeb2600-a21e-4f6b-a940-5670c53d9ac5,0.0,0.0
aef6f6d8-ab7f-450a-81a9-6ce3a4ba9d5d,0.0,0.0
af092420-d70d-4787-b310-7aff66b2ced4,0.0,0.0
af32e43c-30fe-48a2-93e0-8cf7cf0e7fd4,0.0,0.0
af614496-173c-4085-a21f-8d452c17d404,0.0,0.0
af743657-99e2-4636-a19f-43f68cfab72e,0.0,0.0
af914eba-fbfa-41d0-911e-37727463df27,0.0,0.0
af9f0916-acc1-46bf-8ae4-4c04e89dbf76,0.0,0.0
afbc558f-6e08-4bdb-b5be-bb6e9a1a620c,0.0,0.0
afbfb7f9-c3b9-4c74-9121-7532a852c2d0,0.0,0.0
afc9fb1f-59a9-446d-9b33-8f927d6344c2,0.0,0.0
afd2c30f-adeb-4b6b-b9e6-a0db7264c331,0.0,0.0
afe95bc1-b3cf-48b5-ba9d-492f54f1ebec,0.0,0.0
b019c998-d189-4857-8c15-2cdebb8becd4,0.0,0.0
b04e65ed-bd12-4cfa-a435-0e647647a4af,0.6490057110786438,0.5647138953208923
b05c98dd-039c-4800-94f9-e0eec271a64f,0.0,0.0
b07e4808-139e-41f1-9fe3-c65c07553bac,0.0,0.0
b089d2d9-9db4-4165-adda-3035e45f0bc8,0.0,0.0
b09a2476-b19b-40b5-a19f-be2a87a30196,0.0,0.0
b09fadb2-80f7-48fa-b0a8-08562ce312a7,0.0,0.0
b0a5f432-64a5-4f74-887f-c4516a1ba0cb,0.0,0.0
b0ba26c4-91da-43fd-b420-d0d91746eb54,0.0,0.0
b0eb28a5-28ab-4c4d-bc81-412938e2ba2c,0.0,0.0
b0f50d80-d728-4604-ba15-d7aa3dc156cb,0.0,0.0
b1472e28-1b36-453a-bdce-3aa9a6a86cfc,0.0,0.0
b1527830-94cb-4507-9165-cfb2a123e0cc,0.0,0.0
b16d0509-403b-4a77-bff7-b419245c1c70,0.0,0.0
b176ac8e-b145-4767-9a1a-81f6510384ce,0.0,0.0
b17721d3-bf44-45de-8765-1c48306a89aa,0.0,0.0
b187e3d8-8010-4a76-9b3f-bd6c625c099a,0.0,0.0
b18dd7a7-f727-4a64-9e22-48cad4317882,0.0,0.0
b19a98a3-6c0b-4386-959b-2bb541be1ccb,0.0,0.0
b1c5f79a-2dd2-495d-850a-b4eb21222133,0.0,0.0
b1cb4a1e-e783-4cb6-9429-7a029612b127,0.0,0.0
b1d93cfd-c462-4d34-99c1-2b3c83a29bd0,0.0,0.0
b1d9f179-6d65-43a6-9366-c6fe7fc75636,0.0,0.0
b1e3bfc8-c419-4a70-9b82-bd604ebe5104,0.0,0.0
b1f62ea1-e61d-45fc-8608-4ca80b00b6b4,0.0,0.0
b2259e23-9ec4-4ea5-a44a-baff3ee6e7db,0.0,0.0
b2551f80-fb38-48aa-bfdb-1124aa3ff279,0.0,0.0
b28c22fc-ed97-4192-97cc-ea06f81b280c,0.0,0.0
b29838a5-2277-4e28-824f-c26f5f25c32e,0.0,0.0
b299035f-6732-43e7-8837-940f233d21f4,0.0,0.0
b2a17912-f153-4bdb-8d7b-9323880c70d5,0.0,0.0
b2b437f0-2868-4850-9644-f03f6aa41436,0.0,0.0
b2b99633-2d1f-4fd1-a6b9-644dd04c83e8,0.0,0.0
b2be721a-9de2-4bbd-b92b-b9b263bf3958,0.0,0.0
b2c86a56-59f4-49aa-a58b-aaa8ed0b0df7,0.0,0.0
b2f0d314-4cb9-409b-b0d1-d5a9ea1f1210,0.0,0.0
b3103f46-3f1b-4693-b9e3-2be7013651c7,0.0,0.0
b3166b91-9683-4661-a2da-eb223c07b441,0.0,0.0
b31d6330-f17e-4ffa-88f6-793ae0d00808,0.0,0.0
b339a862-9d5a-458d-9a07-34df97a9e7a7,0.0,0.0
b347d072-f664-4806-8f40-7a44087b0db7,0.0,0.0
b35edd36-2162-4321-8b05-5e0583165086,0.0,0.0
b361c92b-0c18-4774-9945-3773b908b916,0.0,0.0
b36aab68-af4c-4c21-aeb6-1a6d9e43af12,0.0,0.0
b36eec3b-a405-4404-a6b9-eff19265c117,0.0,0.0
b3784909-9812-48b3-9615-ab84826816fa,0.0,0.0
b3856bb3-6ee9-47d1-9e3b-1e88752c3f5e,0.0,0.0
b38af0f0-9ee0-4a9d-a049-19b526acb333,0.0,0.0
b39374e9-2d80-4168-884b-16cc89b1e6aa,0.0,0.0
b3abe909-fbbf-4592-9130-592fa1fe8659,0.0,0.0
b3ad6443-6696-4c06-bba0-3e5d3028d08c,0.0,0.0
b3b085f1-b696-4c8f-8b02-07d328f780d0,0.0,0.0
b3d415fe-57d3-43f2-84b1-713674e61aeb,0.0,0.0
b3d85011-beec-431b-8206-8dc3f6865d90,0.0,0.0
b3e1ea2f-63b5-4e6e-87bc-1fc6b0c4d8fb,0.0,0.0
b3e3a4c8-3b55-497a-864d-f4461479bde0,0.0,0.0
b4072134-b376-4a54-af5d-dce438a344e2,0.0,0.0
b4326ad2-8cf0-408b-92b8-124bdebdabe1,0.0,0.0
b4347caf-029f-40a0-aaa5-260af3947e36,0.0,0.0
b450d927-50e0-4ae4-8582-98b1447f5357,0.0,0.0
b48f46c0-af8b-4ea2-a410-66ddb6b87e41,0.0,0.0
b49c5317-4a20-42a8-9d15-39ead9ebf306,0.0,0.0
b4ab6693-805c-4439-91ee-6b9ffc4965a2,0.0,0.0
b4b63a19-ee6f-4023-acfd-72f68e877575,0.0,0.0
b4b6ef70-9a3b-4f2e-86e2-079c2ad69b84,0.0,0.0
b4f3db50-23cd-4e8a-a0af-9ed9ca766980,0.0,0.0
b4f608a3-3855-4be5-813b-05d0c14197a7,0.0,0.0
b51f38eb-32ae-474f-a730-e46738ffb2d3,0.0,0.0
b520ba70-39f6-43cb-9301-0feda2ae2a70,0.0,0.0
b52195ba-44c5-409b-8708-4cc5986b8e17,0.0,0.0
b530884f-baf2-4db5-a94d-6696e37ad13a,0.0,0.0
b54775d6-b5ae-438f-8398-c619ca826742,0.0,0.0
b55bb700-a89b-44af-a104-a3e939d0f435,0.0,0.0
b586606b-aea0-4196-86ea-3e41f9d4644e,0.0,0.0
b59dde33-12e6-4517-a7f9-169b250dcd4b,0.0,0.0
b5a60434-7748-4413-9022-d4a189802d4f,0.0,0.0
b604361b-53f4-4765-8db2-d9a6181285b7,0.0,0.0
b6159c15-29eb-41ab-b0b0-ea13d3bd845c,0.0,0.0
b6227aff-4b50-4a0b-aebd-fe1c737a55db,0.0,0.0
b623c6c9-465b-447d-95f0-24ce31241e9e,0.0,0.0
b6ab9114-e689-4e12-aa03-af47122b4692,0.0,0.0
b6b25d72-2b87-4d01-860b-4db16e4b9270,0.0,0.0
b6b8ed30-3e87-47d3-b912-281ebe89e579,0.0,0.0
b6e17039-60a8-4152-be8c-d70e3ec489f0,0.0,0.0
b6e6dabb-5b6d-4084-84c2-8036f4b2e383,0.0,0.0
b6fa3097-59b4-40d9-9764-1e57ea2f6acf,0.0,0.0
b720e967-09ac-4c44-8647-20dbf93bc340,0.0,0.0
b738bcc8-f45c-40e6-97bb-f029efd1ca14,0.0,0.0
b73d67d2-531b-4290-b820-bcad29176acd,0.0,0.0
b7476d57-4eaa-458c-b291-74ef6868d070,0.0,0.0
b7575b0c-0596-4fa3-9896-6a3358e84cfe,0.0,0.0
b760002c-3236-4102-992d-1be73e80d614,0.0,0.0
b76ae5f4-efa3-4a6b-af55-8002f5c46216,0.0,0.0
b782422d-4534-4b0c-9876-c2de28dbadc6,0.0,0.0
b7a9d8ce-cd7c-443e-b6e1-8e3b0e92847a,0.0,0.0
b7b8e85e-a63e-4fda-b703-4582564874af,0.0,0.0
b7f3e318-7beb-45b8-ae4f-d5a8bea034b4,0.0,0.0
b81c9869-ed23-4365-b4a2-876f71e19c82,0.0,0.0
b82aee2b-f514-43db-a39e-9514ec16eae1,0.0,0.0
b83d2b60-7397-4d4c-a0d6-454ecbc21863,0.0,0.0
b8473c6c-97c0-4f90-8a33-6448bd93efc3,0.0,0.0
b8519eaa-44e1-454b-9c20-4d29ea033339,0.0,0.0
b8553bc4-849c-44ce-8b55-262ee67bce36,0.0,0.0
b870e375-adeb-4569-bf9b-4efd609a4bc0,0.0,0.0
b8750751-eb5b-4cf5-a486-adce3932c7c8,0.0,0.0
b87bffa1-62c2-4bd8-8eeb-05f25c0d0b8d,0.0,0.0
b882c59a-603b-4a96-b241-78ac8c5bbfac,0.0,0.0
b883aa09-8cf1-4b4a-a138-8fdc01113924,0.0,0.0
b885508c-1a4b-4341-bdf3-506cb49486f2,0.0,0.0
b893d649-6cea-4eb5-af3b-ee73d18ec97b,0.0,0.0
b8ab755f-6ba8-41df-97d2-6453537b30c6,0.0,0.0
b8b06b7a-b353-4b80-a04c-38d37117f499,0.0,0.0
b8cba638-33d6-4bcb-96df-124e4a53a618,0.0,0.0
b8d6d538-4072-4f59-8e8b-a01f3fec4329,0.0,0.0
b8e714e7-5730-4ff4-bfb3-e4df99704673,0.0,0.0
b91c84c3-d010-48c3-8564-f40670e76a32,0.0,0.0
b91ec8e3-17b5-4255-b8e1-1ad5846cd088,0.0,0.0
b92abde1-5c53-4a81-9536-f53b2f7d8261,0.0,0.0
b9349689-f75e-4f3a-af0c-864a13c39df2,0.0,0.0
b9365265-f86e-40ab-9971-35ae2993024a,0.7098551392555237,0.6839876174926758
b9482a9a-4e5f-45b4-8bbc-4768b9743a1d,0.0,0.0
b948513b-848e-4d43-a4e0-9feb38ef0695,0.0,0.0
b955d6e6-61bf-4b2d-a5cd-09fed54c8dcb,0.0,0.0
b969998d-d435-4043-97ac-66d7b445af69,0.0,0.0
b9c72d4b-c052-4cbd-bd47-e30d3eedba81,0.0,0.0
b9ceb6d7-1697-403b-8f05-ff76ae36eab6,0.0,0.0
b9d85e5d-5d00-44b4-b3a5-cee799adfba4,0.0,0.0
b9ed3994-d434-404f-9825-399ddc1e14ad,0.0,0.0
b9f903d5-46f7-4b62-8c59-a1a05902d548,0.0,0.0
ba0743c2-c69f-44e8-b0c4-fec98426788d,0.0,0.0
ba1dec34-bd1d-4276-8aba-6c27f21de117,0.0,0.0
ba2e7e53-b484-455a-a66a-d024c7b7863e,0.0,0.0
ba39008e-7e0f-4c86-bab2-687bde537e30,0.0,0.0
ba3d8abf-bee8-44ea-b37d-28ecdb6aa07b,0.0,0.0
ba44f6f1-b038-467c-a8a3-de137864a66e,0.0,0.0
ba4a79ca-3ceb-4a3f-af2b-892af2c2c5df,0.0,0.0
ba5de8c8-02f5-43e0-b249-8d10416f9e7e,0.0,0.0
ba602c3f-649d-4e78-ad5d-599de742df96,0.0,0.0
ba6fd6d9-7ec3-44ce-b8d3-b5904f538e39,0.0,0.0
ba761c6a-10c1-4ce0-b87c-8d3aaf6dbeb3,0.0,0.0
ba9164c5-48d3-4e88-8606-7b290ee6954b,0.0,0.0
ba97893c-3a8a-41bb-b164-381bea1db633,0.0,0.0
bab56116-578f-4927-82e4-52115e8789b3,0.0,0.0
bab685e2-8cd1-4494-b403-e55fd3bb9d58,0.0,0.0
baf95145-3ec6-4be1-b148-fa543024baa3,0.0,0.0
bb042263-155c-4c0a-9334-48706484d9c9,0.0,0.0
bb21e071-93c2-49ba-8bf9-ecc52715a7c8,0.0,0.0
bb2a7a13-0d61-4680-ba84-26f810da79d6,0.0,0.0
bb3cf96f-7ee0-4c71-a6ed-c8caa3f930f1,0.0,0.0
bb4034b7-a60a-4a8c-8669-993e92287038,0.0,0.0
bb633264-5105-41be-a488-4a100a99b358,0.0,0.0
bbb0fea1-99c6-4b22-bd91-7ee417698a5d,0.0,0.0
bbb4e8ee-3a32-48bf-a3f1-f9daa53c093b,0.0,0.0
bbcd63b1-70f5-4bec-aae3-322429903a13,0.0,0.0
bbebf2e9-2c12-4c93-b7a5-aeed864f22ae,0.0,0.0
bc31b4c9-14ec-46a8-b184-e77afc61bda9,0.0,0.0
bc665ef3-2e4e-4f16-a604-4dbd0482283b,0.0,0.0
bc6ec871-ccd9-4e89-9c75-d7dbb54a3862,0.0,0.0
bca06a3b-4485-4d77-a358-4122f1fb2362,0.0,0.0
bca9bdb4-3925-4d41-9a0d-a9c05a00a412,0.0,0.0
bccb23cb-3861-490f-847e-07b5764de6a1,0.0,0.0
bce6839c-2f8b-4626-9ea7-544e92476a56,0.0,0.0
bce8a8f1-3df7-467f-ad0a-64a82486a413,0.0,0.0
bcfb22f6-656f-4136-b2c3-3944c2072a78,0.0,0.0
bd066d83-26fd-4f18-8424-9b3779769d24,0.0,0.0
bd0cf363-a641-4897-b670-8f6f87748d18,0.0,0.0
bd1fb737-3242-4222-9afb-ce2513193db2,0.0,0.0
bd30d9d6-0a3b-4180-8517-b0950bc074d0,0.0,0.0
bd37cc3e-39e9-4380-b817-1e1f92002cc9,0.0,0.0
bd4b6af2-5b28-4d5d-9f1d-af6182cd7efe,0.0,0.0
bd57c0a5-7a84-4c02-ac31-48be1f4de410,0.0,0.0
bd8e9979-8b37-4d90-8ed7-e9b655807d7d,0.0,0.0
bd9df86b-7b47-4bec-9d21-4c1ba368f97f,0.0,0.0
bda41509-b09f-44f3-80eb-ddfdff5a8e09,0.0,0.0
bdf012d4-dbd3-42a9-8642-fb51515c5769,0.0,0.0
be017d0c-423d-4361-9d58-a719e6c3d597,0.0,0.0
be229b67-3a9d-4f3e-a5ab-28db27891cf7,0.0,0.0
be279c6d-9fd1-4643-ab3c-ed9830820180,0.0,0.0
be343716-9dfb-44dd-935d-8c35b1d51644,0.0,0.0
be65c5fe-519a-423d-b163-8ee31def9fd5,0.0,0.0
be861e5c-08ae-47f6-aaef-10fbc5c5dae9,0.0,0.0
be9a8260-401d-4cb3-accd-16bcc87270ff,0.0,0.0
be9df8b2-cb2d-4bb5-bba4-1ad7eb574213,0.0,0.0
beb38f4d-5e7b-4e82-9562-3ab125112b3f,0.0,0.0
beed59f9-d6b9-4fb7-8d6d-0d1d4c022de1,0.0,0.0
beefcf49-e3c0-4bd7-8d01-cc4356ee2be6,0.0,0.0
bef688ef-d94e-493f-aeae-b0f691b747be,0.0,0.0
bef6d134-0e97-49dc-95ef-ceef9b469904,0.0,0.0
bf132f95-5fa1-4b0b-ae81-a34472eb5acd,0.0,0.0
bf3e9143-0255-408d-b8ea-7b467c41c85d,0.0,0.0
bf54d89a-3a05-45dc-9107-692d2faee455,0.0,0.0
bf5a38cd-ff97-467a-b20e-10b7af5aee9b,0.0,0.0
bf60a1eb-7d21-4b6c-ab23-d156cd780bec,0.0,0.0
bf6881c7-95d5-4857-b13a-560d24db98b6,0.5074470639228821,0.0
bf7eb84d-ec89-42e2-b58c-d0bab52b15ef,0.0,0.0
bfd12109-bd5f-4420-9ff4-67d0f063f598,0.0,0.0
bfd52161-140b-4b5c-8afd-d7f5d0382fa2,0.0,0.0
bfd87635-3629-43a7-aa8c-a53f1e8eb2d8,0.0,0.0
bfdeffb6-6ee6-49a5-800c-06ebb70029e5,0.0,0.0
bff89ad4-60e5-4230-8b25-93004e54ba7f,0.0,0.0
c03f395e-33ae-4168-a5cf-d82203bd2d15,0.0,0.0
c0732bbd-db54-4d2b-9889-2efa7ab742e1,0.0,0.0
c0b229fb-b3cc-493e-94ce-bf8191aea4dd,0.0,0.0
c0b94cb0-75dc-444a-8b4d-939a958e3314,0.0,0.0
c10ca35c-85d2-4353-93e2-6f18c1e18efb,0.0,0.5126482844352722
c13b4bab-5e19-469a-b439-efdc46cf7845,0.0,0.0
c1591da5-a27f-4549-8da7-6b638b62307a,0.0,0.0
c15a1f3d-70e5-45d4-928b-69639e324335,0.0,0.0
c15e8149-0dce-4c78-869e-c91b7b7fa803,0.0,0.0
c18aba25-86a6-47be-a11f-99454bbd944e,0.0,0.0
c1b844f1-3656-498b-8b50-b0392e660483,0.0,0.0
c1ca61e6-4241-4b37-9d12-d07aeff9e0c5,0.0,0.0
c1f557a1-fc16-468a-b112-4dc53ba635e7,0.0,0.0
c20aeb4a-3e08-4a65-8df6-f3e38dd938a2,0.0,0.0
c2149c39-046f-43d8-8db1-9bc95ee73bda,0.0,0.0
c2251f49-10ac-4f15-a9f3-a6c14caf8a0f,0.0,0.0
c22dc16f-21cd-4938-86c5-a0143eafae3c,0.0,0.0
c2316461-dd19-4687-b643-982544ec972b,0.0,0.0
c23194d8-3346-4f94-a121-c145ede919f7,0.0,0.0
c23878ce-717e-4abb-9e3c-d749bf705c93,0.0,0.0
c2779da0-7ea2-46aa-a22b-f8e66898a0c0,0.0,0.0
c28aa8f5-05fb-445c-9e7a-2b0704083df0,0.0,0.0
c29f49cc-95e9-49ef-90c5-2650dd096343,0.0,0.0
c2a6ec62-7a7e-4fd0-9047-bb10a3f21685,0.0,0.0
c2cf6381-cb6d-4770-a2b8-11ea1bfc33f5,0.0,0.0
c2e8bb97-1e0b-4f53-b5e4-252eea7107c9,0.0,0.0
c2feb650-a574-4ff2-962c-daac6f470ebd,0.0,0.0
c327d686-5321-4337-9a58-c0ca1a887e44,0.0,0.0
c32c970d-51bc-4b55-a0bb-33e4be81c266,0.0,0.0
c32df427-16d4-40b1-8a4e-a8f34c6f43f4,0.0,0.0
c33de3ac-b033-40cf-bc9c-a17815c5e179,0.0,0.0
c36663ef-02c8-406d-89ee-d4828b4e2584,0.0,0.0
c373311c-284c-4163-b8aa-f6bf98ad95d9,0.0,0.0
c37f0959-8b04-4c49-baac-d982ad4f6783,0.0,0.0
c38f3e6d-975b-4762-9b4a-c3be51a38707,0.0,0.0
c3bd2751-ad4c-4c0d-bb38-c2363217166a,0.0,0.0
c3e38020-b60c-4b82-b43a-2b4304786db5,0.0,0.0
c3e9ee35-b7f4-4805-9a9e-8796192bec53,0.0,0.0
c3fac677-dff8-49da-8b97-fc7443093263,0.0,0.0
c402b026-81dc-4b3c-a5ef-12351087529f,0.0,0.0
c40962a9-5545-4fda-b641-de6c7182da43,0.0,0.0
c40edc2c-805b-4e6f-bd97-aa2bab4986c2,0.0,0.0
c43a6825-d60f-4c11-8cfd-acf56b3df8f8,0.0,0.0
c472cf63-4565-4187-8b97-90ad332bb002,0.0,0.0
c47e6c4f-f0c9-4577-96a3-852aef2a85f1,0.0,0.0
c483b235-7a4e-4736-92a0-d4ef7fa54324,0.0,0.0
c49223b3-0bab-4957-b5f5-6a38f5c1188e,0.0,0.0
c4aa3b48-50a1-4f52-84cf-82b1821565d3,0.0,0.0
c4ad48f1-ccb7-4a2b-af09-731fbc0648fe,0.0,0.0
c4b78f38-72da-4949-9fc7-fbef59b9887c,0.0,0.0
c4e32bc7-0228-4460-a6c0-05d1f1c39fc5,0.0,0.0
c4f94f1e-e05c-46f0-aaf2-63bc5f12f6aa,0.0,0.0
c5015fb1-4475-41c0-a615-b37543effa57,0.0,0.0
c511f1ff-a34f-49db-b964-feb130cf908e,0.0,0.0
c52f9cdb-4078-40a1-ab88-8e66a2cb1b9e,0.0,0.0
c5a5c729-4759-4c05-b725-2f528c06328d,0.0,0.0
c5a82752-3e4b-43ec-8011-9111b9bfcb89,0.0,0.0
c5d402ca-ef1c-4be7-b132-7844bcba082c,0.0,0.0
c5d8f7ae-89f2-485b-9eef-1e32b23ab06b,0.0,0.0
c5f3c1ff-7297-414b-90ce-6f4a9e2675b8,0.0,0.0
c611c2b1-654f-4824-bb2e-c450559229bd,0.0,0.0
c623a701-7eed-4fbb-a211-1e2cbc99cdb2,0.0,0.0
c63e7da2-01e4-4226-8c38-5e228b62ddc0,0.0,0.0
c65691b0-6767-4614-ba8d-b6cb6ba7c5b3,0.0,0.0
c671b8a0-2f62-43c0-9500-583d1be8b34d,0.0,0.0
c684a644-7fd4-4993-91a4-14ef8aa02559,0.0,0.0
c6ae4e00-ce61-4d8c-8089-5ceeb4cc2005,0.0,0.0
c6b1067b-813b-43ee-a487-33ba57b47680,0.0,0.0
c6bcb14c-b357-413f-91bf-49fcb6c9d1c5,0.0,0.0
c6e1ccf8-8d69-40b8-905a-957d4fea14be,0.0,0.0
c711e8f9-bbfa-4f67-ae57-baef5058cd6f,0.0,0.0
c7182f9f-c1ec-428f-a2a3-ecc7a159316a,0.0,0.0
c725faa9-4844-4a29-9e9c-b3b89e8d03bf,0.0,0.0
c726a9c5-317e-44e6-a797-c02fb447747d,0.0,0.0
c72c22da-9784-4ac5-963b-f09761c4c55d,0.0,0.0
c72df35c-1529-40a4-a5fa-075e6cd2d5bd,0.0,0.0
c732ce2d-c08c-411f-aa0e-8840965ecdbf,0.0,0.0
c73bc366-23d7-4821-8d93-86c0dd84921b,0.0,0.0
c76f0de8-c279-4526-b188-6b7749b74ba6,0.0,0.0
c77df5fd-69d2-4a5a-a2de-5fe368a59c18,0.0,0.0
c77e9e23-15d9-450b-bd80-35a05cafeadf,0.6177112460136414,0.6027069687843323
c77f2040-a133-4640-810e-846ba5c78abe,0.0,0.0
c7853578-45e2-4304-b58f-bd27ba674995,0.0,0.0
c78cc8ec-1075-4de1-ad15-eb3c3aa286a5,0.0,0.0
c794443f-9263-439c-b199-f1117c84779f,0.0,0.0
c798c74f-65e6-472d-87ba-8ceccb7750ef,0.0,0.0
c7a85e27-0f73-4403-90c7-d0212cfdd760,0.0,0.0
c7abc28e-b705-4752-a56f-adc643480e18,0.0,0.0
c7b8f378-967a-4d01-9a52-e6cd6e472ad0,0.0,0.0
c7c02f84-db11-43f9-b06b-107b4a7faa29,0.0,0.0
c7c9d2d5-9895-4b7e-9dc4-89c2163fcf71,0.0,0.0
c7e0b638-f174-4652-94ec-5727d1bd6348,0.0,0.5127363801002502
c7f34c93-8563-4545-8080-3eb87c61c800,0.0,0.0
c82239de-2cd9-4c8b-b4e4-e523cf9a7098,0.0,0.0
c82538e6-9923-4672-82c0-b737441a13d4,0.0,0.0
c84eaac0-a260-4be3-bdb2-12944812aa78,0.0,0.0
c85844af-8125-422d-85c9-c71e34b175c2,0.0,0.0
c8584cc3-83e4-4fbd-b9d9-f3ca5d5005e4,0.0,0.0
c86764cc-1eea-48bd-b629-e94fe2354108,0.0,0.0
c86cbd2b-ac1d-4e4d-9327-907117f644c9,0.0,0.0
c8843cbf-ad5d-4d2a-ba0b-80279e6f317e,0.0,0.0
c8f76d39-f888-4fc5-b1e0-2e47c9abc1a1,0.0,0.0
c8fd4b8c-9af3-4924-aad7-e9d6a334290f,0.0,0.0
c949a17b-79e9-4806-b41a-38fbf2df72dc,0.0,0.0
c953d1b6-67cb-48ae-b167-f5f1c3093c2e,0.0,0.0
c958f7cf-aefd-40cd-8180-06af94a05671,0.0,0.0
c961d4d7-8ffd-4939-8dff-dd72f9a80511,0.0,0.0
c964776f-c886-46d4-8bd0-2ce1b26148b5,0.0,0.0
c967c54b-afd5-4d6e-b751-38c55306936c,0.0,0.0
c96be817-b13f-4ece-8f3d-15b2a059c613,0.0,0.0
c96e432a-e778-4faf-8a19-ddbb3388b750,0.0,0.0
c97470a0-6ea2-4633-b6f2-83fb14ba2d96,0.0,0.0
c986acd9-102d-49d6-a4cb-f89bb8095524,0.0,0.0
c986c404-c883-473a-95d7-1cace08e7760,0.0,0.0
c98822b5-b6da-478d-b9fe-91498bcab970,0.0,0.0
c9aba218-6bf1-445a-b0c1-3129601f9a81,0.0,0.0
c9ef2efe-3a38-4d6a-838b-29c6fb9e40f5,0.0,0.0
c9f36608-a9d3-438c-a835-8106ac3b7ad9,0.0,0.0
ca09e50f-d8bd-4b02-8561-5d7000a4b6f8,0.0,0.0
ca32ba98-891c-4bf7-8d5b-1be3349b2b50,0.0,0.0
ca3341bd-d94e-4326-9e35-99f5ae96ba0c,0.0,0.0
ca8f9a77-6420-49d9-8955-658ed7c70371,0.0,0.0
ca8fd3f5-f186-4684-ba42-8ea69e030d1f,0.0,0.0
caa480af-fd20-47a1-a923-c489dde47222,0.0,0.0
cab9ede0-1932-43f0-9174-008ac6c977f4,0.0,0.0
caf75cd8-dc4c-4eaf-ac90-fdf30589c699,0.0,0.0
cafc2d08-3751-4819-b81b-06dfc5f18c90,0.0,0.0
cb18c697-af00-4954-899a-a61ca48dc040,0.0,0.0
cb1bc834-13ba-4d6f-8150-86cdd9a9442d,0.0,0.0
cb1dd2d5-930a-4751-81f4-0dda15a713d6,0.0,0.0
cb1e2997-2e33-4fd9-9ed2-d067bfdf48aa,0.0,0.0
cb261cf1-fd2f-48e4-a51b-64adeb230b96,0.0,0.0
cb28fdfa-ed91-43a2-bca6-be4135b89fc8,0.0,0.0
cb2d70ff-b6a4-4c97-8e3b-5ff2cf4d8194,0.0,0.0
cb3e53d8-3f62-483a-a093-b766080fd301,0.0,0.0
cb43bc7b-38b0-469e-bd78-c182f4dec617,0.0,0.0
cb54bd61-bea9-45c7-8c47-1d563a60f395,0.0,0.0
cb6c2485-da44-4b87-abc9-5cda8a6aa6e0,0.0,0.0
cb73c947-85e8-49ee-a1ba-01dffa6cec54,0.0,0.0
cb83e03e-a2b0-48da-bdf0-2542675ff7cc,0.0,0.0
cb929adf-8392-46c4-83dc-ddef9e131f04,0.0,0.0
cba025c3-b560-44ca-852d-d2e0bf4d389c,0.0,0.0
cbbc5acb-9118-4057-a238-b9659494a90e,0.0,0.0
cbd344a7-770e-4b4d-93b9-6d1d07ae202b,0.0,0.0
cbed6c95-badc-4e7e-9460-7e21dab6009c,0.0,0.0
cbfcfa83-b47c-42c1-9d4d-8a4a905f98ee,0.0,0.0
cc0fe213-582f-4fdb-9400-2d8a4e47b5a4,0.0,0.0
cc45d612-d1d9-476e-b18d-4fc8d2477327,0.0,0.0
cc4a7ebe-d6b7-47ae-92fa-4a16f247f32f,0.0,0.0
cc4b85b7-0f02-4099-962a-0938dd2ce984,0.0,0.0
cc631cbb-3fc3-4b34-ab44-429c514e5015,0.0,0.0
cc75e431-331c-4787-b18b-16c7d2586898,0.0,0.0
cc808506-a2fd-429b-ba3c-54de001ddb03,0.0,0.0
cca10656-642a-4303-9ab2-29dd19d9b916,0.0,0.0
cca52bb7-ec5e-446d-b4a5-b7a72b411705,0.0,0.0
ccc34b02-d86b-41d4-84dc-ce5e6d306f8b,0.0,0.0
ccc91eed-0b67-428b-9c30-bfdfa8cb8723,0.0,0.0
ccccd680-b304-4fc6-a366-169fd1f3de07,0.0,0.0
ccdf2ea6-c7f4-4855-a120-879e9fe3dc37,0.0,0.0
ccfe1208-2920-4df4-9a25-e684392a1215,0.0,0.0
cd28b344-39a6-4757-9bc0-c63d816e2f8d,0.0,0.0
cd38ecbd-c610-4748-8d11-2eb99eff8b45,0.0,0.0
cd392721-2bc9-4cb6-825d-66a743614580,0.597910463809967,0.5804960131645203
cd78b2b6-febc-441f-8e85-7c64089ac403,0.0,0.0
cda592a9-5e58-477e-a926-dc16d7774429,0.0,0.0
cdb75a90-ec40-40f7-9827-5fd13e84450e,0.0,0.0
cdb76c85-09cc-41b0-80de-fe44bb03ae25,0.0,0.0
cdc01d62-642c-43eb-8e22-41f210d24fcf,0.0,0.0
cde45cf8-d46c-40d4-95fd-6f5d3edfa72b,0.0,0.0
cdff8ea7-ff31-4952-8561-c4dd186d8376,0.0,0.0
ce43ab21-b49f-46d0-adab-69097bace83c,0.0,0.0
ce688a15-5751-4ead-8d60-221147be1a6b,0.0,0.0
ce7ad255-7bfe-4e3a-a180-228dad7c261e,0.0,0.0
ce858fd8-b66e-4d84-8574-25b93ebf0662,0.0,0.0
cea0ef1d-650f-4a13-bd18-5e168b12ded3,0.0,0.0
cea12e4b-ac08-498f-87b3-fe0f49b91aa3,0.0,0.0
cea3b20a-87d7-4675-adf4-bc2f9a342e76,0.0,0.0
cea4d12d-e4ea-4995-b5d3-91db2c450c74,0.0,0.0
cea5ec72-e7c2-4046-8216-75467f743602,0.0,0.0
cebe0953-4d72-471b-b7ed-7a98140a1ff9,0.0,0.0
cee40182-f347-44f2-8881-18f40d0a42d0,0.0,0.0
cee5db0b-d64b-475e-ace3-6e06ffb55d04,0.0,0.0
ceeb9988-09af-4abc-ac5f-6503bc024284,0.0,0.0
ceed57bd-d159-43fa-bee6-0a538e7071e1,0.0,0.0
cef2607c-b6f5-4975-9e43-e3f77f15a262,0.0,0.0
cf1f644e-68aa-417a-bbd4-99899d82dbca,0.0,0.0
cf25d4b4-68da-433d-bf11-99c02897b568,0.0,0.0
cf3a521e-02ac-49da-99a8-23d6bec381c6,0.0,0.0
cf4b0e94-6ae8-406c-9769-9f85806e7c53,0.0,0.0
cf798818-f05b-469a-9aeb-f7b89a723492,0.0,0.0
cf8c0896-fa5f-43cf-84b1-9674dfc32e19,0.6844302415847778,0.6214638352394104
cfa0b5a7-4e56-4c00-9293-7c00a142989f,0.0,0.0
cfa3504f-b687-452d-8370-bf51ee10001a,0.0,0.0
cfb82f37-d199-4bdd-a833-174f16043b77,0.0,0.0
cfd6b997-3658-485a-8763-c8017dbc73c2,0.0,0.0
cfdf16bb-045e-406e-9a06-4a9dda54a472,0.0,0.0
d03ff016-f229-46ab-9cc7-43699435562a,0.0,0.0
d040a434-b4ea-4f14-be31-7475fb5e68c6,0.0,0.0
d0644650-caf9-47b1-b950-eb2a1120ba0e,0.0,0.0
d0800dfc-cbac-4e19-86b0-4142fb0e7faf,0.0,0.0
d082c4bb-5f4a-4fb0-965d-9da089d7bbdb,0.0,0.0
d0881716-ae3c-4ce7-9eb1-a71e21af73d1,0.0,0.0
d0df6a2c-0066-4aef-8ac1-be2340838356,0.0,0.0
d13090db-648d-449e-8595-b1ba042b20cc,0.0,0.0
d13659ce-ba5c-4158-8f1e-f1d4130275e0,0.0,0.0
d14fd6d4-0efd-4de0-bccb-f64646d0ebdb,0.0,0.0
d152d80e-60c8-49a6-b5aa-3a1c27789252,0.0,0.0
d177226b-4b2a-4a51-bbee-ce77e96be926,0.0,0.0
d17be682-bb37-4df2-9aab-645a85d7af02,0.0,0.0
d19b71e5-c09d-400d-a05e-bcb55b4ab442,0.6530765891075134,0.6326555013656616
d1caa2fc-a282-49cf-a435-718881781915,0.0,0.0
d1cb37a6-96be-4c3f-a4e3-4ce9651e89ba,0.0,0.0
d1d63098-5100-4ca1-8442-c572a8534a88,0.0,0.0
d1f3cc21-6c1f-413e-a88b-a484f82c4687,0.0,0.0
d204fc27-3f67-43e9-9a4f-74c70d167d97,0.0,0.0
d2069b32-9660-4083-b8c8-c6a9e5bf9291,0.0,0.0
d21717a2-80d4-443e-9d25-0ce7710095f7,0.0,0.0
d242276a-35b7-44a7-b6a3-911ac1cb2011,0.0,0.0
d2558a9f-a6f3-4a3f-a069-98ccd50058b8,0.0,0.0
d25f72ad-4b6e-4cf9-af0e-e2297a186805,0.0,0.0
d2710de8-806e-47d1-9a47-c6b6782e0b94,0.0,0.0
d271f0cf-5af8-4c8b-9921-c25a58c541e9,0.0,0.0
d27a6848-18ad-422c-a05e-e7375f599f42,0.0,0.0
d29c0c8a-9df4-4f20-bf6e-c5b2535632d4,0.0,0.0
d2a6032d-3209-47b6-8e9b-fb0817c66145,0.0,0.0
d2c74664-cc12-4030-978d-c1dceb05af9a,0.0,0.0
d2c876a3-ed90-4618-b4f9-c5740558fad3,0.0,0.0
d2d913ae-b99c-4dbc-bef2-17c9bdd0b564,0.0,0.0
d2f352a2-32ea-4924-a433-3a808f00a0d2,0.0,0.0
d3019461-ac4a-4217-b030-cadbc4c88a5b,0.0,0.0
d30f7c2a-7c47-4bcf-a11b-dacdaafb1484,0.0,0.0
d310d87e-b34c-4f79-8ffa-602938d7f03d,0.0,0.0
d31fdd9f-1e4f-4c81-973b-07189b5a0c56,0.0,0.0
d320cced-ade3-41b7-ac89-e7416fd177c0,0.0,0.0
d32c32aa-4a4e-4ce4-8138-a99b75c942bc,0.0,0.0
d3a6e93b-637f-471f-94e9-5f153dd2980b,0.0,0.0
d3a9c8a0-c370-4aa8-b290-f5df57142665,0.0,0.0
d3b87e05-5e96-4e99-a1ce-1886f0ee4ccd,0.0,0.0
d3c3dc2f-ad24-4578-b1f1-275a5a2a817c,0.0,0.0
d3c76653-e097-4633-b6cf-4f41b051d518,0.0,0.0
d3c98fb0-19f1-40cf-b85e-22873cb4e9e4,0.0,0.0
d3cac719-4a66-4bcb-b516-4f233f478c04,0.0,0.0
d3d3dfd0-67a2-4ff0-a4e0-beaeab00b431,0.0,0.0
d3df5533-41a3-46ed-b8c1-171b06c36510,0.0,0.0
d3f23b94-092f-403c-be3e-4750068c0c96,0.0,0.0
d42583ab-1cdd-440a-ac85-e8688e41f305,0.0,0.0
d441fe42-91c4-4a89-89e8-79754fd11cbc,0.0,0.0
d44629b9-ee2f-4ec9-8282-f5d3fff51931,0.0,0.0
d4701838-caf8-411c-ab8d-a0ba48cc49d2,0.0,0.0
d472e130-8e2c-4ea0-bf68-2f032b71b304,0.0,0.0
d481f3e4-f78a-4f66-9dd2-3207deb1fe6b,0.0,0.0
d4ab56b2-94a5-4767-a086-1ef30304879f,0.0,0.0
d4ad23fa-b179-4771-8995-9a5f379c3753,0.0,0.0
d4b4f207-8b57-4f22-8835-4037946e75a3,0.0,0.0
d4dcc807-348d-47a8-9999-9122d080266a,0.0,0.0
d4e149d5-1215-4db4-8263-2843002c85af,0.0,0.0
d4e93d01-3f17-418a-9106-d90ced2ed9bd,0.0,0.0
d4f22528-fa91-439b-b741-2959be67e017,0.0,0.0
d52c6dc2-3f98-411c-9588-8d6e17f48897,0.0,0.0
d531d37b-31d4-49d4-8c60-0db6735320f3,0.0,0.0
d5492870-403a-41a1-9c68-ebbd37db687e,0.0,0.0
d572480a-93bb-468f-bcdb-d6646e265359,0.0,0.0
d59b7a4c-65e5-410b-b093-458fc498ba2a,0.0,0.0
d5c5a98f-5d44-42b0-844f-7fcf0199c164,0.0,0.0
d5cee831-a0dc-40be-be98-d42b7dd7c65b,0.0,0.0
d5d5aeaf-19e5-48b7-93cc-000b2fca920d,0.0,0.0
d5de02fb-3ac3-4896-bfd3-8de0052b506e,0.0,0.0
d5f5f781-46a4-43f0-b55f-51ad54d0f917,0.0,0.0
d61779a1-4f06-4036-a460-548011d918d2,0.0,0.0
d622ff2b-87bc-41ec-bee1-da3cc37751e6,0.0,0.0
d6340d0c-d131-470b-bc69-76f0f25540a2,0.0,0.0
d638fd8a-e247-48bb-8a77-620624133e61,0.0,0.0
d63ce2bf-1fc0-408c-b7a7-bf5e32bb8427,0.0,0.0
d645bd96-a329-4cfe-98df-75fdbe1ecfc0,0.0,0.0
d663682f-548b-487b-aa73-993809a10dfd,0.0,0.0
d667f601-a2b0-4669-8f2e-42455685cb57,0.0,0.0
d680b608-cea4-4e2e-b9e3-5ea2fae66359,0.0,0.0
d6898c9b-3644-451f-a9e9-8068147dd230,0.0,0.0
d691c571-cbf7-44f3-b93c-fff27d6497e7,0.0,0.0
d6afcec6-b022-4431-8948-0ad23bb972b4,0.0,0.0
d6f2a76a-9898-471a-803d-85bfa7de927e,0.0,0.0
d70593e3-5d60-4320-883c-548c2c4941ec,0.0,0.0
d7226f87-d3c3-49e2-9c02-5681c7034825,0.0,0.0
d73ad71c-8bd7-40f0-8d2e-9eb31c7ff10f,0.0,0.0
d7838d96-cf1d-496a-ad18-64e2a28d16e4,0.0,0.0
d785b0db-9d41-40c3-a473-31b498e616ee,0.0,0.0
d79fe7ad-4a24-40f4-a57f-d202c87e6477,0.0,0.0
d7a19ba8-263c-446e-8698-78ea9531e277,0.0,0.0
d7aef043-5351-46d1-90e3-4f7c149f30de,0.0,0.0
d7bac3e4-6e66-4cbb-8441-6ec280c977ab,0.0,0.0
d7e3f7cc-0947-4a4c-a86f-91ffb0dadf8e,0.0,0.0
d7f5fdd8-68ca-4e02-ac81-2ba8fc864625,0.0,0.0
d7f62d2a-3347-40e2-bfe1-576eef7cd8ee,0.0,0.0
d80139f7-0ba3-4d9e-9026-e907ef74684b,0.0,0.0
d80543ba-ec0c-43dd-bcec-ae15a0906700,0.0,0.0
d80e8d2a-9075-4c25-98b8-3cff06425b1e,0.0,0.0
d82318b6-001c-43d2-b2ca-a0d879def5f8,0.0,0.0
d83a3c84-36ba-4c1f-b98f-eef61c95fc1b,0.0,0.0
d89acdc9-d88c-442b-9e43-1b570c375014,0.0,0.0
d8b38bc8-6b6d-42ad-b16c-296eb6fddf7a,0.0,0.0
d8bc0ef5-3dbd-4901-b1aa-155fc61e2fe2,0.0,0.0
d8c65ce1-28ab-4c15-a444-e4514bcaac31,0.0,0.0
d8d2aedc-effb-405f-9b6c-ca13f043f4e4,0.0,0.0
d8dcba59-c0fe-4f5b-ae32-b3592366bb36,0.0,0.0
d8f7800c-6727-4756-8ab7-9a989af444dc,0.0,0.0
d9022910-941a-4a0f-a55f-3d1a445d77ce,0.0,0.0
d917c001-5a35-4f92-b0e5-3646c7967e6b,0.0,0.0
d926e9d9-4178-46b7-8955-fa7f904a12a1,0.0,0.0
d934e2d5-e31a-4606-a3d8-42b9146efe10,0.0,0.0
d93a988b-193f-4e61-a615-9d3617f09147,0.0,0.0
d958c582-ae94-428b-a0dc-25d067b269bd,0.0,0.0
d970dfc8-fa4c-46a7-a124-91a329ff297d,0.0,0.0
d9ad80e6-825a-4fad-820e-d4279a06cc4b,0.0,0.0
d9ae9309-5875-4d24-81b1-1b3f51a0c261,0.0,0.0
d9e54295-f558-49ca-878d-562a9e348c00,0.0,0.0
d9efa880-0376-4244-80ff-57c0c2e933d4,0.0,0.0
da1a2971-9ba0-4a78-8a11-a34e5aa977d9,0.0,0.0
da3293f5-9fe0-4c53-a768-72c118eefbab,0.0,0.0
da856e6c-faf4-4174-a3fc-24e3eafcf2ba,0.0,0.0
da9d2ed9-f87d-4424-8111-b1e399f73a4f,0.0,0.0
dab70d13-7535-4829-bed9-d053b84d285d,0.0,0.0
dafa2ebe-697f-499c-91b5-eac86412a74a,0.0,0.0
db103d5b-8121-4fdc-989b-cad28b4adc43,0.0,0.0
db1f4b3a-529a-46b4-9e76-740d286d360f,0.0,0.0
db53d907-8336-470c-b407-db276c3f7ce2,0.0,0.0
db61e4a1-c8b6-4bec-92b0-ead2547605e4,0.0,0.0
db674612-3c70-4807-a2a2-552224f9b873,0.0,0.0
db77ebe4-07ec-4b3e-87f5-9192d070965d,0.0,0.0
db7b9c8d-b793-4bf3-92c9-d8c77eba40fe,0.0,0.0
db985701-bb8c-457d-9277-cb08712ae4ee,0.0,0.0
dbbe0819-8b0c-4c91-b2b5-9392f60bbde9,0.0,0.0
dbf6e5b7-031c-4bf2-8f93-f252e0c0d178,0.0,0.0
dc0559ff-47bf-4eab-90ea-66552f58bf90,0.0,0.0
dc151b2a-c0f2-40c5-86fb-6ef144c89e46,0.0,0.0
dc1e9930-fbe8-4432-89ce-efe53d8bbf68,0.0,0.0
dc24d65e-4b05-4e6e-a42c-4b916affa433,0.0,0.0
dc39b0b7-6a1c-46f2-b759-246905e04bdb,0.0,0.0
dc54dbd0-4ad6-42a0-867d-2568da48f5c1,0.0,0.0
dc5e737c-4670-47fb-b47f-76dc1aded631,0.0,0.0
dc690932-1c36-4341-99d1-e51b433a4d7a,0.0,0.0
dc71561e-714f-451d-a00c-f0cbb218eb8a,0.0,0.0
dc74d583-971d-4b46-acd0-22d5b19ca68b,0.0,0.0
dc8a2153-94ed-428f-8176-358393862495,0.0,0.0
dc8fd9d8-ece1-4edf-b6b1-9a6231ddf166,0.0,0.0
dc9c7cbf-e033-427c-aa10-a00d306807e8,0.0,0.0
dcb2664b-2c49-4ae1-807a-855ed152f0bf,0.0,0.0
dcc1cd77-8e74-47c4-aa1a-ab6bd31cff0d,0.0,0.0
dcc35345-cebd-4edb-b796-ad839ee9aa4d,0.0,0.0
dcc8cce0-88be-46a3-a18c-6bd3ad4e2b72,0.0,0.0
dcd977bd-24b8-4e10-8a6e-0cb7c314e6e5,0.0,0.0
dcfe68ed-70b3-40dc-be58-81d8501b88cc,0.0,0.0
dd0aef77-308d-4eea-b1df-fec381bef207,0.0,0.0
dd34da96-cca3-46c2-bf43-34652c420cfd,0.0,0.0
dd454cec-69cf-44b2-a76b-c293300d0e51,0.0,0.0
dd4d4bfe-9666-4c61-8351-94681991df57,0.0,0.0
dd5554f2-ae8a-476f-9968-a4dfd7414375,0.0,0.0
dd5f04b1-edbb-407f-855d-7a4a67bd37a2,0.0,0.0
dd6b85fe-73dc-4c67-81b5-fa9cde64c4bb,0.0,0.0
dd79d9ed-656c-4ea3-ab60-f124e627e3ad,0.0,0.0
dd8ea5a8-d4e5-4d18-bc61-6e881daa751f,0.5341071486473083,0.0
dd92cb1f-c729-44dc-bc7e-a574ea9f8e75,0.0,0.0
dd9d28ca-fa3b-4cfc-a30b-14835fb842ad,0.0,0.0
ddc72dfe-1946-4c2d-983a-fa055e065e83,0.0,0.0
ddd50794-4b40-4437-9843-6abe42319344,0.0,0.0
dde8c709-d6cc-4c70-9ed8-2c38afd5c22a,0.0,0.0
dde8d5c6-90fe-4c9c-883b-04d8ab7cf427,0.0,0.0
de01ee38-f2c3-48d1-94a6-452fe88bb60a,0.0,0.0
de6fff13-f466-47ca-a558-fb6e3b395473,0.0,0.0
de77909e-e0c2-498c-aff3-59510e4976e1,0.0,0.0
de7cdb95-f790-495f-948d-501dc481a4c6,0.0,0.0
de805648-5530-4e05-a58c-115eebb3689c,0.0,0.0
de888ef6-29fc-4645-9c5d-812b0307a234,0.0,0.0
de8cc4e2-f11e-48c8-ab96-ef5f981720d0,0.0,0.0
de982283-ca2d-4b39-aad9-e7572e854ebf,0.0,0.0
de9c541b-ce5e-4cc6-9ddd-03f85dc5b3d5,0.0,0.0
dea13891-8bfa-428b-975d-75817f6f50ed,0.0,0.0
dea82fd5-6573-40f9-8b6e-f3fea22af9ac,0.0,0.0
deb7db07-071e-43bb-99f2-3648c5f1f6df,0.0,0.0
debd05cf-3856-460c-890f-26b143d19edd,0.0,0.0
dec229c6-7757-4b7b-a8c3-7798114aa8a8,0.0,0.0
dece65ac-fc4d-4fc6-af98-7fb3b773c76e,0.0,0.0
dee7c2f2-8d0f-4429-8e07-d7e333bb0993,0.0,0.0
df02b54a-cb5d-44cd-a723-86d3b6bb7919,0.0,0.0
df03257b-9242-40db-b1b6-dd44ab7ce25c,0.0,0.0
df1ae7d5-1141-48a3-b3e6-e84bee72e3da,0.0,0.0
df2d6152-264f-4b5c-8cb8-fa14405ae4c9,0.0,0.0
df311e6c-3f60-40d6-a66c-5cddeedbe7b0,0.0,0.0
df65d528-f7b6-4142-8ec9-9c6e0ec56c1a,0.0,0.0
df67f353-b3da-491c-bdc4-b4e4d6470ac1,0.0,0.0
df806de5-3835-403b-848b-83346cacc915,0.0,0.0
df9c4be8-a277-4420-a4a6-1334e10e4d10,0.0,0.0
dfb18488-fa5c-4e94-833e-228789ba1222,0.0,0.0
dfb73733-7d1c-4450-89d9-34763d13c38b,0.0,0.0
dfc5a31b-97b4-4290-8a73-be8e7abc2419,0.0,0.0
dfcb7fc8-9a5d-439b-854c-21e804183dad,0.0,0.0
e000ab1d-2338-4bbf-96c4-1343fe1a62d1,0.0,0.0
e002c9ff-072b-4974-ae18-fffa053527ee,0.0,0.0
e008d6fe-c705-4e03-b65c-dd8e71744115,0.0,0.0
e013abd6-3c95-404f-8b54-09f39367b07e,0.0,0.0
e016c463-ecbf-438f-8b9f-336db9c1d574,0.0,0.0
e023043d-5ed7-4807-bc0f-63d53ac736f1,0.0,0.0
e0413f89-4b54-4375-98cf-49cc79b16eea,0.0,0.0
e0574efe-28ee-4629-8cdd-7d07f9ef8a1d,0.0,0.0
e05b8bcc-1367-4f33-95cb-548bd985716e,0.0,0.0
e06e9562-c68f-4156-9caa-bb0544a1868c,0.0,0.0
e0986ad3-ca52-46ce-bdf0-8f2282ebc5a2,0.0,0.0
e09ee11d-622c-46a0-9574-21e5aec3fd2c,0.0,0.0
e0bd9b57-a506-4a7f-be67-32e546bff5de,0.0,0.0
e0d77c3f-2c6b-4428-b5aa-3fe6a37a0e21,0.0,0.0
e0e1078c-cc32-4e3a-b6fc-4a343ca6488f,0.0,0.0
e0e204a0-9bcc-4bf8-adb4-c68b4eb32c5e,0.0,0.0
e0e7a651-1ccf-476b-a3c5-c2af64669647,0.0,0.0
e0f540e1-acb0-41e7-85b9-e09a85ed8ce9,0.0,0.0
e0f6da99-2dfa-4f87-8814-0d500f349cc7,0.0,0.0
e1160c4b-58ae-4aeb-9f5f-44e4654648c2,0.0,0.0
e12128a2-bcce-442c-a48c-95e28b041f22,0.0,0.0
e1232ed2-4d67-4a93-a9db-fe3ae9421cda,0.0,0.0
e12424d9-312b-4aca-b54e-6c628ab950cf,0.0,0.0
e137920b-5ed2-416f-9696-d33902b212c9,0.0,0.0
e14b3d50-bb73-4589-b0f6-b6a22f9d6fd0,0.0,0.0
e156e4e3-d470-4f9d-a9a4-43a30c9d461f,0.0,0.0
e1619aa6-4bc8-4baf-a240-4d93dd96a30f,0.0,0.0
e17ecbd0-c794-413c-8c85-1e585ab3b12d,0.0,0.0
e1872286-6d96-4c03-a77b-148a68c75f04,0.0,0.0
e1b94859-fd2b-4960-b9f5-4c7d54b6e8b8,0.0,0.0
e1d5a99e-d218-4443-af0f-d329e0830579,0.0,0.0
e1ef0637-4d90-427a-8c4c-482a2e7354b3,0.0,0.0
e1fa7c84-a28d-4b82-a15e-de9bd2e11bfe,0.0,0.0
e2210c09-49ba-478c-8732-737c75e2629f,0.0,0.0
e24627ba-5115-4796-8b6c-4c92d226175b,0.0,0.0
e24e043f-0291-420b-926b-0b60f95b7669,0.0,0.0
e26471db-e93b-4dd2-a3e8-be0bcb6edd98,0.0,0.0
e2777a7b-d8da-4a8a-961b-57c5b3fc9eb0,0.0,0.0
e278696f-736e-4721-8ca4-2c25986f55c5,0.0,0.0
e2789ca6-1937-44f3-93de-e5f5747f1a06,0.0,0.0
e288a668-e406-4578-8064-b9a55db54a5e,0.0,0.0
e28e0c08-ead4-4300-b7cc-513e47de860f,0.0,0.0
e2af93b1-d257-4cdd-94b6-c2d021df8272,0.0,0.0
e2c0d574-6a22-483f-85d0-4d6945f47207,0.0,0.0
e2c1dc5c-256d-4648-89b4-bf26ec6c9169,0.0,0.0
e2c26d93-3d35-4693-82ac-dd1e59d01c0b,0.0,0.0
e2c4839c-8707-4c56-bc9d-3dd5acf02090,0.0,0.0
e2da2ddf-6343-477d-9f28-e9018f71367a,0.0,0.0
e2de29b5-006d-4732-80b9-4afe6897035d,0.0,0.0
e2dee1b6-5a55-47c9-9268-88fc8418e741,0.0,0.0
e2ef5a59-0ab0-4f66-80f0-6fa8b727daad,0.0,0.0
e3040b51-a3f5-4f0b-95a5-54e2c53487a1,0.0,0.0
e3261eed-8199-4a54-8cd7-63ac350bc152,0.0,0.0
e326931e-14bd-4a8e-ba28-7b67fd0d5142,0.0,0.0
e3658eb3-062a-4b01-8145-cea3b56a16e1,0.0,0.0
e3672b83-721e-4848-bcef-b6f9ed7aa470,0.0,0.0
e37ce606-432c-4e97-9057-18ffbadf13ad,0.0,0.0
e385d42c-88d4-4176-ae14-60b5fffe3fe3,0.0,0.0
e394df0f-a533-4ce7-85a5-260a49554ef2,0.0,0.0
e3b3a9cf-0c95-491d-9c4c-b108eeb1ab6b,0.0,0.0
e3ba2b4e-771e-43e3-b478-0104596e76dc,0.0,0.0
e3e4ba54-44bc-42f1-be5f-f8b2a6b8b409,0.0,0.0
e3e94f2f-4576-4067-966e-b23167f3634a,0.0,0.0
e415afaf-81ee-4140-a2f0-4b2a68726914,0.0,0.0
e41ebcc9-5172-4e02-9ee6-351c930ef7b2,0.6314064860343933,0.5868409276008606
e43a665f-6be7-491f-bb31-5d291141e5df,0.5406728386878967,0.530444860458374
e467a17f-a729-4938-87a1-ac25157eed63,0.0,0.0
e495498a-5ad9-4afa-b3ee-7d654863e226,0.0,0.0
e4a413c6-a17a-45d5-a7b9-b3bcce6e940c,0.0,0.0
e5315bdf-3db8-43e2-ac57-e23dd5f796f7,0.0,0.0
e532145e-da4a-4010-9c1b-df76cbd53f40,0.0,0.0
e5384aff-cf98-4aef-85c9-993e35dd87fa,0.0,0.0
e5435e23-41f1-4822-8eb0-726edcaae59f,0.0,0.0
e54e86fc-f5c6-4e52-8dfd-b29eac7398fa,0.0,0.0
e5631ffa-7ad6-4691-b1a3-856668102299,0.0,0.0
e56d01cf-be52-48fc-a530-fe106525365b,0.0,0.0
e57dac7d-893b-4a5e-92eb-b589154b87e1,0.0,0.0
e58c5e85-c1cc-43a5-9bc6-aa46a6b2385a,0.0,0.0
e58d5d4b-bb25-4bac-af8d-78b7f6436010,0.0,0.0
e597f035-ef8b-4aee-a1ba-a5e668832f1b,0.0,0.0
e59a67ee-d9c6-4e41-a180-ff39e3e3bca0,0.0,0.0
e5b61b4b-ea34-4290-962d-8c67e1225160,0.0,0.0
e5b979cb-69a2-4d9b-a839-591faa0290b7,0.7704674601554871,0.7105836868286133
e5d0582d-cfb7-4512-b62b-22baffeb703b,0.0,0.0
e6074cb8-7633-4a39-9dd6-e069da9bdab5,0.0,0.0
e61b641a-6116-47d4-8cda-39c958cbb363,0.0,0.0
e630af5c-ee7b-4778-bbd1-613182af5726,0.0,0.0
e6616922-fcc7-45de-bda5-c1962fec3ac2,0.0,0.0
e66b8ab2-42a7-45ce-a06a-9fb460f9ea9d,0.0,0.0
e67533d9-4894-4308-8a31-75c42610a395,0.0,0.0
e69644a1-d3b4-4bcf-b6f5-a0233845f90a,0.0,0.0
e6998225-8dcf-4700-b862-9a9e518df961,0.7294039726257324,0.7082544565200806
e6b6cdd2-93da-4209-aaf8-d79085135c25,0.0,0.0
e6d7adae-cd04-419a-8f4e-660765fa4812,0.0,0.0
e6e2e5e2-de0d-4cbc-90ca-d76f90d91619,0.0,0.0
e6e88cea-8f5a-46e9-b45a-04cf39b47fe8,0.0,0.0
e73be16a-d379-4cfa-a31b-9284113a14d1,0.0,0.0
e750eb72-559b-41b5-a1c3-865fed777d89,0.0,0.0
e75eff9f-1b9d-4b86-9197-442b908a7e8b,0.0,0.0
e7691790-cda9-4319-bc4b-9180d583e0d4,0.0,0.0
e774aec2-e7b4-4f28-91ff-ddd429641aca,0.0,0.0
e776d9b6-2180-4f50-90bf-77f7b920fc3b,0.0,0.0
e77b6e22-58d7-47f7-b59c-011364b0b61c,0.0,0.0
e7876b26-258a-4f5e-9e0a-66656ca7e40e,0.0,0.0
e78bcada-0a22-4b7a-84e7-a1f3249a0f45,0.0,0.0
e7ac7911-a024-4871-8c36-bc32db4d94d9,0.0,0.0
e7d7f180-ada6-47ce-a883-eb6f3cbf78e5,0.0,0.0
e8089603-9810-4237-8c6b-01d9329e1cd3,0.0,0.0
e809ab26-4998-4fca-940f-6b3597e55ec1,0.0,0.0
e839e309-cf8d-471c-b1d4-7e8ae5d1fde3,0.0,0.0
e8515b97-af72-43fb-9435-ebb35545518c,0.0,0.0
e8521964-3cbb-4d6c-adf9-bd1834a43f2d,0.0,0.0
e8730b43-5af4-4285-96f8-60732819745d,0.0,0.0
e875c2f8-8491-4777-b004-d986047ac1d7,0.0,0.0
e877c899-ac38-47a8-a1de-0880dae264d3,0.0,0.0
e8895c2b-ee7e-4a65-ac9d-437f46b6511d,0.0,0.0
e88fe96d-6d08-4cea-bad5-7730b7eda991,0.0,0.0
e8cb4561-141a-4ab6-b748-7d9c642934d5,0.0,0.0
e8d63e8b-bae7-4157-b1f9-98addfb563db,0.0,0.0
e8dbbb87-9849-44a9-b193-4e6fdcaca385,0.0,0.0
e8ed15b5-a094-4844-8a09-21db8947ebb5,0.0,0.0
e9188fd4-e171-4e71-8d3b-391c0abdb477,0.0,0.0
e91aac7e-73fc-45a7-be5a-307d7551d157,0.0,0.0
e9253834-a9db-4883-9517-1ea1abd0181c,0.0,0.0
e94c0ec4-1e57-4bec-9db1-4367e731bd6b,0.0,0.0
e986bbf3-4d5b-4926-a648-3e3f9f048e14,0.0,0.0
e988cb5f-c890-4449-82b7-7aad01a36ee0,0.0,0.0
e9ca3325-83b5-4d53-98c6-61adebb82195,0.0,0.0
e9d560ee-6858-4abe-b6ee-268e94527ebb,0.0,0.0
e9fa096b-3dbb-4553-86bb-2ffabccf883c,0.0,0.0
e9fb989a-6dbc-462b-96b3-74f01ff19f10,0.0,0.0
ea18c395-3690-46d1-87ff-b41f63c7e7f9,0.0,0.0
ea35ae81-40d8-4f30-b439-20737c02af97,0.0,0.0
ea5c12f6-2914-4442-89fa-fea03581418b,0.0,0.0
ea7713e8-0dd8-41fa-8260-b180c2246ea9,0.0,0.0
eab6708a-2342-4616-b6bf-aa228b62c060,0.0,0.0
eac667cf-8542-4c4e-9dcd-0e8ac5f3d161,0.0,0.0
ead81900-d6fd-4697-b3c4-22f4cfac4abf,0.0,0.0
eaf23778-93a0-48df-9bc0-be4196cb2ad9,0.0,0.0
eafdf03f-3b01-4d7f-969b-ba029fc6b98e,0.0,0.0
eb03b2ae-1bdd-4fa0-b923-630d2774b6fd,0.0,0.0
eb08510d-0f65-4578-853f-9354be6d7a54,0.0,0.0
eb236de7-b7d6-4450-807a-a4676ff4af83,0.0,0.0
eb338d4a-1c59-4f9d-ba96-a51762a0f1c5,0.0,0.0
eb4ccdb7-cb73-426c-b9c0-dfa13129b8a9,0.0,0.0
eb559ebf-03a9-48bd-bda1-bede27ccd65b,0.0,0.0
ebad9971-6887-47ff-a8a5-708d6b55d6c9,0.0,0.0
ebb21c29-db0c-47b3-8df3-ca6d9cf0be11,0.0,0.0
ebc6d4bf-e2e4-4ca8-a800-44097573c3a4,0.0,0.0
ebe745eb-57d5-4fd7-b62c-5b0636e8c423,0.0,0.0
ec05bcaf-b995-4a5c-bf0a-333f3ef3f929,0.0,0.0
ec0e1694-3cd5-4e0c-bfdf-a63c0348ddf0,0.0,0.0
ec15a352-b7eb-491f-b937-427c7d8df0a8,0.0,0.0
ec255922-42d7-4656-aaea-4fcfaae37fb1,0.0,0.0
ec35306d-7c35-46bf-b254-61d4abf78250,0.0,0.0
ec41433a-3d9b-4d7e-b513-d1f28955c6cc,0.0,0.0
ec47b583-99e6-4a3a-9f22-1fa930af02be,0.0,0.0
ec698d8a-70df-48f5-9e55-4ed250ad1ca4,0.0,0.0
ec6efe59-edfb-417f-97d3-bc7678568f97,0.0,0.0
ec7dca12-89fe-42ca-a13f-6fc9f610c18c,0.0,0.0
ec81e3e3-f25d-4ecc-af36-e15d50bfaa1c,0.0,0.0
ec8cace9-2429-4e9d-9a4b-57eaa0b7baf1,0.0,0.0
ec975aac-677a-4de9-8b7a-edf1c59bf6e4,0.0,0.0
ec9c6a88-e248-49d0-82bb-18082bd2a654,0.0,0.0
ec9f3d00-6011-4e82-9a31-fc8185afc808,0.0,0.0
ecae26ef-4709-4e52-be97-5d7af6bb6e6d,0.0,0.0
ecc97b27-9428-4e55-8acc-e60741e29ae3,0.0,0.0
ece1ddad-66d1-4ee7-92f4-ccf265736652,0.0,0.0
ece9ba47-e7c8-42a0-be24-571adc336e2d,0.0,0.0
ecec7d1b-ddc3-42d3-bd9a-6fbaac35ef26,0.0,0.0
ecf556b7-6099-44d3-82b9-da4c579660c3,0.0,0.0
ecf84521-5003-45b9-948f-7af2b70e05dc,0.0,0.0
ed02f9f5-bc55-4d6f-bd1d-f70c4c58a0bc,0.0,0.0
ed08d152-d6e8-4793-8d9c-c24a45be8536,0.0,0.0
ed252823-829e-41d0-a707-07123fe5be00,0.0,0.0
ed602ccb-5e8f-42ba-907c-d9aadc39da16,0.0,0.0
ed746cee-42a3-4869-a3c6-aca4374b5d8a,0.0,0.0
ed8177f4-a83a-4966-9f43-ffc7f07d36f9,0.0,0.0
ed8268b7-3f47-4892-b6d6-a82198b6b2ac,0.0,0.0
ed898080-7d40-44c9-a729-03edd0f20779,0.0,0.0
ed8e18d8-f8cc-4161-bf58-3fa0f126d36c,0.0,0.0
ed905d8a-137e-40cb-ada2-f3a2a32bb9e7,0.0,0.0
ed9d0cd8-7da2-42e6-96dd-c30e09fd8ff3,0.0,0.0
edbdc1b7-76b7-4456-bcf8-b1e3f90fc0de,0.7319820523262024,0.7128674983978271
edc3381c-cf8f-4747-ad40-1d9fdc071125,0.0,0.0
edeb371a-d2ff-4f29-9b64-a5e51a1c6064,0.0,0.0
ee023af6-b074-4aeb-ad9d-27f869108a61,0.0,0.0
ee294e08-f11b-42f8-aaef-42be9db6b50c,0.0,0.0
ee2e0533-a9dd-44ac-9263-df1be35d644c,0.0,0.0
ee35d37d-4ba6-4655-a0bc-df133cf88c0a,0.0,0.0
ee3b16d9-7131-4d0e-b02c-7ce432858282,0.0,0.0
ee4de7d8-cd5e-499e-94cc-93e9a43f3920,0.0,0.0
ee50158d-4a11-4e8b-ace9-7d370bd19385,0.0,0.0
ee6f34ce-b8eb-4659-84a9-e3b67f294060,0.0,0.0
ee78ac02-4189-4f3a-9305-95c067e5b241,0.0,0.0
ee9022ac-877f-49fa-bba3-549ea637eda1,0.0,0.0
ee968a09-9daa-4c82-acb4-9ad1408a3100,0.0,0.0
eea87fd7-37fa-4488-8e3f-696fa175ee78,0.0,0.0
eeba9481-071a-47e6-be98-0cc2811c1ec1,0.0,0.0
eec102d7-8267-497a-ae1b-85febfa60eef,0.0,0.0
eecac9b0-8d03-45f4-b866-8e8654339869,0.0,0.0
eed03d4c-6e62-4959-85e2-1bdce0a5f809,0.0,0.0
eed9d6d2-7391-4c5a-8aee-84b0117a3f35,0.0,0.0
eeef3099-f825-4a55-800c-bf17f7d2afe2,0.0,0.0
eef041ab-9e10-40db-ae4a-a410c1afd741,0.0,0.0
eefc47b0-51ae-4ec1-b8af-18df8d988372,0.0,0.0
ef163bab-b1b3-4e14-94f4-1a9dad09a956,0.0,0.0
ef584bc0-7382-4444-9759-6a40edd6b2e3,0.0,0.0
ef6b4fd4-e8da-4198-9571-d62c0b4fe45e,0.0,0.0
ef7cc4e4-6dad-42bb-9fcd-c968e4fef120,0.0,0.0
ef9d6566-29dd-4764-b22f-b5ec4d631ce8,0.0,0.0
efa2fe97-8d64-45fc-b39e-4ae281f48edb,0.0,0.0
efab4c5a-4d7a-4bf5-8abf-3794193ca30c,0.0,0.0
efb9d500-430b-469e-a361-4daeb17e64f5,0.0,0.0
efd31e74-f94d-41a5-98de-253b6f8f8188,0.0,0.0
f02d88b9-4973-4e44-9559-bf7c0b39b8bd,0.0,0.0
f04d018d-5025-4904-b4c5-be50a72761a6,0.0,0.0
f0738330-14c0-4301-b9c8-13680d0cd343,0.0,0.0
f07cbccd-9a07-489b-aa30-01753f143027,0.0,0.0
f0819ee2-d9b4-4604-b172-1752a5ffd09f,0.0,0.0
f0827cef-4236-419a-9944-f6d76eee669b,0.0,0.0
f083a2be-22a7-483a-8828-accb2a4e99d0,0.0,0.0
f08d3100-610d-4f47-82cb-1d6ca748a6f1,0.0,0.0
f0a03bb7-1a69-4c11-9935-5ccbf1b19772,0.0,0.0
f0b19d3a-e682-4cdd-8fde-30bd3ba54229,0.0,0.0
f0c41bfb-3d50-465a-8865-c00b84a362b1,0.0,0.0
f0c57a30-0223-493a-a4f4-9c390e712b5f,0.0,0.0
f0d15eb0-b102-4ba3-93d9-fba7e8bbba3d,0.0,0.0
f0e362be-cf41-4c9f-91ca-3f1db6ad6ca0,0.0,0.0
f0eed77c-2e2f-4a60-8bd8-22798e440127,0.0,0.0
f0fe8d20-f83a-4519-af99-03963bc741b2,0.0,0.0
f110f637-8834-446f-9e76-87e52910df05,0.0,0.0
f11d6930-bb68-4bea-81d8-eaff4401cb3f,0.0,0.0
f13e10ac-50a1-4871-b65a-db1a93a4942d,0.0,0.0
f14ea4bc-80d1-4e61-888d-ae3e5baf7e0b,0.0,0.0
f19fd94d-d2e5-4be9-8959-88d3e53b3754,0.0,0.0
f1b1d054-e6d1-4001-a13b-7474d47f2d38,0.0,0.0
f1b5a56f-72be-4ae0-aeef-3d3d205d7b0c,0.0,0.0
f1b8ea5e-f54f-414a-b6ff-b3fe4c8706ad,0.0,0.0
f1bd5406-67e8-43cc-a0e3-e9111edcb1e6,0.0,0.0
f1c81c4e-b529-440a-b785-77b600bb0b37,0.0,0.0
f1ddbcea-fdfc-4a58-b3e5-503cd426c40b,0.0,0.0
f1e37e86-8811-4041-85db-8827d1f077bd,0.0,0.0
f1f44cf0-3813-4908-af4a-826e350834e4,0.0,0.0
f1ff1be6-4d6d-4ec8-a6fd-e75de30afd64,0.0,0.0
f21a8b74-da60-4415-b284-438ef94a7d94,0.5823202133178711,0.5079646110534668
f23a7c6d-72c4-42ad-8434-13d67fa0c928,0.0,0.0
f23f9c7c-7972-461b-963c-b6952c692da7,0.0,0.0
f25769a8-b555-47bc-8a14-271caac2198c,0.0,0.0
f266a979-1e70-4c3b-872f-6cc064e39ceb,0.0,0.0
f26e1617-94e5-4eff-ac41-c90d59ec9755,0.0,0.0
f29df2b8-fdc4-4426-bd6b-4359f6d496f5,0.0,0.0
f29df8fa-9869-40a5-a39a-387a6d05095f,0.0,0.0
f2bb0372-d9e9-4fc9-bd2c-84b2f21490d5,0.0,0.0
f2e169cc-5d3b-4701-a300-7deb1d1d4a44,0.0,0.0
f2eac369-c434-4b57-9790-81002c73a123,0.0,0.0
f3041670-80f4-46b8-ba57-24a3580ad1f3,0.0,0.0
f337c344-8ae0-4306-95cc-537247cdc465,0.0,0.0
f33ee98d-dd1e-4d63-98ad-4d2c7dd61fa1,0.0,0.0
f33f3033-477f-47bd-8bda-1ae09dc125d2,0.0,0.0
f33f8dbb-2813-45a0-a31c-9a767be18e4f,0.0,0.0
f3825242-477b-4844-9945-d5f1a68aa52b,0.0,0.0
f3aa124e-70ea-4489-ad62-d933a0d100a7,0.0,0.0
f3b14211-0e92-4e32-aba7-f2942374f708,0.0,0.0
f3d9ae78-e4f8-46d1-a303-e2dcf6385c79,0.0,0.0
f3ece06b-144e-4ec7-8fcb-fbb6331d3c14,0.0,0.0
f3f1e230-eb24-43ea-b1cd-cf8f077bb878,0.0,0.0
f407ee61-48de-4e0b-9278-b4d9f1bf97d6,0.0,0.0
f41a3ccc-50ea-4e7b-99bf-8f7b3c523c07,0.0,0.0
f44f2faa-fd0e-4776-ab5e-450c7cc5cd44,0.0,0.0
f4694aa9-6531-4f14-bc6f-5bdcbf71f4d5,0.0,0.0
f46e7d90-a754-44a8-b262-63f5c401a0ab,0.0,0.0
f476a34f-1dbe-4c6d-a827-5d7e18e97123,0.0,0.0
f493e047-1938-4a03-bff3-712884f2fe13,0.0,0.0
f4a2ef4d-0571-4dca-b955-0f97f55aa2e9,0.0,0.0
f4acf133-f7f5-4b94-8cb8-bcf56fc8f64c,0.0,0.0
f4d0fe0e-ca1c-4aea-827d-6272a493d77b,0.0,0.0
f4fbfa07-bd9f-49c5-90b7-dc83c3fc973b,0.0,0.0
f5056e70-7a9b-4fbd-a796-9ddcf95d3fff,0.0,0.0
f51208f7-d711-4060-a48a-e801c8e3b793,0.0,0.0
f52ded70-fc2a-4db9-b30f-6c27d38bd84c,0.0,0.0
f52ec128-4dfd-414c-88ab-3a84445a4b53,0.0,0.0
f54e88ca-7321-4412-9b47-28bf495ec66c,0.0,0.0
f558c0b8-62df-4d96-ba9a-92ea9c706af3,0.0,0.0
f55b7eb4-f103-403f-9002-dc87fce5fe94,0.0,0.0
f570cbdb-5972-4592-bc99-04a8c86a45ef,0.0,0.0
f5807319-b883-4f0f-b49c-71b3915dc593,0.0,0.0
f5859574-bb61-4004-b92f-b4478bd62f1a,0.0,0.0
f5a1e3dd-2ddc-4028-9eda-265a41da2270,0.0,0.0
f5b6de04-c96f-477f-8538-d3eab7c7d882,0.0,0.0
f5e457b4-ede8-4fc9-b5ac-6eaf20e24c62,0.0,0.0
f5e68a75-1e28-448b-8c42-e8bb505fd66d,0.0,0.0
f5f642bb-3be6-417e-860d-6cc56972520d,0.0,0.0
f618511d-e7b8-4d43-abbb-beba33fb512f,0.0,0.0
f618faf1-7f0e-4f18-a618-71c6cd1eff3b,0.0,0.0
f6454a7c-78e8-4169-964e-c32351daf3bc,0.0,0.0
f65d77a7-e556-435c-8870-80f3a0d39a0c,0.0,0.0
f66cb2e5-e967-4123-9c4e-afddc01bda6f,0.0,0.0
f6784769-a15c-4d4f-9aa4-35a7a181c883,0.0,0.0
f68b8b71-8a32-4f3b-9d8d-2d6617af5fb5,0.0,0.0
f6a6060a-21ea-4bee-b70e-28c04ebe1965,0.0,0.0
f6a61bc8-ded9-486e-84e8-c4a77d8ffec8,0.0,0.0
f6d4b4a8-50ff-4855-a249-04f8c40a0e5e,0.0,0.0
f6ebbe5c-e836-466c-b4d1-7a7b49f26ec5,0.0,0.0
f70fc121-ac10-408d-910a-e7475f0836ff,0.0,0.0
f71f6051-9cd6-43bd-9393-9c0c9a05be25,0.0,0.0
f72b7cad-6e28-43f5-999e-7a1c0fc2174a,0.0,0.0
f737a149-7f01-499c-89f0-225f2a736cef,0.0,0.0
f7596f7e-c6eb-4242-8385-c334b9606feb,0.0,0.0
f77e69b6-fc31-4aa2-a23a-d3d632a37f5b,0.0,0.0
f7883ede-dc1a-43b0-8927-ea4b1e1f090b,0.0,0.0
f7a65897-1bdd-40c3-853e-370d73c65bed,0.0,0.0
f7ae9779-ebef-44b6-9cf6-764bd7765584,0.0,0.0
f833c8b4-efed-45b1-b542-a745c88a0b88,0.0,0.0
f855985b-dc4a-47e4-8dca-0a380f47b831,0.0,0.0
f86a633f-31de-4359-ab16-bf310cc75c8a,0.0,0.0
f86d0f7e-17ce-485f-bde9-75b489cdb805,0.0,0.0
f86f2282-d7b4-4005-a6ea-2b9ce179b5ea,0.0,0.0
f89006ba-311c-406d-9a6b-7e0ba339cf23,0.0,0.0
f8c280b0-d919-46fa-82dd-8a12e9c3e7a7,0.0,0.0
f8c5e68a-df8a-481d-9519-0ea31e5910b8,0.0,0.0
f8cc00dc-bb92-41fc-b770-a01365bb4872,0.0,0.0
f90c85ef-89cd-438a-8952-6c3723ad3a11,0.0,0.0
f91de7d2-f254-41d2-8fe9-3786f2003927,0.0,0.0
f93480bb-57f0-42f4-8d49-68f74ddae3a6,0.0,0.0
f9697851-d99e-4ebc-9cc9-5383ec595407,0.0,0.0
f97ca256-4bff-4b8f-b7d9-e030445506a6,0.0,0.0
f98c65bc-45ab-41c6-ac57-3f6fb8c188af,0.0,0.0
f9d85588-2c24-48d9-a344-4ee3ac65a98a,0.0,0.0
f9f91a0b-9c9d-441b-bc0b-2ff56c513aa0,0.0,0.0
fa01309a-004a-4f2c-9a0b-ed907674fd64,0.0,0.0
fa232488-bf5d-40e4-a247-aaf5092fe2de,0.0,0.0
fa3e3455-db5b-4d61-a182-ca366259edf0,0.0,0.0
fa3e990c-19e0-47a3-b994-7fa4d339c75d,0.0,0.0
fa5a8f6b-6210-42e4-b5aa-00e97f9622c6,0.0,0.0
fa7212eb-5d13-4203-ae2a-4a847d03413a,0.0,0.0
fa97bb5f-9127-4797-9b5e-67342b7a4f4f,0.0,0.0
fab86850-3497-41a1-a109-21fc0ee1e220,0.0,0.0
fad1b215-1d98-416f-9a55-c1886f8ad831,0.0,0.0
fae650b1-2892-426c-969e-ed29094dfb31,0.0,0.0
fb0c0253-ec81-4e9b-bf9e-55060131eb2c,0.0,0.0
fb0e16e7-a1cd-445c-b0c8-6c456919e78e,0.0,0.0
fb1914bf-6bba-4e2a-9251-f584eeab03ad,0.0,0.0
fb1ec752-970c-4acf-8d28-38dcb1159178,0.0,0.0
fb21943d-71c2-4d77-9f9d-d84cb74cf805,0.0,0.0
fb2d306a-8031-4291-b296-7f31a315e4fd,0.0,0.0
fb52c783-ad56-41e5-8167-1a3298f4b345,0.0,0.0
fb5a5b7f-7e5a-4884-ac6c-33eff5598226,0.0,0.0
fb83f3ae-01e8-4997-bce0-e11c82dc3a54,0.0,0.0
fb8c4cd6-8de0-4759-b711-27229754b8d5,0.0,0.0
fb8e4a3f-fbb6-48ef-859c-ae9e69682c92,0.0,0.0
fb9af2ec-060b-42cf-975e-2e00ce986d87,0.0,0.0
fbb29c09-1069-4ff4-9e10-ec8d29e1be1a,0.0,0.0
fbb51d70-bc5a-47bb-a933-d13f99144dea,0.0,0.0
fbd6d21f-22ca-4499-a99c-ac8f8f9a5a12,0.0,0.0
fbe076ac-6b64-42c4-acd4-b80d37cd9eec,0.0,0.0
fbe30abe-a101-4fa8-bb5d-61bcfbf14929,0.0,0.0
fc127d86-fc81-4375-b866-8a22a87131e8,0.0,0.0
fc1ae882-5977-4ea5-93d7-041724c38cbb,0.0,0.0
fc272276-7e4d-4e8f-8d9c-9f88c23c85e1,0.0,0.0
fc5a5587-09c2-4601-aab4-0e9e19b4af57,0.0,0.0
fc5a7949-c7d7-44b5-9377-5dd9a5de226c,0.0,0.0
fc5cdf6d-0dee-4e12-9ffd-b7f0e264ed50,0.0,0.0
fcbc8dd7-dc8c-4a81-8943-6a88a97cb7d4,0.0,0.0
fcc0184e-7821-4125-a1f3-a642473ad3d3,0.0,0.0
fcc92848-f0d0-48c9-ac4b-7422fe2114c8,0.0,0.0
fcd331b8-71d3-4edb-bcd7-92e43715c448,0.0,0.0
fcea81d5-468d-4c51-ac59-232534613a4a,0.0,0.0
fcffda2f-2a00-4271-a11a-476f1605fd07,0.0,0.0
fd09d795-fdc5-4358-9d1c-8c5e1f54a02f,0.0,0.0
fd354b87-7287-4996-af35-cfc69dccbd0c,0.0,0.0
fd365ed5-6b4e-4165-a59e-716ad179aaa8,0.0,0.0
fd3821dd-d121-4366-affe-e6f3ee1344dd,0.0,0.0
fd39d029-997c-45bf-9731-c10f9c0b4c4b,0.0,0.0
fd420760-4c78-4869-a350-6f9abd9fc2b0,0.0,0.0
fd4ae483-fe32-4197-8299-68f3c68dc1bb,0.0,0.0
fd512335-b1bd-481b-b295-1952b9352c63,0.0,0.0
fd52a061-a85a-4de6-bc94-73defd921e53,0.0,0.0
fd83414b-11f3-4a54-b382-052d1bc7d06c,0.0,0.0
fd85c0c3-31ee-46e5-a816-b91675bb8f4a,0.0,0.0
fd87af9c-8631-458c-8532-2daae4396c43,0.0,0.0
fd87bf95-30b8-46f3-9df7-c0288f5979de,0.0,0.0
fd8a158b-a11d-4f6a-97f7-f6ee7ba72ac8,0.0,0.0
fd9b65a7-2553-4cbc-a526-ff288ced1e44,0.0,0.0
fd9ced8f-0655-4465-8f42-e11f24c19513,0.0,0.0
fdc732bf-48e6-4cc6-9451-cae1d955c213,0.0,0.0
fde4e287-ca73-4d6f-aedc-288566f3d27e,0.0,0.0
fdebcba0-79d0-4c9f-a267-875bd0227c95,0.0,0.0
fdecd0cc-457f-4efc-94e8-2ffacfc37d83,0.0,0.0
fe06316c-6a2b-4dce-b330-d69ea794e198,0.0,0.0
fe0f6e9d-1fb2-4ecf-a97c-c7bd1b9d0b9b,0.0,0.0
fe175de8-5655-4716-9f0f-70f4fca3a377,0.0,0.0
fe26fda0-80d3-441f-aeb1-5987395bbd15,0.0,0.0
fe79bd2f-3f49-4b09-b8ca-431e030c8f30,0.0,0.0
fe812d80-3105-44ab-8bf0-2607fa99f010,0.0,0.0
fe8a2bfd-f8a8-47a1-b28b-128dbb96fdc7,0.0,0.0
fe8d4e74-3c94-40aa-86c0-e2cf66352388,0.0,0.0
fea2c0d9-0f36-4ff4-bcdc-0e2679396831,0.0,0.0
fea5e4f7-9bbd-4ff6-8e01-9aabeb1d4777,0.0,0.0
fea799fa-96e9-40d8-b71e-cc5ea69675ae,0.0,0.0
feaaa34c-210b-4100-b0e1-b67529fac0de,0.0,0.0
feabf390-0de2-48ca-af8c-faa2bc8b3339,0.0,0.0
fee070c3-dcfd-4998-978e-64c09f9d31c0,0.0,0.0
fefb9bb1-47a8-4ca0-8fc5-18fa20ecaa6e,0.0,0.0
ff0e0556-5b44-4610-a01a-f142eb1d3a3f,0.0,0.0
ff39c0d3-f172-42ae-8bc4-5735564f05a8,0.0,0.0
ff681609-c623-4e6e-a180-f45efd70ae96,0.0,0.0
ff9f3d3b-73f9-499e-9bac-790c44ca7668,0.0,0.0
ffa003c1-6420-47c4-bd7a-cdda95cbd2de,0.0,0.0
ffc9345e-e21d-47c8-962e-c2f93070876e,0.0,0.0
ffcd354c-eb02-454c-aa37-a7d8bfa34caf,0.0,0.0
ffd5366c-dd86-4d3d-a20b-5d920936e4d6,0.0,0.0
ffe20371-b727-4670-8b8d-74132d53ccb9,0.0,0.0
0006d245-64c1-475f-a989-85f4787bae6a,0.0,0.0
00118c37-43a4-4888-a95a-99a85218fda6,0.0,0.0
0013524a-f2f6-4d5c-a458-9f08a42c1228,0.0,0.0
0027a004-df14-4d66-a3e4-e987336b8814,0.0,0.0
002a9f10-203c-4feb-9ea4-19bcbe9a7686,0.0,0.0
0038be33-f5ba-4274-93b9-c7b6ea003519,0.0,0.0
0049403d-da12-4b13-b02a-0a2dd4e01d6a,0.0,0.0
004e5e03-f6b6-470b-96e2-911992c8ffb4,0.0,0.0
006eac45-1c31-45fb-99de-30a52623082c,0.0,0.0
00909645-804d-4b63-a66f-283832684bf9,0.0,0.0
00ba0112-a5da-4264-9b86-82bf21bba65a,0.0,0.0
00db953c-7f4a-4de3-8772-42d7048c1ab6,0.0,0.0
00fde10f-74b9-4eaa-a6e4-7abe055d16c4,0.0,0.0
01156105-b7fa-44b9-86c9-27909a81d63a,0.0,0.0
0136d669-a167-44d6-8c65-dbcbc4f71e5b,0.0,0.0
01762b10-7e89-4cf6-a227-143eab3943d8,0.0,0.0
0190e8ab-7af3-4baa-a959-9099350c0ae8,0.0,0.0
01999dd2-f622-4a97-b09b-83f5ed7523da,0.0,0.0
01cf8536-1488-4ee9-82e5-19ac82183b06,0.0,0.0
01d60152-b41c-4b57-8ae3-bf7bf6dcfdd8,0.0,0.0
01d9f4f1-12f2-409b-af76-8cee0ee95701,0.0,0.0
01dbcacd-ff6f-4922-a74c-1882ffd2f580,0.0,0.0
0202aaca-5ec1-4917-a75a-bff3520b72da,0.0,0.0
022b63c5-5bb9-4fda-8489-9a41470cb07d,0.0,0.0
02513e74-2209-4083-a8b5-a16e54fea22c,0.0,0.0
0263eff8-963d-4586-a3c0-8b316c5d21d9,0.0,0.0
0274a038-d8bf-4c6c-88c6-59c251ab7705,0.0,0.0
028710fa-9b38-497e-b266-6e33afe367bb,0.0,0.0
028c66e1-5d2b-45fb-93d1-0a44f808de34,0.0,0.0
029758e7-b211-41c0-841b-bcfbdaa0b29d,0.0,0.0
029b4083-4edd-4cba-a77c-3a2caa76c1fe,0.0,0.0
02a3457c-7f9b-47c3-8a62-8674bcacb709,0.0,0.0
02a4c14b-aa90-40d9-8529-a0878b09cc0c,0.0,0.0
02ae9a3b-126c-41ba-a529-d28deb7d3337,0.0,0.0
02c5023a-ad16-4cf3-9003-8fd77a84ddb2,0.0,0.0
02cae6ee-02f2-44b2-bd64-c7ca51cb7671,0.0,0.0
02cf33c2-c8e2-48b9-bf72-92506e97e251,0.0,0.0
02cfa256-10b8-4247-8411-1eee55e1bada,0.0,0.0
02ec8bce-7ef9-45bf-b3a9-58f7823f25bb,0.0,0.0
02f681c5-add3-48b6-9a37-0d9c2a6a7f9b,0.0,0.0
03153931-6b5a-4b98-abed-642cb3ba953c,0.0,0.0
03412397-8ac4-4685-974d-3172f16acce9,0.0,0.0
034582be-097b-467e-8a90-729a80d6df51,0.0,0.0
03492416-8184-43a1-9022-8e1835c8f298,0.0,0.0
03529fdc-ba2e-4f81-9d0c-88808ae0b045,0.0,0.0
0361cd82-9167-4276-b16c-caa5f1e1c249,0.0,0.0
0366dca6-a897-4742-a479-aec364f9488b,0.0,0.0
03697894-9bd1-46a1-84e7-3da027dd0aff,0.0,0.0
036d0a25-ffee-4b07-a57b-96ff8dd23f4d,0.0,0.0
037c249b-9e28-45f8-9270-05c11f3cf9d9,0.0,0.0
038cd022-9321-4077-bce2-629b4e8464a8,0.0,0.0
03bb8384-0bfe-4ba1-b46e-b423450844bb,0.0,0.0
03f5e2e2-7f72-4541-aacf-158990672eea,0.0,0.0
03fb442d-ed22-4f6a-9a65-76ffe18380c3,0.0,0.0
048a6b5b-fda6-49af-9358-5258453d01fb,0.0,0.0
048d9a01-8547-4273-8d21-d9990dfd1f0d,0.0,0.0
048e7290-5886-46e0-b276-992e73edeb4e,0.0,0.0
04b0ff01-6cc0-4a4a-865f-e4a672d3d179,0.0,0.0
04c16916-7c1a-48d6-a034-191e78275001,0.0,0.0
04c57d84-19e5-41ef-9761-539fdf6cf608,0.0,0.0
04c62e68-a59f-46d5-b3e4-b311f837ed9d,0.0,0.0
04c7bb4c-52b3-4338-a413-604ed1047ac4,0.0,0.0
04ce226b-96ed-4358-9d47-335d143a6e2c,0.0,0.0
04df5da5-85ab-47c2-af7e-778f3db07049,0.0,0.0
05232be9-fdb4-4644-8d0b-793d4e4407ae,0.0,0.0
0532172a-42b6-4bba-9e00-c7647866bc32,0.0,0.0
053e8f71-fdf0-41b1-ae40-15db891a698e,0.0,0.0
05488e9b-b918-474a-8ff8-47076c95e983,0.0,0.0
0557cbba-861c-4f20-931e-2f33e8c2b073,0.0,0.0
0559becc-ec12-4d2b-960e-1f98148d1f5f,0.0,0.0
05694a09-1972-45b5-8a67-d1541f00f3db,0.0,0.0
0578020e-9bae-46ff-aaef-f64b9330e801,0.0,0.0
0591b1d1-5777-4937-87eb-35f2d6e08a97,0.0,0.0
05e706da-f181-48a6-a802-6b997839a3db,0.0,0.0
05eb1850-9609-4d00-ad31-603ffad3af79,0.0,0.0
05ef68b8-d89c-406b-be87-4bbac4242b75,0.0,0.0
05f7f64a-1a08-4758-bacb-854e72f798f7,0.0,0.0
060e9025-f833-4b7f-8a66-4b1a7e28d405,0.0,0.0
061fdf10-ac0b-480e-a694-08c7a80e1c06,0.0,0.0
062a4e6e-9073-47d3-8531-c66022f275b2,0.0,0.0
0631580f-5b43-43f7-9700-7da9309bf620,0.0,0.0
063c8f4b-ab52-4a55-b155-1fc02d8da547,0.0,0.0
06417242-4d8c-407e-a7e4-efb84e5709c4,0.0,0.0
064559c6-093b-439c-becf-36c6027c59ab,0.0,0.0
0649a071-216d-4e32-9746-8c5fb4781611,0.0,0.0
068e6dae-2d20-462e-882b-630c741a24f9,0.0,0.0
06abf7eb-2a82-42c2-8f20-b20c470585da,0.0,0.0
06b8ddce-08a4-4e6d-8745-48710adb9de7,0.0,0.0
06c2e43a-3a6b-49b5-868d-da4db1abd78a,0.0,0.0
06d893ad-4d5b-43bd-832e-392d886e7a35,0.0,0.0
06e706ff-e987-45a1-be71-31b45af463b0,0.0,0.0
070428e9-16e6-4692-afc7-389c32f0b436,0.0,0.0
072003c7-3b01-4b0f-b556-6b763e9e4b19,0.0,0.0
0729c938-0b71-46b9-8d8a-2f863516bfe0,0.0,0.0
07691043-4534-4b6d-a0fb-a6fee590f217,0.0,0.0
0786e0dd-b201-4ad5-840f-122aabe3fe7c,0.0,0.0
078f28fc-e284-4b46-8a4c-5ec6c33bf99e,0.0,0.0
07933b53-0650-4fa4-8148-24dd17df5519,0.0,0.0
079c19fb-0a16-4b56-997c-ddc359682df1,0.0,0.0
07bbabba-14d5-44d8-b125-fa71579c51ac,0.0,0.0
07d0c055-dd98-434f-a757-3d47f8e11184,0.0,0.0
07f6b94f-7b24-41bb-8dbc-7bcfc51dd687,0.0,0.0
0809bc30-ed57-4a04-872c-d155a03814b9,0.0,0.0
08141bed-28f9-452f-8161-3b5214f2ddda,0.0,0.0
08145672-da29-441f-844a-dd4a9c6d43ee,0.0,0.0
08210676-3307-4a37-bf98-4afa28a9e212,0.0,0.0
082584f1-d847-40f9-9074-05926b4a53a9,0.0,0.0
0828dae4-7d78-47e9-8af6-0fa6a3c854c3,0.0,0.0
08494e9a-dfb2-4a51-9ed8-caa6c3763241,0.0,0.0
084cb528-54fe-4935-bc19-5dc9c9d57671,0.0,0.0
087d8502-ef25-4e91-ad21-14c392ee36b0,0.0,0.0
08939b58-35b3-4ff1-aa95-0b0efccb6263,0.0,0.0
089c615e-1cd7-4ebe-bb6b-46850da920ab,0.0,0.0
08a279fb-a152-4b21-a4e2-ad8da52604bb,0.0,0.0
08ab14f8-206f-41ba-9a8f-b92c811e3056,0.0,0.0
08bf182f-7d9a-4481-bb9b-1e4a9bb50e6d,0.0,0.0
08cc8725-592e-45be-9e84-6eac7dfa2fbe,0.0,0.0
091c3701-c3c2-4e57-93c3-11924b030d83,0.0,0.0
092a00fd-2d8d-4ff5-aae9-bddc2962f417,0.0,0.0
0933290f-fb56-4e36-9384-6669a23fd0e4,0.0,0.0
09379c20-50ea-44c1-9467-16f9cb5ab465,0.0,0.0
096441bf-ad39-4d97-a7d0-e114b304a72f,0.0,0.0
0976fc6b-bec4-44ec-934b-e8e5176f6b45,0.0,0.0
097fb3ae-6ae9-4cf7-a8f5-dee925e9d241,0.0,0.0
09bb7a5c-f451-4ad6-9c48-83c303fa9057,0.0,0.0
09bdffc8-87f8-4fc0-8a03-b756f6dee4ed,0.0,0.0
09beafa0-ba2f-41d1-8b28-149340febcef,0.0,0.0
09c2b84a-534c-46f4-a682-e4e50ab37f98,0.0,0.0
09d8b7f9-703a-44ad-9526-4e464196151a,0.0,0.0
09f16588-95e9-4c52-9898-31e41aa2186c,0.0,0.0
09f879b9-4378-479e-949b-cdc3bec8f59f,0.0,0.0
0a0a4dc6-87be-4ac6-b540-28d76b64cd6f,0.0,0.0
0a2550e3-e265-4b41-81ab-1865cbbf5785,0.0,0.0
0a2bb9ac-da2e-4e2e-81d3-4a1cd14f2002,0.0,0.0
0a4e3e85-b393-4d38-a2da-3c3e34612fab,0.0,0.0
0a6a2075-8f4f-468d-8d68-44ca16a8bc86,0.0,0.0
0a746509-b6cc-4d07-a26d-a23183c895e4,0.0,0.0
0aaa98ac-70ec-4323-b718-b78fd64b0af5,0.0,0.0
0ab804f3-22bd-4246-8b7b-c7a2af143bda,0.0,0.0
0abc3783-eefa-4838-8e55-de455e442fe5,0.0,0.0
0ac36691-19eb-4609-9cbf-79ff79626ea9,0.0,0.0
0ae320d8-6cbc-4a20-8ee2-c47a67d9756e,0.0,0.0
0b384857-b4b8-46d7-9623-4d615bd9b0bd,0.0,0.0
0b3b4670-fa97-4294-9f10-d6fcc720e9c2,0.0,0.0
0b3bc475-7d9f-4b06-9096-25213b3f4313,0.0,0.0
0b3f6112-4d18-4970-b348-dc18af76ecf8,0.0,0.0
0b61a853-905d-4227-8ad4-562c64ebbe80,0.0,0.0
0b948b2d-e413-4771-98ff-8c3591434a6d,0.0,0.0
0bad2aca-15f3-4cbc-aecb-521a1461f87b,0.0,0.0
0bd8fc15-1c36-4944-b2e4-908fc0ced331,0.0,0.0
0bf6de37-9871-437f-94c2-20efd8fd390e,0.0,0.0
0c06d2de-f108-4014-a04e-01e8e3b0adee,0.0,0.0
0c0a65e9-ca16-43c3-b2db-2881b5915a7d,0.0,0.0
0c36b123-1488-4be5-89be-0c5c760787f1,0.0,0.0
0c3e9559-4812-41a9-a3b9-ccbf1327f090,0.0,0.0
0c4b3177-b58d-4c5e-9207-64cc1e0db668,0.0,0.0
0c50e6f2-3628-4bb3-92db-d6160183583a,0.0,0.0
0c61d48a-e450-42c9-9eb6-7ad47a871aea,0.0,0.0
0c6a9a56-c14b-4121-a32d-c9166b0f113e,0.0,0.0
0c6f99a3-c9d9-4922-ae6b-b399496bfc69,0.0,0.0
0c74cedd-81b2-4dfc-acaa-2be4906aa141,0.0,0.0
0d0eeebf-db09-432a-bb32-0eaf43c984bb,0.0,0.0
0d2fa538-f98a-4765-8de8-f0498777392c,0.0,0.0
0d37f0bf-8249-424c-85e8-4fdaef9d90d9,0.0,0.0
0d7a4cea-8718-4f77-b8a7-41147e371787,0.0,0.0
0d840cd4-affe-4514-ad00-83eedc9c6304,0.0,0.0
0d847af6-b0ea-4479-b458-61a59bb84270,0.0,0.0
0d97b3d9-2b33-4ede-b170-cfb612b98c71,0.0,0.0
0d97fcd0-1403-49d1-a1e7-adb61660a147,0.0,0.0
0dbc09eb-4677-436d-974f-db290b73f3d2,0.0,0.0
0dc9437e-b2db-4650-81d6-e01d23dde5a5,0.0,0.0
0dcbf9ff-2533-4f81-9e2a-3011d88fdc4f,0.0,0.0
0dccc184-a60a-45e4-bc51-94b8b8f8d4f5,0.0,0.0
0df4a762-ee21-4c41-9a61-e12f9b9d7463,0.0,0.0
0e190a1c-8932-4d5d-9038-4ec18e5bb7d2,0.0,0.0
0e2c6e3a-15dd-4bf2-8157-8e972f2090db,0.0,0.0
0e4258e5-20de-40d3-be8c-9ad7c6e29b27,0.0,0.0
0e529a1a-af71-46fe-abe4-6bf48881f6fd,0.0,0.0
0e636bf1-312a-4444-8812-2044b60d0fe5,0.0,0.0
0e738b9a-b0d9-47a8-8426-e1a2092773b3,0.0,0.0
0e79115d-7bfe-47ed-8717-5074eccf3bf7,0.0,0.0
0e96feb1-6973-4c67-a9f7-928fc3dc7f6e,0.0,0.0
0ea05f44-0ba7-430f-8f73-d37ea036292c,0.0,0.0
0ecbbd9d-e199-47c8-9a2f-ef8a2e5f0df7,0.0,0.0
0edf70a1-ba17-42dc-92a5-aa541111c0db,0.0,0.0
0ef07108-31bb-4326-961d-ac4c0257c3b7,0.0,0.0
0f0cac24-bddd-4b97-9405-ce1160837534,0.0,0.0
0f68b820-c6bb-489d-b358-8a89786eecb7,0.0,0.0
0f82d1c5-d8a8-453c-97e5-52e99adf95e1,0.0,0.0
100ab63b-358a-4dd0-b281-b04d44cd7702,0.0,0.0
102f0dde-88b9-4a8a-bd58-483e1b282667,0.0,0.0
10ab1c96-0ec9-4d17-9b8b-dbc6d5e59bbe,0.0,0.0
10b9cbdc-6a6e-4b67-9bec-76634b347363,0.0,0.0
10eb6dcb-7b19-46f0-9fa7-789be6621b10,0.0,0.0
10fec869-c4e1-4a2a-a5c8-81195d862caf,0.0,0.0
110f76c2-6be9-4719-b8a8-f213935d991f,0.0,0.0
11192ba0-7d43-4831-afc1-139e8b325e24,0.0,0.0
1126a01a-c3b7-4165-b169-de61d1d6afec,0.0,0.0
11270530-41f3-4dd1-ac6c-6070858824a2,0.0,0.0
11355fbd-d02a-4120-92d2-10d0397ab120,0.0,0.0
114ad001-09b6-4ffb-8b7e-2622d03fd01e,0.0,0.0
11bb44ab-b800-4e3f-a119-79ef67034a66,0.0,0.0
11bf8809-8ee1-44fe-b475-785d4acf9c7c,0.0,0.0
11e8f267-4fae-4c29-a24e-af50180ef1c9,0.0,0.0
11f3371b-240c-43f5-b253-fc377e2d0dad,0.0,0.0
11f75022-558c-418e-a3c6-232d839ae000,0.0,0.0
12246948-0f70-442e-9b43-70699ea915f5,0.0,0.0
12308c59-91ff-4c1c-847b-6baa673edaf9,0.0,0.0
123591ae-ade1-443c-8dca-7d62e9dcde31,0.0,0.0
12400318-d3c1-44a6-acb1-025cb9416055,0.0,0.0
126dd421-6591-43ab-9156-1ee5b381f343,0.0,0.0
1276fa08-e541-414c-b811-f20c5483f0ad,0.0,0.0
1278dad0-a062-4e91-84ed-7e846829c15a,0.0,0.0
1285d585-fa2c-4085-b25a-bbc86c2d7313,0.0,0.0
128ae1b1-4a80-4f3e-bce0-fc155a820e17,0.0,0.0
128cb048-7772-4b21-a09d-ece539fc37ae,0.0,0.0
12987e59-a24d-449a-aed4-e1c6d3e6ce2a,0.0,0.0
12acb549-ee08-4067-88e8-e7f6fb138968,0.0,0.0
12d2aa31-6a0b-45e2-acd0-4d916ab763d7,0.0,0.0
12d935ab-4fe4-4dbd-abfe-492f3a4961eb,0.0,0.0
12ec3521-2b8e-4117-89d8-f30a18267efc,0.0,0.0
12fddbc5-5322-44d0-8958-04b51d750ed1,0.0,0.0
13072015-8d55-4122-bb6a-74654d87f19c,0.0,0.0
13126e2a-26f9-4007-bad3-f5e6700624c1,0.0,0.0
131e0fa2-1b94-4e75-8b62-d8e9831b8323,0.0,0.0
132dc077-9a14-4f13-bbc8-c3b6937cf186,0.0,0.0
133dbb15-a9a6-4064-b8be-b126c1856435,0.0,0.0
13472a65-055e-4a22-a90b-4fab6a5cca61,0.0,0.0
13523f11-6a7c-4067-8a08-543edc541465,0.0,0.0
1356b329-962b-4ffe-8da2-ad28e119d425,0.0,0.0
136e98d3-fc0b-4b0a-acfb-08566c6b2526,0.0,0.0
1373ef77-8b9f-4d56-8553-02fd6c4ee30a,0.0,0.0
13a4643c-5a0a-4856-be01-d99f19e5c8c7,0.0,0.0
14161531-3d6d-4151-900d-1e3e84e627c3,0.0,0.0
141f61b1-e0e2-42b8-8017-3457355a25b8,0.0,0.0
14379c03-b61f-42ee-acdf-2185591571d8,0.0,0.0
1479b48d-e4a5-4a5b-b49c-4df10c2df94b,0.0,0.0
147f113c-e2c6-4a73-9adf-6f38e13e6560,0.0,0.0
14c32e0f-b108-43d1-b0d4-189aae41dc80,0.0,0.0
14e0086c-c77a-4510-ab60-985fbd659efe,0.0,0.0
14f61e05-f02f-409f-9d73-431461904e69,0.0,0.0
1563e8d9-d60a-45be-baef-e7de85b0bbff,0.0,0.0
156bb739-1aba-4f63-ae40-f578a1fa247b,0.0,0.0
15cc7e5c-c955-4213-9ab2-3ee6ec359768,0.0,0.0
15dbbb9f-3d86-42fa-ad01-4ad8dc126877,0.0,0.0
160cc2b5-5e80-4f1c-a517-783391c020b5,0.0,0.0
161b4b9b-34b3-4459-b0bc-2c0a38bf3e70,0.0,0.0
1620992b-c734-4f7d-a605-52497985eeb1,0.0,0.0
16432145-3893-41d6-a705-b6f1a0343819,0.0,0.0
167764ab-17a3-400b-bfb4-0f75a63779de,0.0,0.0
16ec019c-31ec-44ff-8147-25d895cfdda5,0.0,0.0
170bffa3-583b-4f8e-92d6-ac020fd7d24f,0.0,0.0
17173ae2-ddce-4b82-b686-ca8c68b9b419,0.0,0.0
173e9d2d-f1c3-48ec-8a63-d4afe9f07390,0.0,0.0
1758eb49-8874-4df9-859d-9be9a6cd01e5,0.0,0.0
1763e99e-cc66-4c1f-8402-547083bab096,0.0,0.0
1773a162-075e-4379-bec1-b04c02393084,0.0,0.0
177af2fb-2080-44c7-bdcc-1cfa49df9849,0.0,0.0
17ac3090-bb71-4225-b11f-d290d7a8c56e,0.0,0.0
17b62d86-322e-4b80-ad1a-585a9121ca73,0.0,0.0
17c24166-acea-43bf-bac1-aefbec688523,0.0,0.0
17d14830-ad8e-4cc4-b59f-c2c4f199432b,0.0,0.0
17fad2b7-1683-48c0-a94c-1c23adf7fcd7,0.0,0.0
1810445b-bca3-4ee4-8264-3ed550508a51,0.0,0.0
18115e45-86f5-494a-9e07-7781ef84096f,0.0,0.0
1849b376-b921-47cf-9a8d-72ac54929257,0.0,0.0
188ad487-9b7a-45de-aa86-5b0426fa9e40,0.0,0.0
18c75860-c4d2-43fd-ad86-d3493fdcdeb7,0.0,0.0
18d092d0-488d-4c98-9ae6-9f1481abd9ef,0.0,0.0
1904d35a-9109-4995-b096-19a65f997cbf,0.0,0.0
190707dd-b9ad-4253-83a8-608ec8686cf4,0.0,0.0
1910712d-2cfb-4d52-9d20-c7552bf0682d,0.0,0.0
19265ab9-7368-4cfd-8f37-c4b7c5e75f8b,0.0,0.0
194667fa-6d46-4e87-9094-3a0fc8158986,0.0,0.0
195ef71e-adf7-4eca-875f-3ceead19cc81,0.0,0.0
1962c5ba-c369-43ab-bfce-8cea47f89810,0.0,0.0
198c0926-b7f9-472a-97dc-8aaf1f55e111,0.0,0.0
199f642a-03af-4192-9f8c-bbfebf7c317e,0.0,0.0
19c45732-7791-44a1-aad5-d9ef4501e51a,0.0,0.0
19d8e214-97a4-4711-8a67-aee59b0c1f4b,0.0,0.0
19ede33e-a375-459f-851c-126f21db73dd,0.0,0.0
19ff1c41-b4be-4d49-bf50-88a3c7e8a8d1,0.0,0.0
1a0dc82f-8d1e-45aa-8ad5-fac7cbb0a8eb,0.0,0.0
1a0e5fd8-ac64-4154-899a-9cdd2acead96,0.0,0.0
1a0e7114-1eb4-4554-a450-6b3d87d0d37e,0.0,0.0
1a1b0b07-20dd-4a21-81d3-27b1a5139b44,0.0,0.0
1a1b923b-7776-41ea-9f2b-b571ed24e40e,0.0,0.0
1a3a33d2-c759-4c35-9401-e49e1fbff49a,0.0,0.0
1a575083-b2d9-4381-af27-ecc623574f06,0.0,0.0
1a59879f-a230-4149-9813-7b5c79e2ed28,0.0,0.0
1a62c235-98f1-4099-9534-cb60eff76d80,0.0,0.0
1a7064e4-3203-4bc4-83a2-9b473914af36,0.0,0.0
1a742465-fbaa-451c-8692-3fe82f8c7399,0.0,0.0
1a8c18bb-4835-4a54-b821-678ad2301f4a,0.0,0.0
1a8e7036-e1e3-4bd7-99be-bf496494098c,0.0,0.0
1aa4933c-6f6f-4b7c-92b5-48f70062a9d7,0.0,0.0
1ad6a1cb-26db-40d5-a972-37d1e5110036,0.0,0.0
1af0aae9-9005-4717-b48f-95fc13e2b098,0.0,0.0
1b125a9a-718e-4379-9a7e-8c1708d23e2e,0.0,0.0
1b23fb37-33c1-4560-8727-2fcd192b4195,0.0,0.0
1b304221-dfca-4613-b1b1-4a67bb4f6d5b,0.0,0.0
1b3711c3-f2ef-4c14-a175-8af6eb2a39d7,0.0,0.0
1b4b52f7-9ccd-4c37-8bfb-7000d8c5ed45,0.0,0.0
1b4f9133-6a28-48b0-b4ac-3a35787bf3bc,0.0,0.0
1b6a8d6c-3563-432e-9513-9c8bb7fa416f,0.0,0.0
1b85f6d2-7592-4a8c-8c2a-30583fdea9dc,0.0,0.0
1b9dbb72-03d9-4a7d-86db-5d75dc4cbc9f,0.0,0.0
1b9fe7ac-0ba8-4efd-a539-5609832f9f6d,0.0,0.0
1bbb01d6-2b7f-4f23-96ff-b957668c543e,0.0,0.0
1bbf7187-867b-449d-8cf4-29818c2dd336,0.0,0.0
1bc7a056-775d-4964-8405-49694d884324,0.0,0.0
1be78bdd-63d0-4718-85b7-1a576d4adaab,0.0,0.0
1bec7a8f-4156-40c0-8f37-d382b41c692f,0.0,0.0
1c26b96b-8164-4a57-86f6-aad46d3d7256,0.0,0.0
1c43c192-8587-4692-b239-80cd91386815,0.0,0.0
1c6e6259-8ce8-4cf1-b968-8e3ca56ce279,0.0,0.0
1c9573af-b04a-4229-b782-7590b4c057ec,0.0,0.0
1c957aa7-5c43-455c-920a-24ca2bc40229,0.0,0.0
1cefa111-bffd-4b77-87b5-63d64386de02,0.0,0.0
1d06844c-0fbf-48e1-a7fd-5e7c2b8e493c,0.0,0.0
1d217723-bfd1-41de-a36a-18eb79ee3241,0.0,0.0
1d2aa950-55a6-4622-8869-75064058572c,0.0,0.0
1d54ae94-198a-4593-9f3c-86cf087b10b0,0.0,0.0
1d5fb790-004f-44f1-8dd6-8509850000be,0.0,0.0
1da6b6d0-0d7b-4d9e-93ba-1a15c8751949,0.0,0.0
1dcace0d-b328-4901-b1d7-60521953cd08,0.0,0.0
1e00b150-2694-4b23-a60d-76360ba31b5f,0.0,0.0
1e1bf896-d455-429b-90a3-f427ee869a80,0.0,0.0
1e1e34ba-c731-4ab8-b955-588de85cd80e,0.0,0.0
1e3be112-53e3-4d6d-b1d5-8dab08bcab7f,0.0,0.0
1e66462f-1680-40a6-a0e4-3525156f30a0,0.0,0.0
1e7f3f93-28d9-49a9-865e-ee444311068b,0.0,0.0
1e8a6cf4-281a-4b5f-a1d9-d3d9ad105a1d,0.0,0.0
1eb80316-1c1a-42b5-a6ac-914193714d8a,0.0,0.0
1ec95ff6-d296-4a39-935f-5f3f86d931c0,0.0,0.0
1ed1becf-d5f5-4966-94d2-23500fa3c145,0.0,0.0
1eeeb106-488d-49ce-842d-4ec98dbecb7e,0.0,0.0
1f339c2a-fb12-4aa8-8ff5-82d3f2ff4739,0.0,0.0
1f3c7033-50cc-4251-afb9-15f0fb5b9f39,0.0,0.0
1f44d3aa-1d9a-4349-812d-529b06031855,0.0,0.0
1f56a586-0646-4b10-991c-17a51f805d53,0.0,0.0
1f6c68ff-3793-4131-8598-f89ccac4524c,0.0,0.0
1faa879e-d742-4e20-a31c-abdfc0e4a2fe,0.0,0.0
1fce931f-b9c5-4a3b-980c-5fa46a6658a6,0.0,0.0
1fdc1ac6-3b15-4ca0-9d0a-2ef26fdf8f25,0.0,0.0
20023c3e-272c-49e7-acc4-3c41d0a1620b,0.0,0.0
2002b99f-7292-4d5e-8d0e-15bbf154ad56,0.0,0.0
200e4e0a-15b9-41f6-83d0-1dd5d091217f,0.0,0.0
205271f0-8292-45e0-9bd0-6f22425de972,0.0,0.0
207a047e-da64-4214-969f-12abacd4b618,0.0,0.0
20910985-2975-4a1e-81b5-a20abdc56fd0,0.0,0.0
20b7dbf1-afb9-4265-87ac-575b22ae3b65,0.0,0.0
20c9832f-4c85-4903-8282-335e0b4d2967,0.0,0.0
20e24e38-6d21-44e2-b408-78d222d0035f,0.0,0.0
211bffc7-bc37-4494-87a7-bd1bf2f49a47,0.0,0.0
21240df4-5436-4f9d-8cd8-b8ff05c35f37,0.0,0.0
21246f27-ce50-4426-a3d4-3b3cff224d2f,0.0,0.0
214e725c-9502-4396-85c5-0ad390f3981a,0.0,0.0
21557a66-5313-4ba2-a174-3fb14e32fce8,0.0,0.0
21642b00-7b78-499f-b95f-1f069aada923,0.0,0.0
218e8bf1-8741-421d-9e14-efbdcc88315e,0.0,0.0
21c10190-c671-4301-a3ef-340d86f75973,0.0,0.0
220fa22f-239b-4b88-9172-150098626b24,0.0,0.0
2216ecb8-8a3c-432e-8d8b-e34b027453d8,0.0,0.0
2244aa30-8878-4b92-bb36-8af33f949b54,0.0,0.0
224980b3-52fe-4cc6-8fbe-d513634cb068,0.0,0.0
226b81a8-f6c7-4c90-a364-d86dc9445196,0.0,0.0
227c42c4-89ca-45a2-b098-ce3ff5f3a9f4,0.0,0.0
228288ee-9f7d-42f8-9425-18a9851fad49,0.0,0.0
228c5d85-2673-46a1-9a33-fc0ee10aff16,0.0,0.0
22942a8d-a46f-475c-93b5-4498138e61f5,0.0,0.0
22b57ba1-38f8-4bd1-a5d5-516a477980e0,0.0,0.0
22d48b30-0452-42c9-986a-63636c281621,0.0,0.0
23023e91-ae8a-4744-a491-fd41ec27d82b,0.0,0.0
23186379-0762-457b-b046-179598012649,0.0,0.0
2325503a-8ca9-47b2-937e-025279457d99,0.0,0.0
235902e4-1daa-4734-8824-ba1c4e0b8490,0.0,0.0
23666329-aeab-407a-821d-d7297cb7b606,0.0,0.0
2369363d-4298-4b89-a162-cce08424c7a4,0.0,0.0
23753ceb-7745-43b5-a73f-b888913fd2d8,0.0,0.0
2387b5cc-3dce-44a7-b01f-a0b3febea880,0.0,0.0
23e3df3e-24e2-487b-baba-65061f3a3e61,0.0,0.0
242016bf-aa67-4e7a-b602-5ce47525ef79,0.0,0.0
24384d49-c9a7-4cbb-bc7c-b4f8edbb4f9d,0.0,0.0
244fdca7-da94-41b8-b04d-ee3360e72e76,0.0,0.0
2467eb46-b46c-4e73-9cb9-9d8e4dd28e19,0.0,0.0
2473ff4a-9e96-4e29-b37c-4eb9a56ccec1,0.0,0.0
247c0aed-fde5-4ea3-a83a-60a370125de7,0.0,0.0
2495ea4a-e530-4f7b-800c-e50ddc375a31,0.0,0.0
2498d927-6dd1-4b6d-bf8a-e4ba00f8f9de,0.0,0.0
24b91bce-fada-4675-be97-f6d5c0ac638f,0.0,0.0
2517ad01-b14e-4317-a10e-135d145bfa11,0.0,0.0
2518afd5-5138-42c3-bc24-96b516c82df1,0.0,0.0
2528c416-5214-4d99-bbff-122706d01d95,0.0,0.0
25350179-798e-400f-8ee2-a58f8f782488,0.0,0.0
2540867d-30aa-41cd-ae38-247adfc662e8,0.0,0.0
2546c61d-b462-4343-85ec-9941580938bf,0.0,0.0
2546cf0a-59b3-43e3-955a-4fbcb2e2b1b0,0.0,0.0
255adaf1-924f-429e-8d01-5dc1b80ca710,0.0,0.0
255c10e4-e876-4ab4-951d-e7b2305c2e5a,0.0,0.0
25656392-e2bd-40a7-9a33-23fa4be10556,0.0,0.0
2565a52c-d3c3-4eec-ba53-0a708527cf2a,0.0,0.0
2567747c-9c53-4565-a33e-d92d9bccf376,0.0,0.0
2578839f-f2cc-4d71-aee3-d0d4fe4843c3,0.0,0.0
25b801ce-6853-4124-8847-4b2358219bd4,0.0,0.0
26242c4b-f0fb-4201-a408-77a1f56988b1,0.0,0.0
262d213b-f8ca-49af-9ef0-0ac884ce5b12,0.0,0.0
264248bc-c392-4f5a-94d9-ca6db2f9f246,0.0,0.0
264d4e0b-2c11-4a35-935f-5960fc3f0221,0.0,0.0
26cb0310-6617-44ab-869c-99fe9b9bc054,0.0,0.0
26d55c99-6898-4ee8-99ec-91d7d0aee04a,0.0,0.0
26e09c91-2354-433b-b550-dce43e3ff063,0.0,0.0
26f93238-5ab5-4b4c-84b3-b4a2879f9be6,0.0,0.0
2721f7e2-554d-43f7-bb90-370a262f7b8d,0.0,0.0
27391194-8739-43f3-8196-7c0f54518fa5,0.0,0.0
27749e1e-4cbb-43c4-98ac-88a3a04472a9,0.0,0.0
277bd9e2-d415-4e3c-bf52-7828e69042de,0.0,0.0
27bc7188-7a4c-4868-a055-ed83717c3240,0.0,0.0
27d6d6ee-059b-4214-83cf-36f5da21533d,0.0,0.0
27dc6919-39b5-4369-9064-c8780f040cb5,0.0,0.0
27e80c53-6e18-4ffa-b391-55fcb544068b,0.0,0.0
28351e32-bc77-42d8-bac5-9d98543e448f,0.0,0.0
2854fcde-a215-4688-9e91-fb4568380762,0.0,0.0
288a30c2-aeff-4e1e-a909-f664332f8ab9,0.0,0.0
288d7018-68e4-4bb5-ac4a-420f9bb0d779,0.0,0.0
28956202-a971-4db2-90f9-03121b97c659,0.0,0.0
28964b5c-8b0a-45c8-b8e9-790d92203a6d,0.0,0.0
2928c35a-7c67-408a-be12-90d76992b45f,0.0,0.0
295780af-85f8-4166-b820-8798f85bf90d,0.0,0.0
296bb527-5251-43bf-99ea-af59961c805b,0.0,0.0
2989303f-98d5-4041-a639-5e433a20d5a6,0.0,0.0
299e9c74-bfd5-4b6e-a205-f311be4bdb31,0.0,0.0
29d0573d-69b8-44b7-bd0a-2f95da76d2e3,0.0,0.0
29da5aba-472f-426c-9229-36fe416b056c,0.0,0.0
29e6fc3e-9e1a-44e4-aed4-c359463e862e,0.0,0.0
29e7c3f2-8ddf-421e-81a6-5c2fc64e97d1,0.0,0.0
29f2d25f-ec33-4574-8789-09594649ac8f,0.0,0.0
2a061273-477c-4b9a-b244-26bb997cdb79,0.0,0.0
2a31497c-e940-4d58-97c1-0b2d2a7839ca,0.0,0.0
2a562dec-2111-48de-8a09-d54b7a9e79d5,0.0,0.0
2a5844ff-2b02-4df1-bae5-3f638dd1f5b0,0.0,0.0
2a734723-dece-49e8-909c-d8a7bcf0d513,0.0,0.0
2aff00b2-04a0-477c-bd85-988c130aeacb,0.0,0.0
2b2e51a4-b516-40c4-807e-6b7dc2de3b3e,0.0,0.0
2b48fb6b-840c-4198-9441-6552605c82f0,0.0,0.0
2b64dd54-d07b-4174-8f8e-2ddea075e780,0.0,0.0
2b6bce90-5bfc-4e2e-b0a4-3290246cf5ff,0.0,0.0
2b7b5e98-302d-46a6-96f4-ac4fa32e02a0,0.0,0.0
2b96c313-f1a0-4ec1-b2a1-727af948a407,0.0,0.0
2b97433d-bd87-4d31-81fe-234c0cb1c600,0.0,0.0
2ba06cf3-5db6-4c21-8daf-e75e5f3a01c9,0.0,0.0
2ba63109-1143-4200-981d-cbc99d5a40f9,0.0,0.0
2bd2825c-9e9a-4b72-ae5e-af63be9483b6,0.0,0.0
2bd9a7ef-0975-4919-ade5-bc5fd8c18062,0.0,0.0
2c810625-bfa5-4ff7-9c7d-a405c4bb8805,0.0,0.0
2c8b35ff-705c-4b69-8e4c-a3d6dff0bfcb,0.0,0.0
2cca6c8c-8ced-4fdc-967e-35b64eed1839,0.0,0.0
2cd04b46-fbc8-4a32-8a7a-c0483395ca51,0.0,0.0
2ce4d206-cc34-4cf6-aa79-73f1916af59c,0.0,0.0
2cefdcdf-6732-426f-845c-b3bc1ca50954,0.0,0.0
2cf49cd6-d791-4880-ab1d-6c63a72d2b56,0.0,0.0
2d1675b0-8bae-490e-8324-6aacb6f7366e,0.0,0.0
2d286f77-c5f4-427a-ac8b-779bbd0158c5,0.0,0.0
2d3bf083-0a9e-4673-a972-4ed23e434859,0.0,0.0
2d4f6482-196f-45c3-8f91-8384e166fc7a,0.0,0.0
2d596a58-3457-47af-befe-5c7cc7e40474,0.0,0.0
2d7c9ff9-7137-4f8c-a3ac-a8227ba7cadb,0.0,0.0
2d871d1a-b74e-4735-b0dc-24a17fd52056,0.0,0.0
2d98bb6b-aab2-4854-8b55-b640254c93aa,0.0,0.0
2da487ca-3221-4404-992b-a3f095591e44,0.0,0.0
2db8e103-f71e-40d9-8c45-b3bb7795fb80,0.0,0.0
2df311bb-0865-4ec6-a31b-b84e6fdc543d,0.0,0.0
2e239e86-9672-47b4-8d89-99af5e2db87d,0.0,0.0
2e4dd3ec-42a6-4bd1-9437-125ca26ff158,0.0,0.0
2e4f5297-937f-4998-a5c4-37afa0182d9b,0.0,0.0
2e4ff682-eff2-4f2c-a069-b23289b31eaf,0.0,0.0
2e66a392-7c5a-4005-9500-0abc0f8b0b4b,0.0,0.0
2e928ab1-3a7c-4325-9e42-ebb7c7134e8b,0.0,0.0
2e957309-eb18-42fc-82ea-6a4e84f606ed,0.0,0.0
2eacd9c1-762c-421e-a594-52596bac3671,0.0,0.0
2ecf4d0a-5b61-4a88-8997-a70226aeb6cd,0.0,0.0
2ed91cdf-24dc-44ff-b75f-4e84e0074dc1,0.0,0.0
2eec144a-c5aa-4931-bf74-5d52a1e0d5fc,0.0,0.0
2eec3c63-7163-4d60-921e-1ad5c719ea73,0.0,0.0
2ef96ccf-7cc9-4a36-a948-cfd61a608d02,0.0,0.0
2f0f2bdf-ad23-4eda-9421-f2cdbb032698,0.0,0.0
2f5b96e5-1ec0-4fff-8365-d48f7ea51632,0.0,0.0
2f5ef84f-c2ed-42bf-b8d9-ec1b09f519b4,0.0,0.0
2f790789-ae27-452a-b0bf-f5ff7744419e,0.0,0.0
2f84d21f-2262-4756-845b-e0bc3dc3b8f5,0.0,0.0
2f920e88-25fc-4b2d-b841-438afd696b07,0.0,0.0
2f9a09bc-8970-49c0-8f03-5bcc93ec2005,0.0,0.0
2f9f59e9-8dc7-4ea8-9093-79fe464f6466,0.0,0.0
2fbeaa88-15ae-488f-b859-a0ee8fb82c51,0.0,0.0
2fd1cf1e-8798-4b5e-94f4-184cf6f43480,0.0,0.0
2fe893df-d61e-4566-9ece-64eb301678c0,0.0,0.0
30484030-9ac6-4778-a9ce-71dc40a2fb42,0.0,0.0
3097c495-c723-44b7-bcaf-7377a76fa167,0.0,0.0
30a14ef5-a750-4ae8-b7d1-ffbd2474e5ff,0.0,0.0
30a4339e-7e3c-4ab8-8a92-7d6cf2870460,0.0,0.0
30c505f5-ef61-4f97-a5e7-48989119e91b,0.0,0.0
30ccb84b-3d26-4561-90de-2a924dc00662,0.0,0.0
313b1bac-3169-4da7-8752-b5f001bbcef5,0.0,0.0
3141be7f-ad33-47f3-9170-654907156434,0.0,0.0
3146b87b-9607-44e7-8a54-bf2e267abb43,0.0,0.0
31513b28-0b0b-401c-a26f-620bedf08c2b,0.0,0.0
317833fd-14f4-4e87-a173-8cfa8f7222ce,0.0,0.0
31861a32-f2d9-4257-a620-a6cfa0e8e54d,0.0,0.0
31926d6f-d425-468a-8360-ed2d40030082,0.0,0.0
31a61d16-481a-4dbc-94a3-19b25cbce3cd,0.0,0.0
31b81396-40e3-4044-80f6-f89aefcd4ab0,0.0,0.0
31b9e68f-b0dd-46b6-b0d7-e4860e882fb9,0.0,0.0
31cf632c-753f-4665-a49c-1e5ac18b7433,0.0,0.0
31e3456d-8741-40fd-8fd0-5c4ad335af2d,0.0,0.0
320d9395-3d7d-451c-870e-199183c60f9c,0.0,0.0
3211509a-baec-46b6-ad73-73bd208a9520,0.0,0.0
322451fa-0955-4d9f-9c5d-e2f426d54a73,0.0,0.0
32523651-15a7-45d7-8b07-cc54ba53362d,0.0,0.0
3272e247-1d74-4993-a976-e249b8bdc7ca,0.0,0.0
328028c9-8025-4bb8-b1e0-5dd314cb79d9,0.0,0.0
32858537-66c1-44a5-99d9-7e1c8a1ab937,0.0,0.0
3299513d-e616-4a6d-a032-b8c63a9af5fb,0.0,0.0
32ae1f56-150d-4252-aa01-77657289cb5c,0.0,0.0
32bb9564-dafa-4dc3-8642-3b88e7add155,0.0,0.0
32cbd19b-8e04-4a10-87d8-a06acc4fca1a,0.0,0.0
32d8c970-529b-46ec-bee0-84746735593d,0.0,0.0
32f435de-3133-48db-9ce8-ee81084f3bfb,0.0,0.0
3317a918-231d-447d-9f10-ca9a13a14dd9,0.0,0.0
337aeaf1-f319-42f2-aa76-12cf3da97981,0.0,0.0
338ff9b3-d199-49cb-aee4-d835ddb6c791,0.0,0.0
3397b344-3e48-4525-9760-bd651d602c3f,0.0,0.0
33abd0a7-b0d7-4778-87d9-b7e4f9968184,0.0,0.0
33c0e9f1-060b-4776-bf99-71163636627b,0.0,0.0
33c11be3-db30-4e64-8849-76310bc79b79,0.0,0.0
33f0cfed-3791-4656-b920-f88fe90c555c,0.0,0.0
346079e8-056f-4497-90ce-8b948794c583,0.0,0.0
3479c2bc-7c57-4d4b-9671-8ce0f79905bf,0.0,0.0
349db56a-a67a-45e5-8ed4-5499ed4f33a1,0.0,0.0
34bd7dad-659d-42fc-b00d-04fb78ebd097,0.0,0.0
34d8acae-faa9-42ec-9a56-c298946668d0,0.0,0.0
34eb0d45-9887-4054-afaa-d1d5298b9f6e,0.0,0.0
35079d5e-07e4-432c-a055-ff8cd0b41728,0.0,0.0
35154f3d-7f26-43f8-972d-263ffb00fc0e,0.0,0.0
355339e5-5ef7-449b-851a-ac757502d1d8,0.0,0.0
355bfacf-c30e-4aad-8b45-57017d437546,0.0,0.0
35751de4-6cc3-48f4-8a2a-8988bb910652,0.0,0.0
359b8d39-6a6e-479b-a0e2-3e2e5e122411,0.0,0.0
35a0fd63-26c9-4ab0-8554-a8fec7231922,0.0,0.0
35a81824-9710-450b-8d0f-ea53fd371eeb,0.0,0.0
35ca2745-e204-4973-95c1-e57469a2bba3,0.0,0.0
35f35da3-aa79-43f1-a7f1-152a95734e01,0.0,0.0
35fb322b-bab8-4f44-9c5a-c00931a74eb6,0.0,0.0
362c6f7e-56e8-43d6-974b-39df49048750,0.0,0.0
3647b569-aa55-4b68-bc59-bcfd65fedf3c,0.0,0.0
364ca4fc-a700-4f1c-83cf-1daca7517fe8,0.0,0.0
365a4f92-7738-4d7c-9df5-c3af4455433a,0.0,0.0
365d24e2-1936-4290-93aa-4ee7d66bdab1,0.0,0.0
36811f16-17f3-4172-898b-8ffbee0c116b,0.0,0.0
3687ec5b-d149-41ab-b0c0-a172e1c44d80,0.0,0.0
36bc0536-f364-4937-91bc-69c0d3319e6b,0.0,0.0
36c84511-8fc9-4960-9507-dee8635c3d6c,0.0,0.0
36ddbdd6-c422-4b3f-af85-c1e921de8b66,0.0,0.0
36e5cc56-b38b-433d-a800-6e0ab8b199b6,0.0,0.0
3702266c-965d-44f0-b02f-bdc061f020fa,0.0,0.0
3739d0f6-820e-4ffa-aca2-1c579ef48786,0.0,0.0
37860c02-3e87-4baa-8c76-d08c026f4c6c,0.0,0.0
379df73e-77c5-44cc-910e-86f7e3e03d56,0.0,0.0
37a192a1-abe0-4cef-b1ef-673a364106af,0.0,0.0
37c0bb32-79a2-45af-86fb-ba76b6687da0,0.0,0.0
37ca104b-a623-4069-837b-a4f30c4eb05d,0.0,0.0
37d26bed-a122-48a8-be44-9f94023d45ec,0.0,0.0
37e25b43-7ccf-4d0c-9d56-f1cf71a60fa3,0.0,0.0
37e30b0b-bb89-4daf-bdfb-0f96a47b9aad,0.0,0.0
37f89904-d137-4862-9880-2bcfb4515beb,0.0,0.0
382a245a-0083-4c9e-b931-b51da5887df9,0.0,0.0
384f2df2-0974-4092-a2da-42d7750038b1,0.0,0.0
38504ab6-bf6c-4e5b-a375-dc1abb7f0693,0.0,0.0
38569261-e6e2-4a24-a928-d105813e8724,0.0,0.0
3893d1f0-19f3-4758-9deb-2321849278bb,0.0,0.0
38aca92c-afd2-4ad2-8eae-147068de8c6c,0.0,0.0
38d161d0-ccf1-4b74-8cc5-a1ae5b4cb49f,0.0,0.0
38ddbbbf-2728-485b-b4d6-682d143dde8c,0.0,0.0
38f7c5e2-d5b3-44d4-87b6-b4a12b2995ba,0.0,0.0
3905bc12-717e-4980-ae90-05ac9641004e,0.0,0.0
391a9272-551a-4961-b1e9-045fed341478,0.0,0.0
391c2e6d-cc3d-433f-845c-238edb46a287,0.0,0.0
39279358-615e-4b30-85d3-6baced7065d1,0.0,0.0
392b672f-8df6-4474-a762-1ae466e61681,0.0,0.0
392b6b18-1903-4e4a-a3a9-30c7171e6a31,0.0,0.0
3930b7f1-f7af-4f5d-9cb2-8154402a2f44,0.0,0.0
39558cb5-db7d-4240-8cb5-ced51378655e,0.0,0.0
395a1b37-85d4-4098-a172-64a0c8d7e40a,0.0,0.0
396c81fb-0ef3-42c5-afd6-a42361c8d5cf,0.0,0.0
398c6ab8-080b-4564-a186-35e28729a1b6,0.0,0.0
39c87d4b-6949-453d-9b2b-a8a73d1f9ce5,0.0,0.0
39c8a394-77b3-4c1d-b859-a3126b58abd6,0.0,0.0
39da9c56-af69-46d1-87bd-d0b772fa9259,0.0,0.0
39e29e2d-a312-471b-8029-1b3b7529ad99,0.0,0.0
3a29d2a1-b507-45c6-ac6b-2aafabc367aa,0.0,0.0
3a2aa148-ca43-40ee-84d3-f73d1083a546,0.0,0.0
3a3eefba-42fb-40e1-b3e0-6d9ae02319f4,0.0,0.0
3a45d25e-2b32-4df2-8bf1-ead559fedfe0,0.0,0.0
3a56009e-3e3c-4245-8a61-c7d928a4288e,0.0,0.0
3a735330-c841-475a-bc73-a3aa6ac1c08f,0.0,0.0
3a8e8320-8eaa-4aa0-9695-52e90669c954,0.0,0.0
3a907f71-a210-49d3-a9d6-c64978140c6a,0.0,0.0
3aa36818-eb02-4468-9c59-a7287dea36f1,0.0,0.0
3acaf896-1d77-4d26-9c9b-a9a120b4524e,0.0,0.0
3b01e7ac-1ee6-4e8d-956d-b034f6943c53,0.0,0.0
3b15afd1-39cf-4051-9c8b-77b28594d606,0.0,0.0
3b243251-9419-4faf-b95c-f63a9bf88168,0.0,0.0
3b39aef2-e61a-44e8-a641-387a746ae4b5,0.0,0.0
3b40c390-c5be-406a-97cc-d018ab4c4842,0.0,0.0
3b4de1d5-8ea8-4820-97b8-dd735d48fc73,0.0,0.0
3b5342ce-a5ee-454d-99d4-9d36184fd6cd,0.0,0.0
3b6acb16-1cae-40d6-a6eb-a97b4da0b1a1,0.0,0.0
3b7762f6-a897-4f57-9d55-86e9a9066b52,0.0,0.0
3b8712bd-63d5-4715-9763-b13151a1dcfd,0.0,0.0
3b8a3eb2-ccef-4260-a83e-e393bc18e0a2,0.0,0.0
3bbcde7b-5054-4063-9748-2dae09a127a9,0.0,0.0
3bcad5fc-ed5f-4017-ad11-6205ef4e8ec7,0.0,0.0
3bea68b7-9876-4b9f-8c03-93655f9d5eb9,0.0,0.0
3c0f2c68-4d05-4c25-8238-f0d8415770f9,0.0,0.0
3c188609-3506-491b-9b38-be3faa723080,0.0,0.0
3c2d3e93-6d8d-4e68-85a0-40653730844d,0.0,0.0
3c4581ec-08ac-4d28-8774-1880b3962fcc,0.0,0.0
3c5e9698-7bed-4da3-b4a6-7c6723143807,0.0,0.0
3c75cee6-8f50-4605-a9cf-3ee920b7be9c,0.0,0.0
3c937d1c-f346-4877-8202-7ee57f687c9f,0.0,0.0
3cddb086-8868-4a03-97cc-94def94319be,0.0,0.0
3cf6c3b7-0711-41b7-afca-082728a020c2,0.0,0.0
3d11ff52-cd6c-4786-b980-0255f535650b,0.0,0.0
3d4cf3a3-8e70-4377-a41f-75d6372f3a1a,0.0,0.0
3d4d2ced-f1ea-4dcf-ae72-ee21e90edeed,0.0,0.0
3d558efe-9305-4c9b-afef-6dc572c770fa,0.0,0.0
3d72b3ae-4eea-4ae7-b51d-637acfdaf9d4,0.0,0.0
3d7d1aaf-8f65-4200-a59f-e27929d344df,0.0,0.0
3de3755d-0cce-428c-9a50-e0b91b1f3a17,0.0,0.0
3e11cd37-b017-476d-8890-e4a852494ba0,0.0,0.0
3e1ba2db-1862-4ab1-87ec-e8658257fe7e,0.0,0.0
3e214a0d-0f1e-4783-b9e1-d1adcb9374f6,0.0,0.0
3e261183-8ed3-48b0-99b2-dd3829741fda,0.0,0.0
3e54b95a-6188-4ee6-a62d-e6d1d1fe2246,0.0,0.0
3e57865f-ccdf-44c8-90a5-bb1b4ad99f5b,0.0,0.0
3eb05be9-9994-4d66-a989-6562fd80a751,0.0,0.0
3ebb6a0d-c053-481a-849b-79971836b978,0.0,0.0
3ebc74a1-e699-4bbe-be88-c2d543f86e30,0.0,0.0
3eca72ef-bba8-4ae9-b065-699b4c4219f6,0.0,0.0
3ee10f36-5cb6-4d0e-ab58-1b7e7ff66d02,0.0,0.0
3f0f5351-9678-4199-8614-9900fc743e06,0.0,0.0
3f1e5723-89c5-4806-87f7-ac9438355f87,0.0,0.0
3f2533ed-07fe-4b59-9822-bd6ef49ccef7,0.0,0.0
3f37e586-092c-472d-add1-b0010d5e390a,0.0,0.0
3f4cd487-c754-4cb8-9f8e-55c387f956fc,0.0,0.0
3faaf360-4240-40f8-aea9-89da61b0dedf,0.0,0.0
3fb1748d-60e5-444b-87f8-76f50bac3867,0.0,0.0
3fb98b17-d88f-440f-bfe1-e324001dcdb0,0.0,0.0
3fba9c6b-b432-4157-8582-6dcc46fb5c1e,0.0,0.0
3fdd0019-9c3e-49bb-b437-c173bb55cdc5,0.0,0.0
3fde6156-fc10-4afc-942d-94e04433fbbc,0.0,0.0
3fe76559-1ee1-4aea-94ad-e26c1e11493d,0.0,0.0
400b9112-7472-4e23-96cd-dfe9c08856bd,0.0,0.0
401b4574-8d50-4ac4-9cea-ca07a0eac8c9,0.0,0.0
402b5d47-7133-47ad-8b00-f8820307f867,0.0,0.0
403baa11-d05d-4691-a0ec-e56e5750cc35,0.0,0.0
407257aa-acca-4979-bb64-7162be384d9a,0.0,0.0
408d719e-ffa2-410e-a8e1-65a57fb0a08d,0.0,0.0
40af8a96-244a-4979-a8a7-e71dd550d860,0.0,0.0
40b52b3b-2b80-4a2d-9b30-d5437cc7691c,0.0,0.0
40c85325-46e4-4419-bfac-6486c2a110fe,0.0,0.0
40cb5776-c451-4cd8-ac64-dda48a28aea0,0.0,0.0
410ecc28-40fd-4053-a531-53d69aca5fcd,0.0,0.0
41108536-beb0-4a36-aee9-ddbe1b2f963a,0.0,0.0
41222248-f29f-4bbf-870d-3f9bcd6b78dd,0.0,0.0
4131dee9-739e-49a6-90f3-cd4ee7a0ed3c,0.0,0.0
41482191-96b5-4630-bd01-a910dd4cbebc,0.0,0.0
416231f8-0363-45a5-ba42-4a794c77f298,0.0,0.0
41861ffa-0d85-4d8b-91b1-7d367518dabb,0.0,0.0
41a5e619-0ed5-48f4-b10e-3c75d2f40dd7,0.0,0.0
41bf7a5a-d329-462f-a707-fbfd1103a791,0.0,0.0
41cf5bf8-3816-4843-aa76-842c0e76cc9f,0.0,0.0
41ddafea-c531-4594-bfe5-5b414b1f58fd,0.0,0.0
4216cb7a-970c-4c1a-bf8f-c0b88d03cd26,0.0,0.0
42a15c7f-7d03-43ef-8553-d4ba690c9332,0.0,0.0
42b005f4-64e3-43db-bad2-bdfcd4c2b591,0.0,0.0
42bf69d0-3028-4402-8e1f-8ce6ca830254,0.0,0.0
42d05952-3661-43ac-8013-2c8bc3533c61,0.0,0.0
42e52562-9098-485e-9e8a-adbd78c128a3,0.0,0.0
4309985f-d7cc-4b2a-9632-986687e75693,0.0,0.0
43302b53-91db-4a89-8a2b-23463104a202,0.0,0.0
4345ed5e-7d80-4ecb-9547-40af176dbe89,0.0,0.0
437bb1d7-5bdf-40d2-83d4-16b82a115ea5,0.0,0.0
4398def3-2392-4a30-913d-19995027e167,0.0,0.0
43a50142-b328-4d16-a609-854e123cbac1,0.0,0.0
43ad4aec-a873-4fa5-b18c-1e319bdcf1c0,0.0,0.0
43bc9d56-b56a-4b21-806b-f36179db2927,0.0,0.0
43bda53e-1afb-4374-bf26-cc0cf6c860b8,0.0,0.0
43d22d34-239b-4115-ac5c-c0da38c6de87,0.0,0.0
43ddc3c7-baf3-4d2a-b56f-82b323263aa7,0.0,0.0
440285bb-5be8-4b7b-a212-e874a20dcc46,0.0,0.0
440de0a0-1d5b-4c96-82cf-57018cdc5187,0.0,0.0
44300fff-c91a-4c46-83ff-c8c0eab51d1b,0.0,0.0
4469ffeb-55ee-4362-875b-724968548c30,0.0,0.0
44749a5e-6f87-4c91-bf3b-34d47ffd9ce2,0.0,0.0
448f1c7b-91f9-439f-829f-99c52f8152d3,0.0,0.0
44f60e1f-b768-43b7-ba79-6b66246f51c6,0.0,0.0
4500875f-6a63-4e8c-a805-7e683f272644,0.0,0.0
4537573e-8202-4f79-b697-4e29a326bcfd,0.0,0.0
459eb895-78f5-47bd-b7c8-38cad3b5480c,0.0,0.0
45a41a1c-a46e-4661-9bd8-d98e9da05527,0.0,0.0
45d4d3e8-ae98-434f-a8ae-8c7574cd352d,0.0,0.0
45d7339b-f718-48ba-9dcc-865f8693fc00,0.0,0.0
4639b037-d05c-4987-bb0e-eb7c07d32adf,0.0,0.0
46490c60-a051-4b6a-8804-c419e6c4c923,0.0,0.0
4652fb85-888d-4820-b5d6-543c9583423c,0.0,0.0
465ed1d2-9258-42b9-9998-e695a85e3ea7,0.0,0.0
466b935a-bb90-4c8e-9150-cc4175559290,0.0,0.0
4671d449-8128-4027-bddb-50c75cfde8dd,0.0,0.0
467885ea-a3b5-441a-bc8c-966e2395ded0,0.0,0.0
46b2cb1b-2da1-476f-afce-c49bbd7cff2e,0.0,0.0
46b46a14-5804-4ce6-8d80-c30be70c163f,0.0,0.0
46b86526-bafd-4b95-a784-bea09de2343d,0.0,0.0
46db6f42-f354-4deb-b061-dd2093b1af8b,0.0,0.0
470a03c4-54de-4d86-b0a3-c89b169861e3,0.0,0.0
470e23e8-0205-461d-87eb-4c85817f09a6,0.0,0.0
473e0aea-d897-4eed-bf8a-dbd679739210,0.0,0.0
4765b424-c44f-4479-b2e4-8dd2f9b323d8,0.0,0.0
476694df-546f-4fc8-a56b-ee2649449414,0.0,0.0
477ae161-65d3-4443-830e-e764acb483f8,0.0,0.0
47a17135-36ca-4ef7-889e-3d99f87da8da,0.0,0.0
47a7992b-b409-4b03-bf8b-ea8bde419fe5,0.0,0.0
47a864e4-0e44-49bb-a47d-70f258e8ff48,0.0,0.0
47ac8ad4-97ef-4573-a783-17ec5f62c522,0.0,0.0
47b710cc-1cea-4b0d-85df-fb4126df18e1,0.0,0.0
47be557e-0208-4fd5-9867-157bca03d631,0.0,0.0
47bfb161-e869-4364-92ac-a1a9fb88835f,0.0,0.0
47c5c9c7-28ac-48ea-aa66-eea22b85298c,0.0,0.0
47cc53f5-a657-4bd4-ae0c-43c7a526a832,0.0,0.0
47e725d1-26bf-4b3e-8252-c76bca05fb82,0.0,0.0
482169a1-5421-4ec6-8b38-0b9f21a02c55,0.0,0.0
484991b6-a3bd-4317-8197-29e6d85b7ed3,0.0,0.0
4852abf7-8150-4d81-81c3-4c4db593d4f4,0.0,0.0
4866cee3-efa3-43ab-a556-fdffe0d5a195,0.0,0.0
4874465b-9613-4921-ac29-376db18fa6bd,0.0,0.0
48779d41-6682-4c5e-8f66-0e04d16b6321,0.0,0.0
487ac899-d763-450f-853d-8f8f47e945a6,0.0,0.0
48a7d451-c37f-4256-9852-074acf7603ca,0.0,0.0
48b31a9f-2462-48f7-bf91-3140e9fa6536,0.0,0.0
48c2f769-df63-4e7a-9fdd-98bfc23b7847,0.0,0.0
48cb9055-d7be-459f-9e3b-d071a8d17af2,0.0,0.0
48fcdb04-0ac7-4764-87cf-a70cc271ebd9,0.0,0.0
49119804-449c-4d9f-9278-fcc2f4e50e03,0.0,0.0
495b421e-f6ae-4aba-8846-732210c9583c,0.0,0.0
49785e1e-1b52-4215-bdce-66664e518a31,0.0,0.0
49838fac-0b42-4322-a5f8-a76e7344537b,0.0,0.0
498919b4-ea58-4be5-bb75-be67840dc5fa,0.0,0.0
49910b9d-adb5-404a-97d1-949aaad2961e,0.0,0.0
499ac0b2-5e6e-454c-9451-2392f768283d,0.0,0.0
49b60b66-ee64-4cc7-ba55-037967d1fa81,0.0,0.0
49b78e0d-5d96-4deb-bcda-7369fcd396e9,0.0,0.0
49ed197e-b627-4449-9bf4-988728557cda,0.0,0.0
49f24a8f-02a7-4c96-a76c-7d90efe68915,0.0,0.0
4a2858cd-3202-47ab-b82a-64aa353cb5ab,0.0,0.0
4a30c32d-9e12-4587-ac17-0ba5f29d4535,0.0,0.0
4a34759d-fb44-4d78-b7f5-193c2c46af3b,0.0,0.0
4a7916c2-0c94-4f82-b74f-3fab2b2293e0,0.0,0.0
4a7e860c-acd0-486b-8864-9687b69fbd20,0.0,0.0
4a9470ec-4c62-4fd6-85b3-acfe22ced09b,0.0,0.0
4a991c34-077e-47d5-aed2-d15a477516e2,0.0,0.0
4a9a92c0-26c9-4414-8ae4-5c1d92710c8f,0.0,0.0
4ab074c2-b612-486e-b648-678d59c8be45,0.0,0.0
4ab927d7-4469-42c9-964c-22584897b30c,0.0,0.0
4ade5b7d-9f43-4ada-8ad8-d70f84c3a3c9,0.0,0.0
4ae0d6e0-8c1c-40a9-90e2-a218c5280bcb,0.0,0.0
4ae85e42-3272-4d6d-95b5-d5305867467e,0.0,0.0
4aedbbbf-afa1-4a1a-b1e2-f96bae12e8c7,0.0,0.0
4b15b3d5-c13f-4ecc-bf89-19a06401ebfe,0.0,0.0
4b258a8d-411d-40e6-96d0-c4f87d67e080,0.0,0.0
4b70b3f6-df4a-4a50-9007-f2f58a3cee53,0.0,0.0
4b82b1bd-2ad7-4238-86a5-5187c194b46c,0.0,0.0
4bccbc5f-0f7e-458c-9ecc-625c30383fc9,0.0,0.0
4bd8adba-f792-4601-90ae-1d9745fc7658,0.0,0.0
4c393a2d-1dce-4031-91f0-e76950c22c4c,0.0,0.0
4c4dacfd-6bb8-4435-8472-d696182c7906,0.0,0.0
4c4e844f-75cb-4fb6-983a-11f12c2c6a26,0.0,0.0
4c51aefd-5b05-4c8c-8f78-54425be309d8,0.0,0.0
4c53660f-1f42-42c7-9460-a49d4e3c36de,0.0,0.0
4c709492-34eb-4a9a-aefd-e468ea665ac2,0.0,0.0
4c70be78-7449-4dfd-9f6f-e7f5277751f4,0.0,0.0
4c8a6d15-995e-4954-94b6-2ad205d475fd,0.0,0.0
4c8bc1e4-c4dc-46c3-8d20-287ad13c5fde,0.0,0.0
4cbeb90e-6977-4841-a70b-c02932eebb38,0.0,0.0
4cc10642-c3f0-42f9-80a3-e75d7f9f206a,0.0,0.0
4cd44421-d128-403e-b017-59d41a4312f0,0.0,0.0
4ce3e095-6213-431d-b300-ae2e6cf4a8a4,0.0,0.0
4cec75eb-bcaa-484b-b763-1521a2d220ab,0.0,0.0
4d43c3e2-6bd5-4f33-ad7d-02b07e967118,0.0,0.0
4ddb8a05-a84b-431d-9199-8b8fe507ea47,0.0,0.0
4dee9f9e-341f-4ea6-8ec1-0e848b039a36,0.0,0.0
4e25d1ff-e926-47aa-aeaa-1a719fcc87ca,0.0,0.0
4e25e4c3-78f9-4078-94a8-5e0521ef72bc,0.0,0.0
4e55d371-60e9-45bf-afa3-e4699afa0498,0.0,0.0
4e95fd51-6d97-4e8f-91d8-223470f98a51,0.0,0.0
4e99fa9a-eb29-4739-9c7d-9b24b162c7c4,0.0,0.0
4e9b2dfa-c203-4ba2-b6a9-bb241670d8e9,0.0,0.0
4ecbc34b-9c08-4043-82ac-6f9a7cecd9a3,0.0,0.0
4ece250a-2c2c-4d2a-ad35-bf4e7fe2fb73,0.0,0.0
4ed916fc-0bae-4047-a79e-9f08ebb12ef9,0.0,0.0
4f2bc9a7-f6f4-4c4a-9354-d4ec83e95b88,0.0,0.0
4f34adaa-0547-4d6a-966b-d96b5e662ca4,0.0,0.0
4f71c7c5-bf3c-48d7-97c7-7e59f1250665,0.0,0.0
4f8478ff-2aa8-4f27-b948-e26d95f781c5,0.0,0.0
4f94fda8-d03a-4bf3-b35d-8412319b57ba,0.0,0.0
4fc6e14f-679f-4437-99d3-4939befbe61c,0.0,0.0
4fd2c454-b363-43f5-88cc-60425eb65546,0.0,0.0
4fd841ac-e578-44ef-82c3-4a157cc7f382,0.0,0.0
50163717-af1f-4e2d-af65-67e0ca20ccb9,0.0,0.0
5022c4e6-aad9-49b0-9ad3-15f4159dafda,0.0,0.0
502dc50c-6a35-409f-9ff5-32bd3bf3b7cf,0.0,0.0
5033fafa-cc7e-404d-b16f-135ee3ea7fcd,0.0,0.0
5041b60c-23b2-499e-8b55-8a1dc794d2e0,0.0,0.0
50432700-8b92-4b21-80d0-3a06d8cf9373,0.0,0.0
50984b1c-f6bc-4a45-916d-56390dac6a3a,0.0,0.0
50a55028-67d4-4bc6-a9cd-78391ddb39e3,0.0,0.0
50c318e9-534c-4ed9-9406-bed7d9df3803,0.0,0.0
50d59b15-8756-411b-a69f-375355430559,0.0,0.0
50dcbe57-fc77-4257-be22-6a76646e8602,0.0,0.0
5106b791-beb9-4345-9b61-9ba6234c8e6b,0.0,0.0
511d472d-29d7-440e-bcc1-2739740e2bf4,0.0,0.0
51265d9c-8d5d-40d8-98a1-8f3504d9643d,0.0,0.0
513806da-8a48-4de9-a7ba-102f88cde8ce,0.0,0.0
514878c6-3d2a-439b-b281-8941074d2aee,0.0,0.0
516fdfd5-6b09-418a-8ed6-8d6aff8c6715,0.0,0.0
518ccbe4-e1e8-43d1-8312-8cffa9543cb8,0.0,0.0
518d2ed7-dbab-4f9a-b899-65f4bcc211b9,0.0,0.0
51d3dc91-2331-4e5e-8f36-88e643517764,0.0,0.0
51fe8cb4-a08b-40ce-a786-2c43d6a0be78,0.0,0.0
52135cfd-dcc7-4377-a963-578436f658fc,0.0,0.0
524c6504-92ea-4adc-8fb4-6828f9e7c6f3,0.0,0.0
528aa854-75a4-4b91-bbbc-6e7db0e60f68,0.0,0.0
5292bfaf-eb2b-49b8-b226-e252a5b3a885,0.0,0.0
529eee34-bda8-4be3-8fda-f39575645e79,0.0,0.0
52b05bb8-99e6-43b7-8613-4610abc68893,0.0,0.0
52c59b7f-2553-4be8-820e-5671dab96c5c,0.0,0.0
52d49482-2be1-4886-9ab8-07a7ed86f63a,0.0,0.0
52dda32b-3058-4f07-a27e-fce2c29bbc7c,0.0,0.0
52f40ad1-5a41-4393-b261-d9a3722c2bfb,0.0,0.0
53232f44-74f4-4b1b-b0c6-386ce6402d57,0.0,0.0
533cdc81-2c47-4b5a-9e2e-5889de835259,0.0,0.0
536f3093-ec1f-4411-9fe6-ca5669f393e4,0.0,0.0
53806e0d-ca21-4807-b3bc-ee77aa31587f,0.0,0.0
5388590c-a37d-45b6-b5a5-6d05e6850c5c,0.0,0.0
53904070-bd50-4adc-bad9-a8c157432fa1,0.0,0.0
53a4aeb7-13a5-4896-b25f-fc7e9a741655,0.0,0.0
53e05b6d-a830-4ee0-9895-175db8704760,0.0,0.0
53f88416-b99b-4313-8ab7-cce92a9e7593,0.0,0.0
53fee3a2-655f-4961-a510-04994e04ebd1,0.0,0.0
5423c487-b75d-43b7-9553-bbbce61194c9,0.0,0.0
542460e9-e584-45da-8c00-24aa02620623,0.0,0.0
5433cfd2-f204-4de8-84be-3d4ca31b3ec9,0.0,0.0
543bd437-6d18-4c15-b789-d2aa51331965,0.0,0.0
5452f931-3024-4caa-9faa-2434deb4f5a2,0.0,0.0
5459f3ab-566c-4880-acaa-a1fd6240d6b1,0.0,0.0
545cac47-9264-4623-9248-993c040429d1,0.0,0.0
54752aca-02e8-42ce-9ad4-ae5167245d5b,0.0,0.0
547b9c16-104a-4f31-8236-f0b6d687cfd5,0.0,0.0
5483d043-ad94-4598-96df-b7242fbf46bf,0.0,0.0
548ed626-06c4-4cb7-ae93-fcf9ccd07920,0.0,0.0
54b75fd2-74b2-4cbe-9000-30214c0d7d95,0.0,0.0
54c53a5c-46ba-43e6-bec3-25ff4ea5259d,0.0,0.0
54d47751-1be1-4835-8d65-5ebfadc77ce0,0.0,0.0
54e3e46e-2c08-4a46-b3a3-eeb3075c9ea5,0.0,0.0
5509d161-1c08-4935-9097-b7397faa9cfe,0.0,0.0
5510eb03-e32a-44a7-8936-159ae8b1964b,0.0,0.0
551cc2a5-7dbb-4e19-a4f1-964a5809fa50,0.0,0.0
5526a552-937a-4c39-8f6b-ba1e283610bb,0.0,0.0
5534252d-81c8-42fc-88d2-24f609c1b183,0.0,0.0
55a097df-4a74-4589-99fa-24460e0e219e,0.0,0.0
55a88010-3ec3-4ab3-9b9d-6c2484310cfa,0.0,0.0
55a944cb-7303-497a-847a-6f2822d0f749,0.0,0.0
55b971a8-e4f5-40e2-b325-65ea2b61104e,0.0,0.0
5610c36c-a30a-4d4a-bc8c-e571283fea84,0.0,0.0
56244cbc-051f-4eb0-ab59-29370ac44f17,0.0,0.0
564c03f7-fa3a-4f2d-b6fa-4e27a2b3d5a6,0.0,0.0
566b7c24-0d0c-40ef-85e5-462ec81ab465,0.0,0.0
56869157-e876-4c7f-a7e7-51dc6815c21d,0.0,0.0
569e5b69-dd87-40a9-9512-de1d50ef084a,0.0,0.0
56a9bfa1-b72d-41a4-9269-78a8b0807c91,0.0,0.0
56c8dfbb-5b5f-4e08-979f-72ec881fcbbb,0.0,0.0
56cdea6b-6fd6-4aa4-a615-b6989402b4e0,0.0,0.0
56d67f30-a801-44a6-91c5-32805d18b6dc,0.0,0.0
56db5d64-13ce-413f-8122-14f68f262dd1,0.0,0.0
570b7560-6a83-44e4-bef9-cce5e1defda5,0.0,0.0
570df38b-ba2d-4265-91d9-76bfbddf3e9f,0.0,0.0
57154d3f-bb48-471a-8c7b-f8c0b158b8e3,0.0,0.0
5718ee07-5956-4487-839b-68e519c89407,0.0,0.0
57836357-e151-40b3-a75e-ce68880096eb,0.0,0.0
57ac6907-b226-4bda-bdb2-cef5c9238cba,0.0,0.0
57ace6df-e3b9-443b-9582-631701bd6583,0.0,0.0
57b649bd-4323-430d-9b58-0c1a82647fc0,0.0,0.0
57d57c4c-0d0c-4b29-b39b-601da3ce505b,0.0,0.0
57e1dd1b-1168-4533-bf1e-6ba0795cea9a,0.0,0.0
57faa7d4-bf6e-41c4-a028-703d2bb89762,0.0,0.0
5816f8ce-9688-48e5-816b-aca110f1dfa2,0.0,0.0
583da114-d16c-4392-8909-ed7fca456b2f,0.0,0.0
58428ba8-e03e-42a1-bf34-9555f9d94d07,0.0,0.0
586f7d61-431a-4411-98ab-e557b0835c9f,0.0,0.0
589492b6-88ba-4138-b972-b5903e5d953c,0.0,0.0
58b3e132-02e1-430b-aee1-61a6659741a6,0.0,0.0
58bbc7de-231c-46ba-addd-0e23419c3eb8,0.0,0.0
58e717cf-72f9-410d-abfc-380f07c3b90d,0.0,0.0
590a856d-8e29-418b-bf39-758672e4df95,0.0,0.0
591b7a1f-a586-4d63-b6db-31770110a51d,0.0,0.0
593dcc57-6dce-46c1-aec5-acbcb33c2890,0.0,0.0
594c1437-1146-4843-8486-6ca8864a278a,0.0,0.0
59731dde-41a2-4514-9341-898893a6d82b,0.0,0.0
59879580-0621-4754-9cf0-cef9f8a6b28c,0.0,0.0
5999a238-391a-4a02-92b7-c881d7c403d5,0.0,0.0
599a4f4d-5c59-44ee-aecc-85103091d624,0.0,0.0
599d4347-8630-48f9-a0cc-e62e28bc89e3,0.0,0.0
59bde0a6-dbeb-41aa-8716-4035cce880a9,0.0,0.0
59c1c5eb-1b5f-4ad7-a41b-5fa710374ba0,0.0,0.0
5a0c872b-d6b2-4f41-bd98-9693226afec6,0.0,0.0
5a2042e2-fde3-464e-a518-1a66fc3d546a,0.0,0.0
5a408d1d-fb19-4a6f-be6e-be0d7fb093c5,0.0,0.0
5a5c1fbf-4517-4aad-8919-9988b3b79e79,0.0,0.0
5a7106e7-1de1-4240-832c-010ddc78db72,0.0,0.0
5a9c64a4-262e-4e1e-9ab7-fa510942c472,0.0,0.0
5aa02736-6390-4803-9d85-fc17452671c0,0.0,0.0
5ac211d5-89ce-41e5-b140-9ddbc89045a4,0.0,0.0
5acf8c95-da79-4797-91d4-c6b33c0af797,0.0,0.0
5ad7e96c-ffd0-44b4-b49f-17d310e73ed6,0.0,0.0
5aeeb8e2-b324-4d19-9321-8f55b258646f,0.0,0.0
5b32657a-0c5a-42e5-8e11-bfb7cc0ac260,0.0,0.0
5b40c65d-892c-48e5-8105-236e15238cee,0.0,0.0
5b495dc5-3100-4c34-99fc-bcda61e65835,0.0,0.0
5b538643-9f0f-4b5f-8d70-0a8e0b30d4ff,0.0,0.0
5b60eb5c-b5c4-4044-9142-7afdf19c20bb,0.0,0.0
5b948c39-8a09-479f-ac06-bceb0ca13dd1,0.0,0.0
5ba0feae-0093-4f13-bb8d-0af5be3c7bca,0.0,0.0
5baaebdd-52c7-4e11-9563-9d3423315bde,0.0,0.0
5bbded2a-a096-4bcf-bee7-86c02cadbea8,0.0,0.0
5be5c03a-1e30-46a7-a48c-7e67452b25e2,0.0,0.0
5c53dd14-a200-4f33-845b-8d92505b7cbc,0.0,0.0
5c87cc93-1e5f-474d-9794-9d85bf293d01,0.0,0.0
5c96f969-cc29-4448-84eb-64e1f79588e8,0.0,0.0
5cd3a595-50c6-43a7-a808-8dc8e206fce1,0.0,0.0
5cf530d4-2c36-475e-9d00-62150f042556,0.0,0.0
5d16f90a-ca14-412b-acdf-9234556a35a2,0.0,0.0
5d1ae5d8-6478-4183-93a4-2ef1d949b22c,0.0,0.0
5d370466-b4f4-4dd1-99cf-fa997d478027,0.0,0.0
5db26fef-e605-4bef-bc54-7b6a93ee2767,0.0,0.0
5db9bf0a-3c90-4b70-872d-5d78478a6eb8,0.0,0.0
5dc33882-3dc3-4a69-8ab1-b563dc289c56,0.0,0.0
5ddc5b74-16e4-4ff7-b918-7780e1523800,0.0,0.0
5e0538db-d14a-4b16-a682-205eaeae0e42,0.0,0.0
5e256bf6-2a35-411a-8fea-03a33d54afbe,0.0,0.0
5e2eb854-12ce-40eb-83d1-aec82cfcbd20,0.0,0.0
5e35d719-71de-4e31-acb3-db6e2cb17dca,0.0,0.0
5e8aa9a4-b1cd-480d-8bf5-b964864b8fcd,0.0,0.0
5e8c9776-068d-4b6b-928f-c4344c8b1c44,0.0,0.0
5e973ffe-e2b4-4d7b-b793-cf721a680c8a,0.0,0.0
5e9fc116-67b7-4411-b3ad-9c58cff96f52,0.0,0.0
5eaf9175-f701-44b0-9c70-ea0b6c46f4ec,0.0,0.0
5ee24550-167e-4ca6-8469-d075ca693a66,0.0,0.0
5ee53e36-ab6c-4811-93f0-dc31e3cd9237,0.0,0.0
5eefcc2e-9afc-4fe2-abce-a3e76250cd7c,0.0,0.0
5ef27c2f-99d9-4268-9237-30422c1edf90,0.0,0.0
5f03fd66-55e6-4f34-a21c-ff6a5ccd8016,0.0,0.0
5f0b2d25-1c35-4117-bcfc-9ed94e6864ed,0.0,0.0
5f473d67-7f35-4a8c-868f-da5d78321f2b,0.0,0.0
5f606c59-1289-47f1-877b-71c1466a0971,0.0,0.0
5f909995-925f-46e3-8954-e54aaffe7b07,0.0,0.0
5f9a427a-9b6c-4b0e-9204-f7a92608399d,0.0,0.0
5fa4b367-6a5f-4bac-8217-8911d45477a5,0.0,0.0
5fb0b20f-1340-401a-8b05-2ccd700966ad,0.0,0.0
5ff5f7e1-5581-4b67-afda-b61d2dc579b8,0.0,0.0
60594ae7-1259-4bab-819f-829adf5a3fdb,0.0,0.0
60858429-6cb9-4122-92fe-0c65f3b5f647,0.0,0.0
60a096e7-82d5-447b-afef-c5d3beae1418,0.0,0.0
60a7a815-9ebe-4ac8-8e39-999fd8b13dfb,0.0,0.0
60bc9c87-e25c-44e7-b060-be22c3954fbe,0.0,0.0
60e892da-50b3-444d-b0f4-6defd8ad74e2,0.0,0.0
60f48c4b-78af-4abe-bf35-6e020901c597,0.0,0.0
60febd27-0f44-4608-9a36-c70d36a53057,0.0,0.0
61078c4e-628b-452f-a9b5-cb0df32e6cc4,0.0,0.0
6116cc53-a66e-4961-a434-a4e2448fe4e0,0.0,0.0
614af867-7623-445d-9922-de47002ff2a0,0.0,0.0
6155070b-00cf-4d4b-81c6-71b5d441e51c,0.0,0.0
61784818-60d2-4041-9767-b0b4dd7dd1db,0.0,0.0
617d728f-ff70-4272-9976-1fa14e68cb00,0.0,0.0
61858c46-d210-44e9-a5ca-50dac5262388,0.0,0.0
6193a48e-944f-4e87-adee-86a7474bc458,0.0,0.0
61c74a75-aaa2-495e-b507-7de1d366f435,0.0,0.0
61c877da-7082-40e9-a3a6-ca0548796ad1,0.0,0.0
61e662e7-5f31-4ece-8a8a-62c8dad6224d,0.0,0.0
620399db-3037-457c-9aee-2be30f928be1,0.0,0.0
624e0ed7-c1e9-46c7-8248-017927c71a65,0.0,0.0
6278dcbe-cdcc-45e2-ba68-2ff4fcf88029,0.0,0.0
62824120-28fd-40b5-8019-7b832e4cfec5,0.0,0.0
6287f1f0-5243-474b-82b0-5bd9f9eae83c,0.0,0.0
629e076c-b9b1-4716-8e60-a225668de40f,0.0,0.0
62e0c321-35ae-42ad-8974-8f640ab2b802,0.0,0.0
63311770-76bd-486d-9cd0-0b3133960a68,0.0,0.0
63347f1f-e8dc-4144-9df8-169d4fc40ab2,0.0,0.0
63694a39-8c93-468b-b79b-847bfe0df4d5,0.0,0.0
636bf9e0-8c79-4fa6-b869-cd756aa4bc98,0.0,0.0
638bd357-0cf6-4520-a9c7-e1876b1c49bb,0.0,0.0
63a553a0-e93d-4832-aec1-3fb2b2063eb8,0.0,0.0
63b1ce6c-386a-45b0-841d-fae5068083ae,0.0,0.0
63e4132a-3787-4b80-a7d1-b9fe17b04c2b,0.0,0.0
63e9f042-b51a-4d50-9771-bdb792e29922,0.0,0.0
63eb2acf-2469-49f3-9bea-95309a959c55,0.0,0.0
63efdc7b-e380-4c14-8517-2f15e49f39e0,0.0,0.0
63f88b08-e1e5-42dd-bbe3-0f3ff9db0ac4,0.0,0.0
642dbaa5-8f94-4bcd-a829-0f72c39b38c8,0.0,0.0
64402f42-4f5d-40c3-a432-7d19a19110a7,0.0,0.0
646c0f1c-284b-44ec-a101-932e80680578,0.0,0.0
6475281e-a882-4919-8113-336d329b5275,0.0,0.0
6491a565-43ca-48bb-aed3-186469d7f730,0.0,0.0
6491ca35-0b20-4d30-93b6-6a8c4b461092,0.0,0.0
64a2e222-6ef1-497a-bfae-157136ba434a,0.0,0.0
64a95b82-f763-4605-9cc4-44149547f093,0.0,0.0
64c70dd9-eeb8-4ee2-9761-4f1a29398250,0.0,0.0
64d4151e-798a-45bb-b334-f7b5844b8396,0.0,0.0
64d72639-1fc8-4821-8083-c522fc759b0a,0.0,0.0
64de1a22-b288-4fbc-8ba4-300d0f1e1b92,0.0,0.0
65060749-aa85-40f7-9aad-1acc79c941fd,0.0,0.0
6513add6-e6ac-44a5-b79a-a7e68fa72d8c,0.0,0.0
6515a0e7-360d-44f6-9ec1-518e3af38ce2,0.0,0.0
6518e890-6fea-4d85-8ed5-bc209a96d6de,0.0,0.0
655990e2-90e6-4f3f-ba38-a1dde5221a23,0.0,0.0
655befd1-a79e-4002-bcbb-90b2eec07a46,0.0,0.0
6565d813-d526-400b-b49c-9af36bd278c9,0.0,0.0
65879a2e-0e93-480e-b988-4e559a9cbce4,0.0,0.0
65987b22-a0a9-40c7-9485-2a6fb15f4d7e,0.0,0.0
65b9d257-80b8-407e-9dc1-5a9a925cb13b,0.0,0.0
65baa56e-2e67-4c3e-bbfe-ade77e0446ab,0.0,0.0
6604079d-e64c-4763-bf01-9b2cf148b897,0.0,0.0
6638fe9f-bd8b-44e1-89ef-4bf76e2d76e1,0.0,0.0
666e6526-702f-4185-ab2d-a0005c9d78b7,0.0,0.0
6678c840-b772-40cc-b0a1-7e4a5d4117cc,0.0,0.0
66b5b076-e479-40dc-8768-00d64dc2da0a,0.0,0.0
66c2e383-c583-48c4-a305-3bb4687e18ac,0.0,0.0
66cb2432-1b68-404d-aaea-932a031c5226,0.0,0.0
66d2b11e-4260-4cd9-9259-0435cff19e34,0.0,0.0
66e82024-1fcf-47ee-b2b5-39694cdd0fd0,0.0,0.0
66e9840f-a3f0-4023-a547-3d5a72255326,0.0,0.0
6701dd27-481c-49ec-a7ac-ee649aea240a,0.0,0.0
6704b519-a86e-4fd8-b2fb-727d72f8a48e,0.0,0.0
6723b931-13a8-4f1c-a7b6-f7786e0d3542,0.0,0.0
67298639-bc43-4807-8889-6a613fab0a4b,0.0,0.0
67382679-144a-4718-a503-51a183529369,0.0,0.0
6771f41d-f208-4706-8963-1aa2554034a4,0.0,0.0
67761bc0-3f8a-4506-a4df-2240acfee383,0.0,0.0
67a59e10-56b6-4e25-bfdf-4973cd6b0e43,0.0,0.0
68050710-a1ce-429c-ab00-9a1bf928d03d,0.0,0.0
6863d6b5-1508-4281-af4b-49f3f3a264f4,0.0,0.0
6876913e-6ce5-46c2-aa04-a9999288a6e3,0.0,0.0
68897974-c954-432c-8b72-93d1d91dae70,0.0,0.0
68899d8d-2c83-4670-b754-f1cc49912326,0.0,0.0
688f323d-cc77-4a50-b4df-91137c6773fd,0.0,0.0
6896f261-ad3c-4fd5-882d-ea89ce3c1198,0.0,0.0
69091cda-1bdc-4e3c-9996-45b05dd736c2,0.0,0.0
6929d2d0-2d34-4dde-82ff-2bb4dd61c774,0.0,0.0
6962f9fc-577b-4063-aab9-457452df6a11,0.0,0.0
69b70684-c044-4661-bcc3-cca10db3a82b,0.0,0.0
69cdb1d2-9b20-48f7-82a0-07e6fb9024c7,0.0,0.0
69d38c06-c61d-4a0c-9fcf-a1a26db4e13c,0.0,0.0
69e8442b-6548-4130-a36c-62683983b9cc,0.0,0.0
69f6fc42-37b6-4120-893d-153f53939d4e,0.0,0.0
69fc8a69-9dd6-4aa7-9c2a-39cfcef1272d,0.0,0.0
6a079bd4-8830-4769-90a9-4b0557aa4387,0.0,0.0
6a456d79-bd0a-46bf-8a2f-d8d1de520933,0.0,0.0
6a766410-32dc-487d-8064-4adde77141a6,0.0,0.0
6acb3b7c-74fa-4489-88f7-936dbbc00f05,0.0,0.0
6acbb8c5-476b-452b-a8ed-d4df0e7c3771,0.0,0.0
6b093e22-261b-466d-ad23-c0443e31c6d5,0.0,0.0
6b63400a-8a81-4275-b215-08550e1e3f97,0.0,0.0
6b6b03e2-d475-4702-ad8c-7b901fe5dc81,0.0,0.0
6b97c1a6-9356-4489-978b-d41860cf7ea4,0.0,0.0
6bb43bfd-1a41-4bdc-8266-4849f5d7a802,0.0,0.0
6bbdfd5e-8ef2-4649-8288-c5af6bfbcb31,0.0,0.0
6bc72440-3baf-4c22-9d8a-a6eb47e7758d,0.0,0.0
6bcacf8a-6442-414a-bf98-316305f2fcdf,0.0,0.0
6bcf0ed0-dd49-4dfb-8a52-7966bd2b417a,0.0,0.0
6c0147d3-7c7c-46b6-918b-2a875949f114,0.0,0.0
6c078108-232a-43db-9301-a0a65a61fc05,0.0,0.0
6c3487a5-818c-4511-80c9-4cf7df22fb3b,0.0,0.0
6c60e1b1-1707-4bfe-954c-3046c353680b,0.0,0.0
6c7c277a-2e1c-48f1-8777-6969f8e838d9,0.0,0.0
6c80532c-5c26-4e0a-98a0-6b30c1f83eab,0.0,0.0
6c8f1c75-93d2-467b-ae00-6590ba88b260,0.0,0.0
6c9bd9cc-7799-4f24-8da3-0e671c80f5ec,0.0,0.0
6cb9cb9b-63ac-42f3-ab00-5a6fe88db6a6,0.0,0.0
6cbd0dc3-d8b8-4159-bd67-29219f89e6cc,0.0,0.0
6cdd0a97-b695-4531-be00-0e516e526159,0.0,0.0
6ce19ec3-7320-41f0-83f1-ed6d2a08f410,0.0,0.0
6ce8eeb2-b07b-495e-b9e7-7425c3d1ce30,0.0,0.0
6cecb156-bb6f-4712-965a-14564b56b7fc,0.0,0.0
6d0da39c-b58c-4d5c-9e5a-0744a8330095,0.0,0.0
6d2757d6-d41d-47f0-9e22-e64cc129d961,0.0,0.0
6d27bcce-92da-45ff-a53c-cb0ae1e30477,0.0,0.0
6d4b6606-4493-477e-9ef2-448bb516ebcb,0.0,0.0
6d7ed80e-5a46-4eec-bd98-d9b6d74d3f17,0.0,0.0
6da2f6c6-86e8-4962-9049-11a4f497c32a,0.0,0.0
6da79733-19a5-456c-8681-e310dca4f87c,0.0,0.0
6dd087d8-9e58-444b-bfd9-986921107416,0.0,0.0
6e1e07a4-7324-4d12-936e-e2b34a835fa0,0.0,0.0
6e276e11-2aa1-43ff-9d81-741f300d957b,0.0,0.0
6e3b2ddb-4ced-4bc3-98b9-c162d5770ff9,0.0,0.0
6e44a747-bca5-41b8-be8c-79cd50b42cfd,0.0,0.0
6e53b641-8501-4c6c-9c86-1ca734f41c05,0.0,0.0
6e5553cd-1c1c-49b5-adfe-5cd5d74fc770,0.0,0.0
6e5d187b-af81-4d99-a2ef-238f321ae77b,0.0,0.0
6e67be12-70ca-42bf-91e2-05dfd8d2d154,0.0,0.0
6e7d2e99-fd5a-4dfb-9454-fb7de175d0ad,0.0,0.0
6e9172d6-39e8-4c62-aed1-48428a175108,0.0,0.0
6ead2100-b345-47fb-b73e-e375ea7884c4,0.0,0.0
6eb2353b-f718-49d3-b66c-bbf47b270353,0.0,0.0
6ef99506-4bf2-4f7f-b89f-ae1da17eb233,0.0,0.0
6f3afa99-9f97-4aac-a0cf-d521bcae041c,0.0,0.0
6f66fc0e-3238-48a0-8bdd-68b0c5b1efb4,0.0,0.0
6f8fd5fa-eb83-4e00-9391-dbf592bbf722,0.0,0.0
6f98a94d-6d8b-42bf-b53a-3064dc7b353e,0.0,0.0
6fab49af-44ac-4982-9853-422d291e85ce,0.0,0.0
6fb715f7-c13d-4b96-b105-55e5e605e707,0.0,0.0
6fcdf386-333d-4151-b7af-61f33d236c23,0.0,0.0
6fd0a16e-e088-4527-9a0b-1443dcf0deac,0.0,0.0
6fe79c49-1509-4b24-8bf1-ac8ac05bcdb2,0.0,0.0
6ff5e359-e91e-438e-b5b4-c8a246af439f,0.0,0.0
701788b7-343e-4b2f-a206-3840015e4c1c,0.0,0.0
704344cf-2e51-4af5-936f-cdd8520596d5,0.0,0.0
705a7903-bca0-4e52-b4f4-820c03781d8b,0.0,0.0
705eec06-981d-45e9-8096-d69d58c575c7,0.0,0.0
706852d8-dfc6-48a1-a610-1b82e14abd29,0.0,0.0
708b9ed6-9d45-41f8-a281-2f85cb9c56f8,0.0,0.0
70d20857-e4a0-4e35-a216-3d904c093b2f,0.0,0.0
70d5e0cc-f1c7-4dac-bc66-6f25a1bb9498,0.0,0.0
70ead5fc-b46c-437d-96e8-351a14d62322,0.0,0.0
710949ea-d6a6-4aeb-83b7-423bde0f7957,0.0,0.0
711c0daa-2da9-4117-b59e-beb746f4dad2,0.0,0.0
711cadb0-9894-4370-b379-54c71559353f,0.0,0.0
712e8ba4-be1e-4211-b8d9-5e2de107de5b,0.0,0.0
7151af56-92f0-42bc-ad45-15c2b3381db8,0.0,0.0
718b2fd6-0cd6-418d-904c-36d7b6da20b5,0.0,0.0
718dcb51-60f6-44c8-a415-bf839c8bfacf,0.0,0.0
71d11b17-76c6-47f1-8e7e-3e097c432a18,0.0,0.0
71ebbe86-b40e-40f2-b9e1-882294e51fe7,0.0,0.0
72008679-97d5-4415-83ee-5673fc37f586,0.0,0.0
7222227f-e491-4602-95da-464d77c55538,0.0,0.0
72529390-3133-4a25-9597-b59847f4427c,0.0,0.0
72558c91-6384-40ba-b3d3-80115a726df1,0.0,0.0
725c34ca-ac76-407e-97d8-ac268c63fe32,0.0,0.0
72611d7e-3f38-4bca-8979-b3e540e5643a,0.0,0.0
729380db-8125-4421-b8a2-c1c9ea55469f,0.0,0.0
72bc8bc0-8bc3-4038-a6da-bcafa64625d8,0.0,0.0
72c8d65e-ad69-4a6a-ad58-3921d7bfa298,0.0,0.0
73023ffb-16db-46b9-a172-63201372ac4c,0.0,0.0
7317002a-eca8-48ec-8155-94694427397b,0.0,0.0
73180b9f-a146-4294-9019-0c9181e4a21a,0.0,0.0
731a294d-1392-403d-93bb-ea0da3e92fbc,0.0,0.0
733cafc0-af7d-4219-adbf-0c6079c77f96,0.0,0.0
7350ce0a-00c2-41b0-8628-576595327ce8,0.0,0.0
7350f5d1-b343-4841-8285-cdb6bb6bd55e,0.0,0.0
7353ae1b-bd02-4e04-9288-329507bd0614,0.0,0.0
735ba4d8-cfa7-44f1-91bb-56b673efa556,0.0,0.0
73a66191-13b5-48e1-94b4-c2703f5ff521,0.0,0.0
73b57907-64e1-414a-a2a0-bc40e6b0bff2,0.0,0.0
73c79d44-69a1-4be7-a81d-77fc3af9eeaa,0.0,0.0
73c7ed73-9728-4b31-96a9-5d23859a8946,0.0,0.0
73dc0989-b567-4e80-bd75-fb1ccf8cfacc,0.0,0.0
73ea5da3-6537-4702-b443-e168ac968f7f,0.0,0.0
7401f8b3-bbde-4a27-80aa-df4d11975a74,0.0,0.0
7402d0fc-24e1-4540-a8c6-3083884f7a8d,0.0,0.0
742ea6ba-99e1-4780-b012-46a8ac0ac145,0.0,0.0
744502a6-5a8f-4d45-a2b7-57f70352e086,0.0,0.0
744bf3d6-0710-41fa-abdb-f6338e3ba8ff,0.0,0.0
7460490f-eee9-4de3-afd9-51d9067066bf,0.0,0.0
74894b58-8d64-4682-84b8-e06f0f5fc986,0.0,0.0
74a50bbd-569d-417a-be9d-8a01c6f3e7c5,0.0,0.0
74b853f3-0349-48a0-9261-5c7c9d98adf6,0.0,0.0
74c7587a-b2c4-4631-b877-f4feff3a8a37,0.0,0.0
74cdcfd2-9260-47ee-a840-0f6980488ab0,0.0,0.0
74e9d9a0-be7c-4174-84f5-2b00ec4c3b37,0.0,0.0
74ef2752-c5fd-48fe-86b6-162110cfa3d2,0.0,0.0
74f7d8b6-ace6-42ba-8925-85cbd9fa34d2,0.0,0.0
750631ff-1a9e-49d2-ade4-06e12d9d1969,0.0,0.0
7538945c-e296-4365-aa1c-4e6e78e1aaab,0.0,0.0
7540afe2-330c-48dc-a4f6-5b82c7f84765,0.0,0.0
7546670c-27c0-4849-9cd4-d7aa83bc5f5f,0.0,0.0
7550b6f9-32eb-4c4c-9576-9e6d7a3945c0,0.0,0.0
757fb21e-feb1-49aa-883e-00aed0a162c6,0.0,0.0
75805499-2e2d-473a-a04a-27bb39369ebf,0.0,0.0
75a8cfee-14a1-4081-9754-4a56ba7a2fb8,0.0,0.0
75fba166-76c0-4af4-b075-6cd8c7ff2667,0.0,0.0
7605b80d-a81b-465f-9aa9-ff1d75571f19,0.0,0.0
7616ab1d-c4ba-42b3-9445-ce66d6014fee,0.0,0.0
767d8e54-5998-4069-8282-7ab7b6d4ea46,0.0,0.0
7687b66e-09fb-4673-b8a8-5f53b5ff1347,0.0,0.0
76949456-0e19-44e6-a3fb-f354a1215a62,0.0,0.0
76960318-e66b-44ef-b4b9-2b1ce38b2052,0.0,0.0
76e64918-ff6d-4ab5-8635-7e3a36b32d87,0.0,0.0
771a3b5e-f2c7-448b-aa7a-388850d75af6,0.0,0.0
77520104-c3d7-45b8-b3e4-1b86d08f9813,0.0,0.0
77569666-2fae-41a5-8fea-17dc5b4fe9a0,0.0,0.0
776f1f63-1e68-4f8f-b1c0-ce61361b3ec2,0.0,0.0
777e5150-be88-4f85-8b4c-b84e301d5a67,0.0,0.0
778534d7-c7c3-4f60-8e87-d5007f7efbcb,0.0,0.0
778ae099-f676-4f92-a20a-e1a5ebc7d6a8,0.0,0.0
77916c16-7c2d-4ba1-8cef-3bc04eed2b57,0.0,0.0
77d64db6-3bff-4008-ac5c-0f6a21691ffb,0.0,0.0
77d7e1fa-4b86-4d16-b590-8d2d810f4109,0.0,0.0
77f6a998-f726-4be8-ab2e-9baa3b0b509c,0.0,0.0
78029aa4-fd2a-4e24-9b95-f1a2d9e8baad,0.0,0.0
781d57ff-ca95-4522-95c2-54432c77ea0d,0.0,0.0
78401d18-b120-4ea5-99d5-ef049c2a959e,0.0,0.0
7846c89e-edc7-4395-813b-afce7bd4a16d,0.0,0.0
7892785e-3d13-4a63-af2b-278fcc41eef4,0.0,0.0
78b730d4-a6e1-4d82-80ed-5980af614043,0.0,0.0
78b7d758-2571-4fac-82e9-27992ff7bf0b,0.0,0.0
78b89194-b8d9-4bb9-bd28-1f030834cabf,0.0,0.0
78b8e7c7-202a-455e-bf66-19b4e1df2486,0.0,0.0
78df29a0-5908-432e-8906-b8c16c48c475,0.0,0.0
78f22d9f-027c-4ece-9edb-6b17e151ccf3,0.0,0.0
7935aecd-2d65-4192-82a3-4ad069bbc63d,0.0,0.0
795b92c7-1bfa-45c8-83ba-c644fdf7b75c,0.0,0.0
797c9bba-9b43-42a5-89ba-d44a5fb6a4ba,0.0,0.0
799d40f7-cf86-4e31-b327-da32814351ef,0.0,0.0
79a3055d-cf6a-4f28-ba3c-6d7f8817f930,0.0,0.0
79a5c0e7-cf42-4c9c-a78f-12b7bc6c68d8,0.0,0.0
7a266524-6e76-4d06-963f-6f977e356574,0.0,0.0
7a530dc9-b10f-4288-a5aa-1ec4430b4133,0.0,0.0
7a855080-f2fc-41f2-b9c1-28460ec73582,0.0,0.0
7aecb9bd-04bf-43bd-9244-f31bcf3aef67,0.0,0.0
7af12cd5-eae5-4c09-b18b-2e507fc8e0e2,0.0,0.0
7b5e68ff-a7eb-4c19-b096-8ed7ec573ea9,0.0,0.0
7b776294-5c8b-4800-af58-96cda518fc22,0.0,0.0
7bc826f6-a817-41ac-9490-4b1df7a61a19,0.0,0.0
7bf77bae-8d2d-47f6-8040-9b552cf6e965,0.0,0.0
7c226712-7d12-4929-b09e-a3d389c2254b,0.0,0.0
7c4b630d-6009-4395-9da1-8c0480e65a6e,0.0,0.0
7c6251a7-29cc-4b7b-ba48-dcaf8418696e,0.0,0.0
7c78e9d5-b7eb-4fe5-8752-411d80567d77,0.0,0.0
7c83655e-7e57-4a7b-bab1-94cbd4b85ee7,0.0,0.0
7c8994c8-32ff-4793-99b2-0a4bf97d825b,0.0,0.0
7cb55b5e-eead-410b-a578-8db61907df92,0.0,0.0
7cb60193-9d2c-4006-9155-8e25fc507ca8,0.0,0.0
7cdddf17-4adc-4098-9b09-028c077fdfe1,0.0,0.0
7d0c435f-f4e1-45e0-a6b5-c240a429f679,0.0,0.0
7d264cf3-1e85-4689-96ad-cbcb513a5a58,0.0,0.0
7d698984-9358-4897-84b0-52b0eea61785,0.0,0.0
7d7c6ba0-13e7-4cac-a842-53e44628fa0a,0.0,0.0
7d80d5b0-2f10-4f8d-87b8-7c3e40207981,0.0,0.0
7dd873f8-9b38-4c79-8ffb-4101c5fd074a,0.0,0.0
7de56aa3-2030-4c90-80cc-c67cc62254df,0.0,0.0
7e12fb6c-133f-4501-912f-98171bb36df6,0.0,0.0
7e30cd02-81bb-49a3-bd44-8024ae7d291e,0.0,0.0
7e7e4cbc-8100-42be-9d26-63be719e2088,0.0,0.0
7ec19c8f-2de4-46fe-b2d2-2ec915b9ca7d,0.0,0.0
7ee904e8-b3a9-4e1b-993c-653c826159ba,0.0,0.0
7f1d558f-6019-47bd-a034-b2f8c382987e,0.0,0.0
7f2b135e-b9a0-4e80-83f6-15a9257ca267,0.0,0.0
7f2f1ae2-4160-42a6-9406-37662504cba0,0.0,0.0
7f3a5e91-ae06-45b5-8764-daa1d3ca1dae,0.0,0.0
7f3fcda4-45db-4c61-9c85-d8fd8e7a6613,0.0,0.0
7f7ef0e6-9245-48b9-b158-c8444acd8e8a,0.0,0.0
7f89c171-cf37-41e7-9578-b1ea68510218,0.0,0.0
7f989432-9ad5-43f3-ba21-494beeb46435,0.0,0.0
7fb4b4d9-f25b-452e-aae7-1feae3e11dfa,0.0,0.0
7fc2a254-55ae-4a9c-bf75-cda668b62711,0.0,0.0
7fd14b5c-ef0e-4c6c-afcd-8bd58f0f1c4b,0.0,0.0
7fd9080c-6516-4501-ad87-91c02c1674ef,0.0,0.0
7febe9ac-c875-4049-82af-828548917dd0,0.0,0.0
7ff1dc43-bd57-4214-a27d-41862e051f80,0.0,0.0
80122e62-0d76-4de8-ba0e-d4e065fef7a8,0.0,0.0
802978ab-2217-48d7-8d68-d091de031241,0.0,0.0
802bf45b-2e43-47a0-b6b6-f6b2bdbfebce,0.0,0.0
803cf77c-ab0c-4cba-821f-17f8c18c80c4,0.0,0.0
8045ae62-a147-4523-ac80-93123545d238,0.0,0.0
807242e9-93b6-46ab-8892-70bf21248072,0.0,0.0
808d0c1d-ef06-4a38-818c-f2ea3ff153d9,0.0,0.0
80aa000b-f1e9-4594-8167-8d753a899a79,0.0,0.0
80d11434-94ee-40a9-a34f-97b1cd75dfa2,0.0,0.0
80d43b71-8afd-4653-88dd-da310e7193d3,0.0,0.0
80d8d09d-9f89-46aa-9ade-3382b3d094b2,0.0,0.0
80ee2302-1a1d-45ee-86c2-a58168933ab1,0.0,0.0
815f755b-c1c9-4f54-af7a-3152b841c9e0,0.0,0.0
816bf6a1-73d3-44e5-a78d-2e7e632db6b7,0.0,0.0
81abd93f-9915-401b-8027-1314215b9a91,0.0,0.0
81b139ae-f2b5-47f9-b2d0-900e927d0eff,0.0,0.0
81d804f6-eb2c-45ee-a669-b09698fcb147,0.0,0.0
81f5a0de-b135-4482-ba8d-1bb0f67d6d4f,0.0,0.0
8224c44b-fe6f-41ea-a443-1954dde8fe3a,0.0,0.0
824d6db6-b228-4d2b-b39b-fbc83e9f7aba,0.0,0.0
825b313c-53b9-48cd-9c6b-a26e1b7cb140,0.0,0.0
82641624-8bfd-4d34-a95b-8655a5abf485,0.0,0.0
826e588f-7afb-4feb-9171-561ae4d0292b,0.0,0.0
82c26bf4-acb0-4dde-ab8e-9b0b3672b0fe,0.0,0.0
82d56c1e-7eab-4e49-a24e-bda72d85af56,0.0,0.0
82d79812-37f5-4764-85cd-a1136f97f14e,0.0,0.0
8310f8a3-0278-4a34-9c6f-69cdbaf087b2,0.0,0.0
831667d7-ae5b-4620-831b-cfe39a8a1f1e,0.0,0.0
83394cd4-8be1-4425-a5cf-d93a296c488d,0.0,0.0
8364f943-c243-4bb2-aa8d-9bc7cd5e6580,0.0,0.0
83715f0c-2941-46a3-8d14-a49902ba8f9d,0.0,0.0
83bfac9f-5fb8-44fb-9e6d-bfbbf9108885,0.0,0.0
83c09deb-d53e-4696-af7a-fb397d193dbb,0.0,0.0
83e1e541-da87-40f7-aae7-a9ee2c6ede6c,0.0,0.0
83ff1fd6-53f0-411a-9b40-650afb6d402e,0.0,0.0
84042a2d-04c9-442a-a6a0-da0a06d3d8c0,0.0,0.0
840ff676-f66b-4f84-8b4d-53616f0e0547,0.0,0.0
8438da7f-8e21-4030-ba9d-4754c00ac822,0.0,0.0
843cc384-b5a7-41b6-96a7-ca6beb38442d,0.0,0.0
846849d9-143e-47c7-b58e-48d491a8be58,0.0,0.0
84791c13-f753-49e0-9ab9-618fb41fd4fb,0.0,0.0
84993cd8-86f3-4a44-8ccb-b72e3091af7a,0.0,0.0
849b2c55-a650-46b1-911f-223926957bab,0.0,0.0
84a37cf7-b2a9-48f9-8b37-b2640389c299,0.0,0.0
84bc45d6-d898-400e-819c-01bfea7c4a30,0.0,0.0
84bff48b-e314-41a7-8de6-092e69453522,0.0,0.0
84d64ad3-9244-476f-8967-bd0983b3d374,0.0,0.0
84e9c6eb-a15e-42d5-9b76-d1900799f1ba,0.0,0.0
84f5bc6d-acc6-42b8-9037-2356fb025393,0.0,0.0
8509067e-c797-4e81-aa17-b58863edc50e,0.0,0.0
85661f16-7168-400e-bbdb-77c1c8b90582,0.0,0.0
856d4b42-f669-47c5-b774-8311cd82121b,0.0,0.0
85a30974-a9b2-424c-9536-81f43acf0ea9,0.0,0.0
85bc95d2-da7d-48a8-9a5d-511caaea2414,0.0,0.0
85c02f23-9a09-46ef-b78d-acf3aef838c3,0.0,0.0
85ca0217-09dd-4711-8709-0032190ff109,0.0,0.0
85d1b4f2-9a0f-43c5-8764-66e4a24b2616,0.0,0.0
861b4953-04a0-4593-9bcd-da340820a780,0.0,0.0
86257c69-a8f1-43b1-9e07-73129e2c3fbc,0.0,0.0
8627fad7-1298-40d9-94b8-156c2cbb147f,0.0,0.0
863649b0-fe9a-401e-8d7f-9baeb30741a7,0.0,0.0
864547c5-1fda-489e-b994-cece9a1cb907,0.0,0.0
8652a16f-7c01-4d98-831f-453d726aa34f,0.0,0.0
86556680-22ad-4418-bcb7-91ff49634f6e,0.0,0.0
86c6d458-13a7-4ee4-8acd-32f9a0375514,0.0,0.0
86c8a1cf-43ef-4383-b7e2-6dec6fd231fc,0.0,0.0
86cb7ed5-4732-47ab-89ec-1a974f903d11,0.0,0.0
86d54728-97b6-4b16-84db-4389de64d6dc,0.0,0.0
86fdc681-11bd-41e1-88e5-1ecb8042cc1e,0.0,0.0
8739520c-1bc1-4ec0-90b5-8d729f6f741b,0.0,0.0
8746d25b-2689-44d2-9ffa-1bca01f0431d,0.0,0.0
874aa76c-161c-4197-89f6-2dc753b1d941,0.0,0.0
874e8c6f-7c4b-4937-9002-46870e25a48a,0.0,0.0
87535218-93cd-446b-9497-e1c2c55fe34a,0.0,0.0
875fb5dc-a738-4835-bdcc-a15246643159,0.0,0.0
876cf949-5446-4945-a35a-04c86d54551e,0.0,0.0
879d779b-4397-47dd-a6e5-831fe61da872,0.0,0.0
87aff6f0-aefa-40e4-9f16-01d6b617acdd,0.0,0.0
87db07c8-29d5-450d-bf06-993fe80daba4,0.0,0.0
87de03ea-8f4e-4b1e-9941-66691da3b04f,0.0,0.0
88264e79-84d2-4681-a32e-22ed445fd055,0.0,0.0
8833795c-d29d-4dec-af27-ea7636dc7412,0.0,0.0
883665c7-f33f-462f-aca7-a4009a2d68a3,0.0,0.0
88651325-e54b-4a24-b622-614738469237,0.0,0.0
886d8397-95d5-4e23-a824-33e1398383fc,0.0,0.0
887bcfa2-8e00-4688-bada-136ce4c8861e,0.0,0.0
889f463e-a9fe-47de-ae64-80d01e2b2009,0.0,0.0
88a5bbaa-c45d-4be0-9171-246e61bedfd6,0.0,0.0
88c48111-748e-4eb2-b9e7-e4ef4f82e869,0.0,0.0
88eddc42-a7c1-4cac-8ad9-b577fd83f52d,0.0,0.0
89117099-8752-4dcc-889c-b1c972e5c22b,0.0,0.0
8917cd86-c1e2-4048-8902-afd275e9ec23,0.0,0.0
891acfc3-4c4c-4a43-9633-ea3bd0882104,0.0,0.0
89480464-218f-4414-a6c6-208887a3e1a6,0.0,0.0
89a9d379-04fa-4ee1-9db5-76e43978303c,0.0,0.0
89ca0273-9e82-4c26-93fc-279e22131f74,0.0,0.0
89cd5301-b816-41c2-8e0d-73710b6c7d04,0.0,0.0
89d0a7c1-de24-4c59-88ea-f474b6c2eb78,0.0,0.0
89d14fac-5891-47f2-a544-b15f58327d0f,0.0,0.0
89ea0575-bed9-41de-9bbb-f760bf0ca392,0.0,0.0
8a2328ef-5835-467a-bf29-e8866e731a6c,0.0,0.0
8a2bdd31-2820-4133-988d-e1300797a04e,0.0,0.0
8a2f4d20-871c-4421-b332-5ca744a34a72,0.0,0.0
8a398bf1-e458-4df5-92ef-e21a380d8103,0.0,0.0
8a421153-4539-444a-a4dc-c17ab714d8a0,0.0,0.0
8a6b4c53-3b57-487a-ad9c-42459a056cd6,0.0,0.0
8a85a9b9-791a-4857-a875-bd22723781de,0.0,0.0
8a9fbf97-b39e-45fc-8a59-a4bcf6b2068e,0.0,0.0
8aa0fdc3-1ec7-4969-8565-7dd73d50c2c2,0.0,0.0
8ab77ded-17a4-43c0-90a2-075095d6927a,0.0,0.0
8ad1fd99-8af3-4c0a-addc-128546675819,0.0,0.0
8aea6243-a40f-4235-be06-719c6ff5c091,0.0,0.0
8b1e2f11-7894-47f2-bb02-d25499ccb5bb,0.0,0.0
8b6ceaf9-d420-4266-8cdd-bf0cc6949de3,0.0,0.0
8b8dd475-9f70-4568-810f-2c6fb1510dca,0.0,0.0
8ba46d61-d276-47b7-9b8a-e981acaa5c33,0.0,0.0
8ba6c89e-4415-4f78-beaa-42d3ddb850db,0.0,0.0
8bdea810-8056-437b-92b5-c78aea57cf1f,0.0,0.0
8be96e7f-3879-401e-a1e1-c4a51fd4b43e,0.0,0.0
8c0f2d51-f4ba-4daf-a335-c881c6742876,0.0,0.0
8c2c76a2-b543-472b-a224-1492cda07729,0.0,0.0
8c382e1a-a693-4639-925f-8ffe788d91c5,0.0,0.0
8c45801f-6377-42e1-ae0a-9b53593ff843,0.0,0.0
8c4d2910-4cc1-4b16-a092-7b3bde34e79e,0.0,0.0
8c4d5bfe-7717-4f88-9584-e4b561ece861,0.0,0.0
8cb17d8f-4ffd-4249-bdfa-3ef842e8c3da,0.0,0.0
8cc20f7f-ff9d-423b-b518-4a94f584e1b3,0.0,0.0
8cd5e5be-13bf-41f8-aad9-41e93f5d9af1,0.0,0.0
8cdac98c-8a65-4fbd-912a-5b87aa2d4cc5,0.0,0.0
8d0c78a1-fbab-44fd-a2a9-4afcf9082a07,0.0,0.0
8d4052e4-3d3a-4f59-9834-4f831e3a237e,0.0,0.0
8d4fd35e-9c93-4316-800d-aa8b25252772,0.0,0.0
8d68ae52-fe27-4623-b9bb-29370d8cf4d2,0.0,0.0
8d69938e-3e40-482e-8bd9-af9b6bff7b1b,0.0,0.0
8d7b84cb-08e5-47da-8772-31d4649c8e93,0.0,0.0
8dbd1afa-ad53-4e1e-ae07-0243a314d711,0.0,0.0
8dd3b387-7442-442b-95d2-7c8892b703c0,0.0,0.0
8dd52ec1-74cc-4e6b-aa95-a15d6f55f57b,0.0,0.0
8ddda3db-d3ba-4761-8b9c-2098a5e77286,0.0,0.0
8e2cbdad-a5d5-4913-ac78-56231233e884,0.0,0.0
8e7974e3-38e9-496d-adf4-8b50a0ab5874,0.0,0.0
8e7df469-9db2-40b1-be18-a91bacfeadff,0.0,0.0
8ec75c61-af1e-4bd6-b650-a06107e0aff4,0.0,0.0
8edb1c64-7fca-4dca-94be-8d3d613e0dc0,0.0,0.0
8ede4554-1d86-4f9f-89f3-8c1a8bc55c7f,0.0,0.0
8ee82445-e309-4b63-b021-1720aa3856d8,0.0,0.0
8ee9bf84-8061-46c2-9560-5dfeefc52bf3,0.0,0.0
8f03f9f3-1bd1-4cf3-a597-4f2335457888,0.0,0.0
8f0aea07-523e-42bc-9900-2092830b82d7,0.0,0.0
8f1e5f8b-093e-415c-9ee3-d99514533e18,0.0,0.0
8f2fcaa7-f67e-4999-8a70-d2b7fc6db6ce,0.0,0.0
8f477641-4096-4a49-87bb-ae3f36f9ca03,0.0,0.0
8f575530-b871-47e3-8998-776f0227e041,0.0,0.0
8f5a4b5e-bacd-466b-ab1e-189b771d1b16,0.0,0.0
8f6e4d27-793b-4323-9ece-bfa6a95992cb,0.0,0.0
8f9eb047-a14b-48d2-8826-42ddcf06363e,0.0,0.0
8fbe573a-0555-4c69-bb7c-61405e660749,0.0,0.0
8fc84ed6-1e39-406a-841c-d060a460d810,0.0,0.0
8fcadcc9-e0f4-42c5-a3d9-f0a9872945dc,0.0,0.0
8fd1e03a-ee59-4980-8e02-eaf15147d9dc,0.0,0.0
8fe6004c-f9d1-4bbc-90bd-d28898dfec77,0.0,0.0
901d3855-f80d-4005-aae9-27e639ff32e6,0.0,0.0
9033048a-7fd9-4b84-a233-f6c05a0f63ae,0.0,0.0
9041b6e6-1838-4e6e-a50d-2e0e4e834e55,0.0,0.0
904e57ab-2704-4936-a74d-9ba5d70ec723,0.0,0.0
9050b3a2-b9ca-4fd4-958c-e0f44373f8f4,0.0,0.0
907c3920-1180-47ad-8d4a-baf9513c7ef2,0.0,0.0
9087c63d-cb18-447b-bc30-48d787d670ab,0.0,0.0
909b3a4e-caf6-44a4-bed6-62bab30689e9,0.0,0.0
909cb8ce-a66f-4c59-99ec-597874f9babc,0.0,0.0
90a596ad-60e6-481b-8e1e-665db6992b1d,0.0,0.0
90f96605-09da-40b3-849c-fb545a4a324d,0.0,0.0
910860bd-5546-4293-b9cd-285ad4b79187,0.0,0.0
9118ec5e-d0ee-49ee-b807-57cfdd71cdf3,0.0,0.0
91656314-626f-4654-932b-397297dbfe2b,0.0,0.0
91758ac7-76f0-468c-a5d7-146112837aaf,0.0,0.0
917d58fd-221c-4c2e-b7c4-54c3e1b23630,0.0,0.0
91d43ecc-b2ee-4c5b-891e-96e884b1fdf8,0.0,0.0
9221cdd3-22e3-40e1-9d1a-e0014d4ce58d,0.0,0.0
9244c5b8-2850-4f68-a8cd-d8d9eafaf147,0.0,0.0
924d2295-2fdb-4247-a20e-4c62bdfeaea2,0.0,0.0
92868382-b674-43e3-a19d-80c031660ff0,0.0,0.0
92930728-0711-4cdb-b55e-7c4a844af0a5,0.0,0.0
92b1c164-fab4-4c40-854d-89a99b60432c,0.0,0.0
92c03f67-d090-4f5c-8bd7-ebb5d114196d,0.0,0.0
92f33aee-6cac-4901-a7f8-d9ca6cb22ab8,0.0,0.0
92fc64d3-6d70-4273-9a0a-ac6580c3587b,0.0,0.0
9342cf91-c06d-4269-8071-9916c75d2914,0.0,0.0
937fe0c9-434d-4833-bea7-4652bced923a,0.0,0.0
938769a2-5fb9-4fe4-ad2c-0744745d92a2,0.0,0.0
93887e43-8849-4606-894f-373d54a15a62,0.0,0.0
93a2848e-9a2a-491e-a8b4-f02e87be6310,0.0,0.0
93e72b5d-b9b8-46b5-91b2-7a0d0dda0589,0.0,0.0
93f0c4d7-056c-43a9-bdc0-04c7eabb3a84,0.0,0.0
942ccf50-1f18-48e0-9888-209dab82529c,0.0,0.0
94360d3e-ebbd-49d3-a325-22ed70f01b4c,0.0,0.0
946fbcc7-2aea-429b-b0d8-d955921cc8f0,0.0,0.0
948d4007-55e2-4397-a72a-17b9e2a1ab42,0.0,0.0
94ae03ed-b3b3-412f-90ad-cc78e31b4317,0.0,0.0
94b4042c-4be9-40f3-86ea-5fffec8a0061,0.0,0.0
950f60e1-2f28-48f8-94d5-e4b8514430f9,0.0,0.0
954838d7-58f7-4b39-8a10-735b0567424a,0.0,0.0
954fc6b1-2e38-4b40-ba26-9118daf24aed,0.0,0.0
957537e6-6180-40b8-83bd-edbdcf369cb2,0.0,0.0
9597711d-c0f6-41f0-b6c5-cdc07bda5a55,0.0,0.0
95c1021d-7066-4ee2-b569-2342b376630c,0.0,0.0
95cad8dd-f8e3-4233-9541-5bc9d5ac30fb,0.0,0.0
95d991ac-89f1-4ce5-b849-0e2c3a98770e,0.0,0.0
95e1e890-b82d-4dd4-9fe7-a62c19a435c6,0.0,0.0
95e4aa08-9554-4920-baae-43136cab88ce,0.0,0.0
95ea5a16-6c6e-49fe-a2c6-f851deaf6d96,0.0,0.0
95f09aa0-3f7b-4054-8747-9776be924fa1,0.0,0.0
9615b1de-245d-41cb-ba94-1d6b1a8fa462,0.0,0.0
962fd5b9-98ac-492c-929a-d32146998ab7,0.0,0.0
96521856-e94f-484d-99d8-4548d05c1d78,0.0,0.0
96596f9c-221a-45bc-8bab-e5bdd0951996,0.0,0.0
967cff88-4f56-4902-9e02-ba5b86fb7dcd,0.0,0.0
96b43e79-ce96-46f0-b942-f64b463fa6c0,0.0,0.0
96ba5ed0-0124-48d8-8289-dab529e5316d,0.0,0.0
96fdecd8-0dce-4f23-8b8d-1df35d8b0f00,0.0,0.0
970a991d-39d7-4da2-9455-32e09d9c19e8,0.0,0.0
973101ec-993f-442a-bcfc-f217ebe63f98,0.0,0.0
9749d2a7-aefd-472b-a30d-5d9463b1c371,0.0,0.0
975c70af-0da9-431e-83a9-932d8f45091d,0.0,0.0
976a6eb2-ec91-404c-ad77-b246ad3f99da,0.0,0.0
9786904a-3efd-406f-a0fd-a7050ef5aa2b,0.0,0.0
97a1dfc1-3eeb-45e6-9e65-b6d9737679d6,0.0,0.0
97d83b4d-01a1-477f-88b8-679d8d320f97,0.0,0.0
97f04005-9fcd-4ef6-86e8-7de30d01c546,0.0,0.0
97f85232-898c-41b6-be71-787029f45913,0.0,0.0
98048ce2-b703-4754-8d5a-cf233ff96e0a,0.0,0.0
98081eb4-3f7d-46ee-80ca-ab337f6d3098,0.0,0.0
9817dd81-0adf-4272-86b9-ac90a39fb6d8,0.0,0.0
98a9c66f-bd49-4497-8aaf-15c286544b29,0.0,0.0
98bebd37-ca7c-4c04-a39d-2ad82df77374,0.0,0.0
98f16bf1-5a3a-474e-84dc-0dca15ea9e45,0.0,0.0
98fb804e-6d56-4444-a344-fdd4bd2f8ecf,0.0,0.0
99005d69-94df-4ad0-8e56-45f2a47f6011,0.0,0.0
99066c8f-0956-4f13-9143-03cfa2df840b,0.0,0.0
990767dc-0988-4774-94ae-49123b4b907d,0.0,0.0
9915f283-bd0e-4b78-82b2-52ef1c778e18,0.0,0.0
994a0df2-87e1-4c4c-ab67-ed6a6aac6393,0.0,0.0
997685b5-64de-476c-aee3-92738a789d17,0.0,0.0
999f677a-82bb-4d1b-b411-9e18157bc77b,0.0,0.0
99ac2418-1a70-4aa9-bae7-4a4a7d555604,0.0,0.0
99ae51c4-3793-44e1-b409-2aabbe4ad3da,0.0,0.0
99baa67b-f3ee-4499-98c3-c7a1648ef9d5,0.0,0.0
99d7a2bb-5024-4b47-85d5-85f585c24b9c,0.0,0.0
99da89ea-bff7-45b3-b811-50ae8d729375,0.0,0.0
99e74997-7fa3-4867-b8d3-0cfb160fefa5,0.0,0.0
99fda90c-05fa-4b8e-9ee5-a3e9ab77b59c,0.0,0.0
99fdde2f-ad84-4c93-aad9-cbb1d322bc90,0.0,0.0
9a01f6d9-b1fd-4608-96a4-ddaf79e2fc79,0.0,0.0
9a06a661-f692-4bbc-ad23-8fa3d22d807f,0.0,0.0
9a2150eb-68f0-4c8c-8388-a8f6a0777b31,0.0,0.0
9a379e57-724a-4c5e-8fdc-5b653cb58db0,0.0,0.0
9a48a5b1-71ed-4000-b094-c557389cc141,0.0,0.0
9a5b59bb-a73e-4253-8fde-c16bd980136c,0.0,0.0
9a5d44cf-5d7f-4e51-a0b1-2a66d77bcfe2,0.0,0.0
9a7e2021-8495-47ee-82ca-5eeaa56ace82,0.0,0.0
9a816697-79a6-48a3-becd-c3376f616078,0.0,0.0
9ab6aaee-921d-4dd7-a7fb-756bde055a0e,0.0,0.0
9ac8c588-a61c-48e6-9989-1e66279dd365,0.0,0.0
9ae17f13-5eeb-42a1-9047-0e7a7dda534c,0.0,0.0
9b1108ea-79cb-4684-ad94-e92e3c6527bc,0.0,0.0
9b373d5d-92ff-442e-ba57-9c7fa002886c,0.0,0.0
9b45b66b-aead-4ace-9b54-1df90665eda9,0.0,0.0
9b47a716-2e9e-49e8-801e-42da55cd6200,0.0,0.0
9b60debe-131b-4d5a-b52c-f5b083c6534c,0.0,0.0
9b993eca-baa2-4dff-bc7a-7c5872ffe709,0.0,0.0
9baf5a06-1f9b-495f-b1ae-c87411f7eb41,0.0,0.0
9c04a534-b3e4-4934-95bd-002874ef4671,0.0,0.0
9c230dcd-d0b0-4ad2-9dae-ff7439073a39,0.0,0.0
9c5831c8-54cd-49b5-a243-07d1f55fdbfe,0.0,0.0
9c58effd-98a3-435a-8e73-6abcd763c884,0.0,0.0
9c6b3fe1-b897-42d3-93dc-43f55ea46393,0.0,0.0
9c7abaf6-30ed-4741-b9f7-b429c4402931,0.0,0.0
9c7ec4bb-9a83-405d-86e2-15d6aeacebe1,0.0,0.0
9c801586-0ede-4457-92e0-3e0d52455606,0.0,0.0
9ca39a46-5233-4deb-883d-08bf57e873b5,0.0,0.0
9cc4143f-136d-4b16-a24c-0711bbdc89af,0.0,0.0
9cd05544-70ad-4009-957f-b5cc3ae9e40f,0.0,0.0
9cd2ed8a-6f0d-45d7-a932-0a6cb20bc803,0.0,0.0
9ce961ba-40e7-4bad-b6cc-ba8ed580a809,0.0,0.0
9cf002f0-fb82-4149-a41c-44f3debcdefb,0.0,0.0
9cf14cd8-c05a-48ec-ad96-e97bfe050562,0.0,0.0
9cfe2962-0b2e-4d69-9cfc-f9803fa45640,0.0,0.0
9d10217e-8a65-423a-a164-95e986b9b7a0,0.0,0.0
9d35e6f4-2993-4caa-a38c-5f6a596ac5f4,0.0,0.0
9d54dabb-d0cc-493f-acaa-07fc77042bc2,0.0,0.0
9db8017f-b464-4be8-9f72-352d1cd3cff5,0.0,0.0
9dc0f3cf-e40a-48e2-b1b3-929a1d1e06eb,0.0,0.0
9de85be5-d007-44dc-98b0-c159df65a826,0.0,0.0
9dfd19a2-4e65-4ed8-b659-3de1a326f584,0.0,0.0
9e022471-fc55-44f0-8307-74bf4f261143,0.0,0.0
9e3f0e07-ec9f-45bf-9f04-ca9e04d150cc,0.0,0.0
9e5a2205-9643-4545-be3a-008dd59aa9a0,0.0,0.0
9e770e49-b4b7-47ae-abb3-782a2d38a4fb,0.0,0.0
9e846b72-53ce-4401-a1a4-696a843536a6,0.0,0.0
9e860116-222c-4e9a-a10a-e6df51ecb919,0.0,0.0
9eaf4167-efac-4462-83c3-14d2f6f04fab,0.0,0.0
9ec173ed-3909-428f-b4ff-1e799012292f,0.0,0.0
9ec38306-70aa-4d6d-a411-11421bc8a9a0,0.0,0.0
9ec49e97-c399-441c-ac68-f59b516e8512,0.0,0.0
9ecc6d17-21a3-4a35-bc94-4abf2d5151cf,0.0,0.0
9ed3884a-6de8-431c-977d-e3611c55de15,0.0,0.0
9ef42889-6bf9-408e-9857-50b1b2ddbff7,0.0,0.0
9f0599d8-81f3-4ab5-b275-48a6ddaaae5b,0.0,0.0
9f19e6c2-3e03-4a6a-8e81-0da8657cf7aa,0.0,0.0
9f287b9a-8c13-424e-9f24-d541e5066ecf,0.0,0.0
9f426058-66d0-4df3-96e0-2d2b43799b03,0.0,0.0
9f7cac8d-1e7c-487d-ba22-ecc075c79e8b,0.0,0.0
9fa863ef-8aa6-482a-86bb-4647dc6fe663,0.0,0.0
a00bf60e-df9c-412c-ac0c-a56ea6225e8d,0.0,0.0
a013fa6e-8256-4370-8e5b-5597f4636f9c,0.0,0.0
a070038c-232e-49bd-a27d-956e627cb407,0.0,0.0
a0822fa6-d2e3-41f3-a9ce-23f26b543fc5,0.0,0.0
a08c64df-970d-4318-b886-44811babb4df,0.0,0.0
a0c947fb-f00e-4331-ad3a-402908e08b57,0.0,0.0
a10ad398-84b9-4c6b-8345-ef69471491ee,0.0,0.0
a1498141-3fc9-437d-8d9e-d0717955e4d4,0.0,0.0
a15f7ad5-af02-44b4-a8a7-bf6ea33285ef,0.0,0.0
a160c15b-592a-4d23-9423-0bfb281c7767,0.0,0.0
a1938b4e-99c7-4510-a919-b000f048964d,0.0,0.0
a1b498a8-daba-4771-a87d-e0a501cd0f83,0.0,0.0
a1c3699b-ae17-40df-8eed-91372da52a11,0.0,0.0
a1d0c01c-9691-4f78-995d-0870078dbb3a,0.0,0.0
a1f585b5-c84e-45a3-8139-88bde86825c2,0.0,0.0
a2243c3b-809a-4e6e-9deb-c5d07829b58f,0.0,0.0
a2586f2e-ed14-4e33-8927-39f5cc2726a4,0.0,0.0
a26097e4-ac5d-4bb8-b7c8-18fede45bb22,0.0,0.0
a2693713-44fd-4e3b-8e47-1af957042a0d,0.0,0.0
a27e93ba-6c40-4e4c-b922-62310d5579f3,0.0,0.0
a293752d-343c-4ba9-8319-3af931b8665d,0.0,0.0
a29e6e07-0630-45ea-bb02-a95cd4893016,0.0,0.0
a2a8c610-49d7-407d-b338-605c80cd103a,0.0,0.0
a2d55f60-c2f7-441f-a747-a9c7aedcdb01,0.0,0.0
a2e5d5c6-f059-42be-8804-8cbce06d42d6,0.0,0.0
a2f7242f-acd9-446a-bcfa-f4195a939a8c,0.0,0.0
a317e5e9-0cac-48aa-bc59-09b91b94c80f,0.0,0.0
a32ae224-0d8f-4355-a10c-c162e3eb76ff,0.0,0.0
a333103a-2f9b-4217-a5aa-8f652352e0ec,0.0,0.0
a33a4b27-5978-425e-a4ba-2ff8ae41b69c,0.0,0.0
a3535393-98a3-42a4-a097-06d08123a9e7,0.0,0.0
a3582023-f6f7-4918-bdaf-41fefb2a44cc,0.0,0.0
a3ddb1fa-1ea8-4432-b1af-c4ae9bf038b6,0.0,0.0
a4165542-abfe-4103-a02c-96dc8afd4944,0.0,0.0
a41e95a7-1196-4ec8-b432-71b69a59b47c,0.0,0.0
a432dc0f-2d1e-4065-9b3a-41f5ceeabb59,0.0,0.0
a443fb9c-22ae-470f-b3c1-fa62e3fc6e3b,0.0,0.0
a4473d17-2862-47c2-ad3b-05a5682a92c0,0.0,0.0
a466a0cc-191e-4337-aada-c1688ae5b084,0.0,0.0
a4725bbe-115b-4301-9b07-75f29dcedb9f,0.0,0.0
a4bc48b6-1620-40ed-bac7-7e2064a159f0,0.0,0.0
a4caba32-b0b5-4b5f-8da7-c634b30610e2,0.0,0.0
a4e2dc1a-ff3a-4e74-b31f-92c4aff23dc8,0.0,0.0
a52ed7c0-9034-4fb3-8ded-adcc44a1e366,0.0,0.0
a53de1a8-f1a6-4e2b-9c33-5dce1cef1e89,0.0,0.0
a53ebf80-d24e-4ded-bbc4-9a5378201a8e,0.0,0.0
a56b1a84-fc04-417c-8e6b-d7c643a2897d,0.0,0.0
a576d526-ee62-47f6-a987-510b17730d45,0.0,0.0
a5929f77-dab5-456c-89d6-f7ebe9574edc,0.0,0.0
a59a03ac-02ca-4dbe-b684-1bcd3499636a,0.0,0.0
a5c2d2d9-d7e5-4a84-8d97-97f554eefd79,0.0,0.0
a5d87722-c0c1-484a-b75d-3cd7ce889d5f,0.0,0.0
a69238d3-efa2-440d-842e-d0f58df427e5,0.0,0.0
a6d4d6cb-bf01-44c3-9500-9bfcb4437ec9,0.0,0.0
a6f770a5-574f-408b-913e-84f498c70085,0.0,0.0
a70a5738-c026-41ff-bde5-925ae8853576,0.0,0.0
a70c5a0a-04f0-44ed-a098-782675b5b2ea,0.0,0.0
a74eaf4d-fefe-4ac4-823c-3d1827309f65,0.0,0.0
a7536eb9-741b-418e-85d7-a78109561823,0.0,0.0
a762a04e-964c-4619-9a0e-8b53384f863c,0.0,0.0
a79c9e22-6e33-4961-b173-7eef89fff3cd,0.0,0.0
a814f8c9-8884-4869-a1be-89b3cb3bff72,0.0,0.0
a8680048-b774-4de6-86ad-2f1f8478040f,0.0,0.0
a8b3b21d-0ed8-4583-af58-8212f2ff28ab,0.0,0.0
a8b3b9c2-9ce0-479a-9f75-020c4cac0afa,0.0,0.0
a8c0f020-9978-4f43-946a-440903742287,0.0,0.0
a8c38e8d-243e-446f-bdd1-7394a59c7989,0.0,0.0
a8dd673e-4193-4e5a-b466-c7d71f541a4e,0.0,0.0
a8f2e0e4-1c35-4faa-98c8-162b246cabc3,0.0,0.0
a940c33e-915e-4fa6-a311-86582fc8070a,0.0,0.0
a94444ee-6bc5-4bf2-82d1-71dea0d0075d,0.0,0.0
a964108f-a35b-489f-acc5-eb1a55f4fc40,0.0,0.0
a9753d00-987d-4b55-8518-89c18da0d6dd,0.0,0.0
a98ffccd-b06c-4cb2-ba84-a9ce4ca3274f,0.0,0.0
a9d2e5f2-7ac1-4aef-bc17-d2c433c7df88,0.0,0.0
a9e5f16a-768f-4bb8-9019-99456e0c6f26,0.0,0.0
a9e93d03-21e0-4f3b-9558-47db3123e6b3,0.0,0.0
aa1fc2bf-acc6-48c8-b461-268187ab91ad,0.0,0.0
aa2a1384-6f35-4a89-a0ff-cf5204235388,0.0,0.0
aa3a2951-eb42-4b71-a3a1-a25d3aa1f7c8,0.0,0.0
aa731e5c-3552-441e-a27c-0c65d52af88c,0.0,0.0
aa808e2f-d460-4ad3-8bc8-9da805b01f42,0.0,0.0
aa953a55-1744-445f-836c-928914116377,0.0,0.0
aaab83e4-3d14-4590-a7e4-dbfbd5651bcb,0.0,0.0
aaca6f16-7f6d-405e-b4a9-694639f3bc8c,0.0,0.0
aaf40a3f-f6db-4086-b356-a33744101f49,0.0,0.0
ab0ec330-36cd-433f-83ce-ab780366d3e1,0.0,0.0
ab3686fe-31f6-42a0-ab29-d5e01ddbea84,0.0,0.0
ab481c87-01d9-410f-9a5b-09732c5e5916,0.0,0.0
ab4bdeb0-afd7-43e3-b600-ae4c05a62a94,0.0,0.0
ab660690-3ce0-4305-acc9-1f762f725deb,0.0,0.0
ab6972af-3d7c-4a52-aa39-e6f405a8716f,0.0,0.0
ab6aaacd-f43a-4190-a238-f66c923c6406,0.0,0.0
ab83cf5c-012a-4e9f-ad42-525e326b53f1,0.0,0.0
abaf87bb-5f19-4796-aa9e-7c26cc0d1371,0.0,0.0
abbc32d3-c251-4669-a7a7-5e4e5d848199,0.0,0.0
abf6a5c5-97b6-4005-b370-3655266dbe59,0.0,0.0
ac2c8e07-8649-46ef-bc94-46f5dd497c41,0.0,0.0
ac2e093b-cd10-447f-bb74-c29fe87267ef,0.0,0.0
ac3c2631-9781-4bea-aaf2-579ebc4886a3,0.0,0.0
ac50d942-8bad-4f68-9b3e-24cd7a5826b3,0.0,0.0
ac6e7cd7-7e9b-49a0-8cc4-4ba2f3751792,0.0,0.0
ac719a54-e576-4e91-830c-25778572b970,0.0,0.0
ac8ca4fd-a7f3-45bd-9493-ef3003ed7f81,0.0,0.0
ac9b710f-8825-4dd0-a208-20ff7fbaa0fb,0.0,0.0
ac9e2c6e-8803-4613-9eb5-d973627bbe04,0.0,0.0
aca1a842-21a0-417a-91c8-63e679063fe5,0.0,0.0
acbcb8b2-0efe-42dc-9d59-b5c22b998269,0.0,0.0
ace5ed35-d620-45e5-abfb-e05952091226,0.0,0.0
acf380fc-c032-4acf-8264-e8e77b7b93d0,0.0,0.0
ad3186f7-7862-41f5-b4aa-e4782f188df1,0.0,0.0
ad5b3bcb-be15-455f-86ab-77fbca88dff0,0.0,0.0
ad746862-dc49-4166-a76e-1fca73ef500f,0.0,0.0
ad74f55a-a4e0-4a25-a594-91674e28664c,0.0,0.0
ad80e9fd-ba76-4810-a416-7454093f9e43,0.0,0.0
adaec9d2-937e-4ca2-9f1a-0e356cc40410,0.0,0.0
addde7ab-a430-4dd2-be99-00ca9884fab9,0.0,0.0
ade55086-9506-4368-a545-0ab21e9340b7,0.0,0.0
ae14f438-6565-40ae-8c02-86f5d99d003e,0.0,0.0
ae424610-0a01-43e9-a5fc-7e9597f9f4b0,0.0,0.0
ae5c033c-9857-4436-b2e8-e74f2b93acbe,0.0,0.0
ae5e99bb-b3b9-48bc-8835-a7c31610c9e6,0.0,0.0
ae61a2ae-45e9-4576-ab36-1683f13be12f,0.0,0.0
ae7e1da2-3fa0-4cde-80f3-5826a927e293,0.0,0.0
ae87ecd8-721d-4332-8ee1-f2d6351e543e,0.0,0.0
aeb45f76-f2d0-4725-a66b-aef961cb0321,0.0,0.0
aebb2a57-f1c9-47ac-9833-fe7c26fba4ff,0.0,0.0
aecace56-d7b9-424f-b581-49a504ceb76e,0.0,0.0
aecf415e-9825-4c7d-877b-22fa6c03003a,0.0,0.0
aeea6abe-7dca-4fa5-b5fb-dcffe3143891,0.0,0.0
af18532c-f529-46f1-8d0f-a1efa313f0db,0.0,0.0
af262c52-5b62-4492-b4fc-956991ad713a,0.0,0.0
af4c0a85-b9ec-429f-bce5-f6597a762a6b,0.0,0.0
af790cdd-31a8-409f-a9a8-1816a541fd9a,0.0,0.0
af95f2a0-8111-41e6-b974-b39a64e49299,0.0,0.0
afe729b0-ec27-423a-8b79-7e029cb9632e,0.0,0.0
aff671d1-cb4d-4202-89d1-77d85dd8dc07,0.0,0.0
b02f85a9-e363-40f8-84d1-d43f1c90cce0,0.0,0.0
b036d281-cef8-4510-a747-aea5d38a252b,0.0,0.0
b044150f-e548-4e7f-b519-5a6f8d4d6a7c,0.0,0.0
b0547bf3-954f-4c35-9b2d-0201d5e06e8a,0.0,0.0
b05c282d-bcea-437e-ad8c-7a69e6b38264,0.0,0.0
b061b842-7fdc-41a0-866c-eaefe046b613,0.0,0.0
b0667693-5db0-4894-a70a-d5a25e19c7e7,0.0,0.0
b070464b-f37e-4cb8-8325-2b4ae069cd4c,0.0,0.0
b08fb134-7d3c-411c-a498-2067728dbc68,0.0,0.0
b0908942-b718-4d2e-8a45-a4411ec75c56,0.0,0.0
b0a0b114-d907-4261-9dfd-3cb63a47ca9a,0.0,0.0
b0f86081-b461-4d5b-b87a-d04f2404c03f,0.0,0.0
b125a914-f70b-4cc7-8c0f-3e73db1f92bb,0.0,0.0
b1671c4e-dd29-49bd-b967-07f7bf55fe0a,0.0,0.0
b1931725-02d1-44e1-a350-4aba6239a5fe,0.0,0.0
b1ae9bf2-e264-49e0-9bc2-d18bd4717ca6,0.0,0.0
b1b1618d-08bc-4eb7-a78a-0ea138de7817,0.0,0.0
b1c9b900-e46e-41e9-94b2-9381654f5845,0.0,0.0
b1e951c8-df22-4949-8850-5863e759667c,0.0,0.0
b1f35563-f9cb-49dc-b40d-2b6946f3ffc6,0.0,0.0
b20001cd-1715-47fa-b6a0-81221e8bb8d7,0.0,0.0
b22db6ce-12ad-434b-b13a-818545f810eb,0.0,0.0
b22f5025-1998-4d13-a9f0-3caeeb35ca8b,0.0,0.0
b239e630-ba56-430a-b5fa-9d8dd695b15d,0.0,0.0
b23ba2f8-1681-48eb-a67a-9240063e023a,0.0,0.0
b24432a9-9bfd-40d9-9dd7-981a8b9d3ce9,0.0,0.0
b2992138-a5a9-4348-8972-a62abfee7460,0.0,0.0
b2b8c7d0-9ac2-482e-b530-91c595d4a868,0.0,0.0
b2bda8a2-f3ec-4746-9b40-49031c84958b,0.0,0.0
b3093e82-8c5e-4462-86fb-5011585e7a63,0.0,0.0
b351cfb3-8fc4-45a4-af50-5875c57f4a38,0.0,0.0
b36a56d7-0ede-4418-bbdc-be9d2c5ad805,0.0,0.0
b382b97c-3979-420e-a5e9-a0d2f6a66a56,0.0,0.0
b3ad61ef-9684-4d9c-8a97-1a66a2455d75,0.0,0.0
b3dd3cae-ac1c-4358-9119-563b734d77c1,0.0,0.0
b4576620-3ec3-486c-8a5d-8848ec665680,0.0,0.0
b45b1ecd-ca0f-429c-a511-d926ba95bfbb,0.0,0.0
b48b6855-f62f-42bd-af68-1dbfacb32429,0.0,0.0
b48cb888-4e5a-423b-b9d3-e8417ef84804,0.0,0.0
b4a1699a-862d-4677-9c6a-a67a1be6eb40,0.0,0.0
b4b3d71c-3b30-4acd-9950-2b65faae6b5c,0.0,0.0
b4c4f77d-04cd-4645-86f6-406eb5dd0681,0.0,0.0
b4cc0a16-3da3-4a30-a933-b2fa6d21de92,0.0,0.0
b4f53cef-9fbf-4f8e-a008-ba803d4ee75f,0.0,0.0
b511b98a-be97-4d1b-b29a-d2465926870c,0.0,0.0
b53a3bd1-8405-43b1-9bc2-8e85f0042bf2,0.0,0.0
b5489e71-e985-4115-97bf-a5fc8b536c78,0.0,0.0
b565eac8-3b01-4540-91ee-c90069f58c2a,0.0,0.0
b59068fe-80d6-49b9-b72e-b0c2f0bcc189,0.0,0.0
b5a6913d-69a5-4de8-864d-55cd6c376d3e,0.0,0.0
b5ca7715-22bb-4d4d-905e-9688bc854be7,0.0,0.0
b5d38ae1-76a3-44d8-b10e-4b2ba6f27307,0.0,0.0
b5da2bd3-0099-451f-9016-326c8df15456,0.0,0.0
b5dad6c4-4a4f-4ec1-add4-de8dbff6538f,0.0,0.0
b5e75920-4883-4fef-b5d0-11a0861d1f1b,0.0,0.0
b5eecd85-9e7b-4f99-ab37-3ff559ebeac4,0.0,0.0
b682cfdf-9f18-4dac-abaf-118e785c7a8a,0.0,0.0
b6ac8b1e-f72e-4131-8652-b4a0b5052e57,0.0,0.0
b6e36b85-0993-495b-b4d3-9e173e4ee153,0.0,0.0
b7339930-4e16-4f83-9b0f-c18858aa8af9,0.0,0.0
b73afda5-ebe2-4138-bbe6-b789325149ca,0.0,0.0
b7aa3240-146a-4765-b1e3-673370395798,0.0,0.0
b7f299b4-decb-4cfe-9518-228abc673f95,0.0,0.0
b7ff75cd-e605-4bc5-970c-8cf2506c7b89,0.0,0.0
b8079aae-9c1c-4307-bd63-2bf45f78fd83,0.0,0.0
b8133c1c-9256-4ca8-b819-0762cd6b16bd,0.0,0.0
b81443af-5f9c-46ef-8b9d-358c9c777227,0.0,0.0
b82c98dd-7135-4130-a257-9bb34a3102e1,0.0,0.0
b83a8ca1-6bd8-4fa3-b651-6512eb19c250,0.0,0.0
b8656167-b51c-435a-b513-ab223edbe0aa,0.0,0.0
b874d27b-ab83-47ac-ac7d-e27c909a6a19,0.0,0.0
b8d58c26-6e36-4961-bb0a-28ede9178cc3,0.0,0.0
b8ffeb3b-0e0d-4e3b-bd8d-d088e1cfae8e,0.0,0.0
b90017d0-cb10-46ef-8834-1a830c576978,0.0,0.0
b932f3b2-6aae-4853-a88d-c188328920b8,0.0,0.0
b979fc8e-9bfb-424b-80a7-cf9e437dc848,0.0,0.0
b9801a0a-abfd-4417-bd7d-cbce911d0bab,0.0,0.0
b9833a3a-4068-43f3-bc49-2c0a6e09324b,0.0,0.0
b98cffbe-fc8c-4f87-8ddb-9dfb5e3398c0,0.0,0.0
b99c273a-ba22-4c54-bea1-188461304a39,0.0,0.0
b9b1769c-4219-4254-a776-b6521ec8569a,0.0,0.0
b9c0726b-6794-46d8-a998-1538f5b9a944,0.0,0.0
b9cc9c23-4175-4a8b-81fd-9318264d7e5c,0.0,0.0
b9d92a06-f8ad-483b-b8d6-6915756184a5,0.0,0.0
b9e6d808-7cb4-4a9e-a573-0c48ccf212d5,0.0,0.0
b9f5279b-8d3a-4365-a66a-a0a96df50195,0.0,0.0
ba4308d4-32eb-4b15-a8ea-12cb3d1d4c9c,0.0,0.0
ba725ddd-f5f2-4493-93a2-075d6b6b8013,0.0,0.0
bab0e098-e728-44bd-8901-8944929e1b7d,0.0,0.0
bb3ad3f7-53c9-4064-b047-ef3d02329c43,0.0,0.0
bb518e85-17e5-4813-b751-4b0658f1b226,0.0,0.0
bb6ba3dc-35fd-4b2f-b869-2f84fdc3c41f,0.0,0.0
bb79bc09-cd97-406d-8c50-5aae26127674,0.0,0.0
bb8debdd-7412-4564-be9b-597ec02757a0,0.0,0.0
bb9b8f1e-0cec-4f58-ba7b-60bb392fefb9,0.0,0.0
bbd676ab-3eaf-47cb-af85-304b286b7fa6,0.0,0.0
bc10da36-4d75-4b7f-8b00-b8af6258ba04,0.0,0.0
bc546ad6-6897-44cf-938f-cf878d4af985,0.0,0.0
bc747573-d544-4d2b-9828-96afbef57a8f,0.0,0.0
bcfe0e7f-f44d-4fbc-bd7d-fd53e02289c6,0.0,0.0
bd1c4be5-8842-4eb6-9350-e1e2f06e002a,0.0,0.0
bd20162f-aaee-44b6-81d2-0cb417a735f7,0.0,0.0
bd52d684-41f5-4d33-8108-47eab423fb02,0.0,0.0
bd697e72-3e09-4979-b70f-a3b459e9e649,0.0,0.0
bd786ed0-fc73-4d9d-836a-4ffe5379ae6d,0.0,0.0
bdd562b1-6f9f-4a83-b0b3-9c947e353922,0.0,0.0
bdda4fcd-63b8-4839-bad4-18d873356c0e,0.0,0.0
bdfd5ab4-bb53-43a1-94d0-92795d95f626,0.0,0.0
be07b8c0-f088-4688-88d0-a22b2d9b9ac9,0.0,0.0
be20e06b-7756-4231-8a53-3a721560be20,0.0,0.0
be3b48cf-df16-47eb-a3d7-4abdff6e4061,0.0,0.0
be5650bb-e3d7-4b5d-b66c-b7632cd98b48,0.0,0.0
be5b72ec-0b18-4c01-baa1-40f011ba334c,0.0,0.0
be8b64dd-d830-4fcb-a298-972b7dfa63a5,0.0,0.0
beb8a182-f6cb-42a1-af64-84e9db0cdf18,0.0,0.0
bf01e42e-e94f-4c11-86e7-24320c5f4d0e,0.0,0.0
bf0c699e-3035-4cc2-beca-ffc18a79fe49,0.0,0.0
bf46ca31-3cfe-4a9c-8310-b94788f7bd8c,0.0,0.0
bf470c79-dc2b-4102-8311-9f8bbc9b45b0,0.0,0.0
bf552aa2-327a-4f42-8bb3-a2d621d93cc2,0.0,0.0
bf7f5de2-b8f6-4b1c-b09e-c730620b2b57,0.0,0.0
bf8c52e1-b9d4-4519-8931-6b6616554a77,0.0,0.0
bfe53bdf-0e13-4306-a0e5-62c373e0f7d2,0.0,0.0
c00b6944-2456-4ae3-b281-6b44223a8d86,0.0,0.0
c00d79a9-9a5d-4dae-8c25-4aab2b5afa4b,0.0,0.0
c025c67b-7ef7-4c42-a40d-61e77659f39b,0.0,0.0
c02c46ef-cf8b-446b-a1a2-8ffaec2497dd,0.0,0.0
c036ed53-8959-46aa-8e19-af7823318b88,0.0,0.0
c043a38a-429e-42a4-9ab9-8f654e1eae13,0.0,0.0
c04e31b0-be78-434b-ae98-444f759509ad,0.0,0.0
c062cebe-a168-4855-b84e-3aaf6c4ea2b2,0.0,0.0
c06c3bfc-ed16-4ecb-84a0-a49ea58e5bab,0.0,0.0
c08736b9-50de-4e42-a034-3dd7e9e908f5,0.0,0.0
c0ad0b48-0584-470a-8851-1b60f50fb850,0.0,0.0
c0d16a3e-af9a-4a5b-9df4-fce0e408b82c,0.0,0.0
c12426da-06c8-4a7c-af7a-6de92b711f69,0.0,0.0
c140a584-e7dd-4ebb-9bfa-146bf156453c,0.0,0.0
c1428599-ba8d-4028-abd2-d383c38ccf5d,0.0,0.0
c145e723-0343-4a32-8cbc-3dcbeebbe467,0.0,0.0
c18af927-831d-4ac1-ab99-cbb0e302abea,0.0,0.0
c1a34af7-309e-48d8-97c7-6810ab76b9d2,0.0,0.0
c1a60a10-4190-471c-a2bf-39093727baeb,0.0,0.0
c1b2b7e7-bb2a-4482-9c71-f5067d708090,0.0,0.0
c1b790b3-78ab-471b-8dee-b4fe99ac2fb8,0.0,0.0
c1be5a09-5347-4e1d-a91c-4c7369cc073b,0.0,0.0
c1cc9b10-0395-4c90-b13b-8df9ff87b5de,0.0,0.0
c1f3ee36-f21c-4742-b09e-587c3a3ce756,0.0,0.0
c205d3d8-f179-4e23-8e5e-0c7d00a53f9c,0.0,0.0
c224aac8-5e76-423e-9462-7a0c8a4f746f,0.0,0.0
c250def3-6b20-498f-8856-584ce4b7679c,0.0,0.0
c27152d1-be58-4313-b121-c5e2665f1533,0.0,0.0
c29add01-1399-4cd2-a935-e050923e288c,0.0,0.0
c29f4c20-073d-4d81-b906-61e4ad6679b6,0.0,0.0
c2af6ce7-ae13-4e6d-a820-17f33a111bb8,0.0,0.0
c2cf610c-9a6f-4aca-8454-271c3e7f197d,0.0,0.0
c38b0627-0a81-48ad-aa4a-7da941bcd242,0.0,0.0
c38c18c5-d6cb-4b66-9f8c-f2635d8069fc,0.0,0.0
c399aea2-a998-46b7-9815-777b553320fc,0.0,0.0
c3d3fcfd-4cb1-4dc3-96c5-111c9ca51717,0.0,0.0
c3e8dd05-c4d5-4504-b283-12da6182f8fb,0.0,0.0
c3f53cf7-95f0-49db-8f11-2add49424a1c,0.0,0.0
c42257fe-4b85-456a-adcd-afe2f0bd6fb4,0.0,0.0
c4233ffe-bda8-4a65-b670-837744965f16,0.0,0.0
c42f8583-d177-4337-99d3-6ec9fae7e7b2,0.0,0.0
c43331ca-69dc-4c19-a4da-5ec439574c7b,0.0,0.0
c47292d3-4549-4147-9c6d-c9b8efe14e6b,0.0,0.0
c491324d-5468-4056-b94c-c93654fb62cd,0.0,0.0
c4d1c82b-bdce-4750-bcf9-b3deb56bc350,0.0,0.0
c4d332e6-7643-4092-8b42-38ee0e3751d2,0.0,0.0
c4dadc1b-91f8-4e25-b503-0b8cbf3e5339,0.0,0.0
c5154556-d904-41db-b86c-1f415ce20e1f,0.0,0.0
c52cf58c-c30e-4421-9a96-733a561408c4,0.0,0.0
c55271e4-1eb9-4698-8b84-3640b31f06be,0.0,0.0
c5711241-4664-49b4-ad29-acf9fa5dc0e3,0.0,0.0
c58b8603-e860-4621-b668-c1651053abdb,0.0,0.0
c594d7a1-b04a-49f5-9503-4cd240540fef,0.0,0.0
c5e0eeb4-3e75-44fc-8dc2-2d79744c3095,0.0,0.0
c628e374-3c79-46c5-8fc1-53516f754a4c,0.0,0.0
c6321b54-125c-4715-abb4-65f5469c66ed,0.0,0.0
c65b093b-4acc-491a-9b7a-71917524cb4a,0.0,0.0
c66bab82-746a-4734-a238-bfb871deadce,0.0,0.0
c674f2f4-883d-458f-8163-0ee29bc0d8ea,0.0,0.0
c6a78ce6-bac3-4c7e-91ec-575992a75fec,0.0,0.0
c6d3bd37-8fa4-4e8a-b438-8907af0b314c,0.0,0.0
c6ea722c-a773-46ef-945e-988427c3e751,0.0,0.0
c72669c8-d6c0-4c21-b9b8-9291ec12a193,0.0,0.0
c73917fa-732e-477c-be32-0ce7caf7ee3e,0.0,0.0
c74a5bc3-467b-4c96-bbd1-bfd7c4e90137,0.0,0.0
c74afed5-9954-417d-a8e5-0fa6143a5874,0.0,0.0
c750aa7a-0d08-4081-8950-4b9dae585f06,0.0,0.0
c75fb582-5bf6-4a29-a0c4-fd45ad1427ac,0.0,0.0
c7689eae-c9f0-43ed-a485-44d9c3d9f0e6,0.0,0.0
c79573e2-996b-4636-8805-7e9787244ccf,0.0,0.0
c7b2450e-bf1f-47e2-8b70-c6f99efc8f41,0.0,0.0
c7d5dc4b-3edf-498c-aede-39cd7c754ccb,0.0,0.0
c7f37476-7a78-4fba-bd30-cc23e7830fb3,0.0,0.0
c803d93a-b9d1-4617-a7c4-3a8954645c32,0.0,0.0
c82b70b9-f91d-440c-ba5a-e1532d9938de,0.0,0.0
c83516cc-6011-468d-b561-c8470104dab6,0.0,0.0
c85056ec-5cf5-427c-9387-640d042af612,0.0,0.0
c854a083-5d5b-4d27-bb83-d42fc509e0c5,0.0,0.0
c8913cfc-e884-40b6-8709-a73d107c8d32,0.0,0.0
c8b5d93a-4772-4c63-be77-39f6d5bab617,0.0,0.0
c8b8d542-6ccb-4313-9cbc-f8511d2218c3,0.0,0.0
c8e414c5-4e07-4825-8ae3-e76d66579411,0.0,0.0
c9171363-64fe-41e5-ada8-8423a8d78185,0.0,0.0
c91d2a2d-cdf7-4fc4-a664-344447ea18fa,0.0,0.0
c92e4b92-91a1-47e2-be14-c03c6fe3bc96,0.0,0.0
c93381e9-91d5-40fd-a397-b54ebdeafd07,0.0,0.0
c95957af-7d49-4091-869c-05f3bee6919f,0.0,0.0
c97c2b95-6f42-4245-a0be-14d665ea7034,0.0,0.0
c99c7d2d-9946-42a2-8278-2954c1d53584,0.0,0.0
c9c3a09b-ec75-4093-ab4a-6b3cf30175af,0.0,0.0
c9c6e79b-9ab2-411e-8685-e8154315ee3d,0.0,0.0
c9df51bc-292a-4680-bc19-85a888217d71,0.0,0.0
c9e510f1-1795-4671-b139-3dcddb2c9c44,0.0,0.0
ca063af1-ebf7-4647-a582-06f4fd2a45d4,0.0,0.0
ca3efede-d6b6-494f-a537-87c6cb706d70,0.0,0.0
ca575246-fadc-4fe6-86c2-b3af009edce7,0.0,0.0
ca58c593-e1df-4990-b103-90a206c51ad2,0.0,0.0
ca9f0247-32ff-4f7e-b553-5be12d8a3260,0.0,0.0
caa6bfc5-c22c-4f3d-b133-71a276dcf8bb,0.0,0.0
cacd6cca-4fc5-4b31-908e-7d4c0c30420a,0.0,0.0
cad51334-b3af-4c23-85c3-451c3447560a,0.0,0.0
cae7484f-b69e-4ed1-ba6d-11995e551c4e,0.0,0.0
cb2731e1-1034-482b-a94e-9dfcd8f1d868,0.0,0.0
cb2aaeba-8f92-4202-bad1-0f1934a99f27,0.0,0.0
cb64de32-b8f3-4dc9-b7e1-591713560f89,0.0,0.0
cb683bc6-e46f-42c9-9bcc-0642a20c8f02,0.0,0.0
cb7a93b1-9128-4af5-97ab-54edfd954b48,0.0,0.0
cbbdd043-b7f3-4de1-8481-cf14f8ffff4b,0.0,0.0
cbc12d0d-24fa-43c0-9ac8-1480bc698566,0.0,0.0
cbd7a7f5-41ee-4282-8daa-81938b74ce6b,0.0,0.0
cbf536ba-6527-4422-83f0-87a813ee260a,0.0,0.0
cc080802-c79a-44b6-8d1d-4b053b3591ca,0.0,0.0
cc0ad35c-98a4-46f0-8c7d-dd61694b3539,0.0,0.0
cc0bdb91-1cc9-4559-b53e-898cf29e87e7,0.0,0.0
cc0d4222-7209-4176-b34f-4f7b96f7b58d,0.0,0.0
cc7b11bb-7e69-4dec-8977-876dba630f5d,0.0,0.0
cc8958e3-64a9-4ea7-8693-787a0f88f9c5,0.0,0.0
cc931a7c-ec4f-4349-b33a-d5455ea64b4b,0.0,0.0
cca9ad0a-6a1f-4567-971e-75c26c7de5a0,0.0,0.0
cd091fbd-94fc-47a1-84b2-4cdabf80b32e,0.0,0.0
cd41e11e-b3a9-4416-b206-82c592533390,0.0,0.0
cd59b0d8-c073-46db-bf16-f029a3d789ea,0.0,0.0
cd59e62e-f9b2-4fbd-91a9-d46b6513affc,0.0,0.0
cdc6b640-c1b6-430e-9ab5-4090444b800d,0.0,0.0
cdcd947c-ed4c-4293-9a35-9647e7f6dda3,0.0,0.0
cdd5df6e-3a6d-4d25-ae7a-ba31c5d8efa0,0.0,0.0
cde2a204-9997-4761-b348-2bd8b012c0b7,0.0,0.0
cde6ab4b-b071-4417-81b2-25d166c7d9a0,0.0,0.0
cdfa98d3-a44f-4402-ad65-5b1cd05f8e49,0.0,0.0
ce0e1a4d-0496-45f9-95cc-4463ba0b6be7,0.0,0.0
ce122901-d2bb-4291-bf8b-ffbd48a8ba55,0.0,0.0
ce1b39d8-71fb-4b60-b2a4-dab5a0dd2abc,0.0,0.0
ce2794e7-6732-4ef4-a850-2029d6dd10df,0.0,0.0
ce570124-f6ff-42b2-b87d-816888b7ce35,0.0,0.0
ce655323-44d1-4730-8730-08245bf3e417,0.0,0.0
ce75b5c7-27ef-4336-918d-45a53b1819ab,0.0,0.0
ce904507-09fa-4c45-86ab-862bc6d17d7e,0.0,0.0
cea99775-7896-4473-ad7c-05c014e02d4d,0.0,0.0
ceb906fc-44cd-44a8-99a1-f87a4b0a3307,0.0,0.0
cee27159-9e8d-476d-a27a-dc00226c11d9,0.0,0.0
cf162036-556b-4f0c-8cf7-122814183f5b,0.0,0.0
cf398dca-bb8f-45cc-89a2-6051a26758e6,0.0,0.0
cf3f120f-44d0-4aca-ab8d-4286573a5564,0.0,0.0
cf4873d5-8139-4997-a7f0-6b6e64a1c6e8,0.0,0.0
cf7419ad-356f-49cd-a2c4-509316eaf0d3,0.0,0.0
cfadc803-a6e5-47e6-8a6e-172e4b1e4917,0.0,0.0
cfc17a5a-5005-40df-854b-82908a701283,0.0,0.0
cfc4b2ad-17e2-4355-870d-c11ebbb7d866,0.0,0.0
cfe14b61-25ab-4930-814d-ac09c369a49c,0.0,0.0
d03bb07a-fc20-4df3-93cb-01f0c3e7aa06,0.0,0.0
d0412cb6-283e-4576-b166-24f154b57b80,0.0,0.0
d05bd690-6b82-4351-ae5f-6caedb61bef5,0.0,0.0
d060483c-d183-49a3-a2a5-fc7c7341712c,0.0,0.0
d08a5b63-2bbf-4af7-8ede-7b43bbf5c2bd,0.0,0.0
d0947366-b8b2-4b64-88d2-ea82a987abaa,0.0,0.0
d0ca4860-e155-4f89-a234-3fb598c2fac0,0.0,0.0
d0f49c7c-480d-4994-9e46-8db16302d208,0.0,0.0
d109af85-cbb2-402b-a657-97ec738292a2,0.0,0.0
d1878b13-697c-40c2-bacd-7e6864bd40ce,0.0,0.0
d192213c-6418-4d9e-b97d-e2eb162591e5,0.0,0.0
d197d354-8b95-4c5f-b517-d4cb4d9652da,0.0,0.0
d1e3b211-fbde-42c9-9453-c685aa2df0f3,0.0,0.0
d1ed1f65-6b08-4f6b-814d-cbb82c0681c9,0.0,0.0
d216b621-4dca-4dff-ad3a-2e39efd8c313,0.0,0.0
d223a485-e31f-4d6a-9b59-a533b31e6de4,0.0,0.0
d24b1bac-cc77-4b85-9aea-f5c398b97713,0.0,0.0
d24b1c69-5ea0-4475-8579-bccb803ab22c,0.0,0.0
d26065fe-4c56-4f01-8df3-cdd1cd1ff4ef,0.0,0.0
d26d4a60-5898-44ff-a35c-4d5f5c593dc0,0.0,0.0
d26f3a1a-03df-4e08-9434-969560c27d41,0.0,0.0
d2a17101-75fc-4ffb-b08a-c8329c505cf9,0.0,0.0
d2a3d7f3-4bb4-44d9-8b16-e89d9a76439d,0.0,0.0
d2d9d798-99b7-4d80-8951-1a22f8248f10,0.0,0.0
d2d9d848-74d0-4660-a0eb-8bdf98741a7c,0.0,0.0
d3003a0a-3521-429c-935e-08ad41f3c157,0.0,0.0
d3155363-f55d-41a5-a3d7-915e126aa49d,0.0,0.0
d347779a-e683-4296-ade0-48db2fdfdbcf,0.0,0.0
d348885b-7464-46dd-aa1e-33036b70373d,0.0,0.0
d39fd9fd-8507-41dc-adbb-4821d4bf926b,0.0,0.0
d3b3d29c-0f6b-46b1-863d-ff0ef08793b7,0.0,0.0
d3bd10ea-2c1b-4c01-b7c4-117e9df0e437,0.0,0.0
d3d98af6-6de1-4417-aaa3-51f13dbec8a3,0.0,0.0
d3dc8e9c-5b93-40ea-a58d-a32d882c1ef7,0.0,0.0
d3e8bd97-0e07-4a32-9fcf-a92120d2c64c,0.0,0.0
d3fd8587-9791-4827-ae7f-a23ee52fa513,0.0,0.0
d3febef2-77fc-4394-badb-e8a5b1af8857,0.0,0.0
d40bb663-f302-40f6-9b8c-54041fbf885a,0.0,0.0
d4163152-5e7f-442f-9a17-5c2e23383646,0.0,0.0
d44ff0ee-30d3-4e03-8e12-d807aa0921dc,0.0,0.0
d48eff1e-ac25-45e6-a2e1-89ce21a4e6ae,0.0,0.0
d4d1f8df-8ae3-4fc6-8fe1-7d8492279f73,0.0,0.0
d4f4a070-b68d-46b3-ba25-86853eff76b8,0.0,0.0
d51e961d-4be2-4403-b2d1-bc1d9be6725e,0.0,0.0
d5203ee4-26c7-4db8-bf78-12dc5263f8b1,0.0,0.0
d5287bac-d6fd-4a57-8a68-0deea20cfcbe,0.0,0.0
d52e5408-9867-4d37-8166-1b5efc8f7cf2,0.0,0.0
d52eed18-f1a8-4d06-b3eb-0dc78e589396,0.0,0.0
d535adef-b028-4757-978e-756b2792b97c,0.0,0.0
d55ae15c-9766-4f62-b0bf-d8a429aa7950,0.0,0.0
d576385d-136e-46c0-9c64-dff48995b8c7,0.0,0.0
d585274f-4c5c-4798-aa22-da6f6eb3b340,0.0,0.0
d590d45f-6f67-43c9-964b-026888c5f5aa,0.0,0.0
d597751e-642a-4d31-9b65-10ce6fdfa5f2,0.0,0.0
d5be2834-7fd8-4ed1-b6c8-914da06ae2bd,0.0,0.0
d5c08e01-25b3-41a4-9b8c-da3e59173c10,0.0,0.0
d5d05c19-8eb0-4a90-b06d-cc9f22fc7ae3,0.0,0.0
d5e37b29-a06e-4328-8544-f5296dc023ee,0.0,0.0
d5e73ed4-87f1-4963-a7f1-fce72c396632,0.0,0.0
d5fd6aa7-2897-4dd2-bcec-b3380fd94e30,0.0,0.0
d608900b-acd6-4fed-a49c-85f13f7aa3b4,0.0,0.0
d64197fc-0723-4c61-9ce8-ff2554e24154,0.0,0.0
d6507d99-05b0-494c-a05f-c28736bfa0af,0.0,0.0
d67faee8-3960-4462-aff3-490af823a311,0.0,0.0
d6854ffa-b4cb-446b-8676-42edfe4ce8d5,0.0,0.0
d6909558-9166-44b9-9dc5-b6b46ab804a3,0.0,0.0
d6cee23f-90a3-42b3-949d-0698f2e06fe9,0.0,0.0
d6d7bbfd-ae01-40e3-9de7-36d0bd62b177,0.0,0.0
d6d9ad79-4ef0-45b6-8309-ae599906f14b,0.0,0.0
d743a5aa-e873-4bbc-8f1b-24777d04a171,0.0,0.0
d7474134-e3fc-4e93-a96b-ce7c0d30aef3,0.0,0.0
d7606c6b-e0a0-4ed5-8499-4ca343d29ca9,0.0,0.0
d7968224-150e-4b25-a9f6-22d33f6f8a3c,0.0,0.0
d7bea748-327d-485e-a416-35a847a47bff,0.0,0.0
d7e28a36-4205-4a7d-9e1e-cedf478f51d3,0.0,0.0
d7f061bf-866b-4cc0-ab71-28ef39f51142,0.0,0.0
d830fbca-8818-4a8c-aa3e-1b76322d8fae,0.0,0.0
d84fb3b2-4af6-42fc-a8ee-d615bc490f16,0.0,0.0
d879a549-4e69-4403-aa48-05ceb4d51461,0.0,0.0
d882c1fb-bec4-452e-b690-9ee61bbd73af,0.0,0.0
d88ae3e5-dc59-4822-aee8-7531157f8c80,0.0,0.0
d896b01d-dcd8-4d26-b520-71408f6d793f,0.0,0.0
d8989e7b-680a-4f82-addd-c00d9ede7ce4,0.0,0.0
d8a4a860-40ac-40a4-a269-315c251f34d3,0.0,0.0
d8c95d9f-328f-4cfe-9b34-68b72f37182f,0.0,0.0
d8d07acd-bcba-4733-adb2-6a8e640f8fd1,0.0,0.0
d8ef3a07-fac1-4ea0-8434-5015ed99e83f,0.0,0.0
d927034c-fc0c-49c1-9a72-e3a6396560a0,0.0,0.0
d930c458-b643-4c29-b450-a1168f97340e,0.0,0.0
d93fa80d-28bd-42e8-83cc-297552a497ed,0.0,0.0
d9456ebc-50d7-4c87-bc34-b4fa66df7a28,0.0,0.0
d9939691-109b-4872-8d49-bf79cba4c024,0.0,0.0
d995d62b-3f42-4e89-9de9-05e043c84a41,0.0,0.0
d9a07046-8b1e-4fd3-8903-7b29b275392e,0.0,0.0
d9a693b9-7f1e-4edc-96dc-9d00019b00fa,0.0,0.0
d9b6d8c2-fdcd-4145-ac22-c12827f980e1,0.0,0.0
d9c73375-9228-4a7f-adf3-e9cd89e338aa,0.0,0.0
d9c81e11-74fa-496c-bab5-3e5c6d7ac2cc,0.0,0.0
d9f51698-cbce-4261-9902-d245b7ce2627,0.0,0.0
da2d6525-717e-4d13-a4b7-a35ee6931fab,0.0,0.0
da2fdfe8-8d68-410f-acbc-a7b303ff685d,0.0,0.0
da730f9a-9a8b-4e79-bd2b-1cd97f829dae,0.0,0.0
da7f88ca-958d-4725-923e-b7ec998a751c,0.0,0.0
da87c287-ad2e-4458-a3b9-195de490c151,0.0,0.0
dabaeaf3-a162-4539-8204-6953b4bef400,0.0,0.0
dad94226-9c39-4702-91ac-b80f807c732a,0.0,0.0
dae4abb6-c4ad-429f-8843-ed2e866a02d1,0.0,0.0
dae648a4-22be-424a-bbe0-243dcf16e365,0.0,0.0
dae75a35-2554-4226-a6cb-18a303c01127,0.0,0.0
daf16c55-47f6-43f1-8622-bab0c107c02f,0.0,0.0
db326e7f-9a55-4cb0-b4b1-fc5d05667659,0.0,0.0
db36490d-61ad-4d0f-b414-7589158955c3,0.0,0.0
db49db9a-fbb2-4ed7-8b21-acdb9ed25baa,0.0,0.0
dba1528a-ef81-4680-b2b4-bbafcd69c487,0.0,0.0
dbb3fe52-baa0-4918-ae72-0161482a89a2,0.0,0.0
dbca7064-497b-4be8-9d8e-3b88d4e0d189,0.0,0.0
dbd3f812-4bd1-4aab-8442-c6ef353fb944,0.0,0.0
dc07978d-9776-4548-ab97-d78595905351,0.0,0.0
dc091fb9-1a69-4888-88f5-a188d657d641,0.0,0.0
dc0f2226-5743-46f8-927b-0996e5448392,0.0,0.0
dc1068c5-7a64-4265-b72f-e624c61791a0,0.0,0.0
dc2f6f9a-72b4-49d2-862f-393752d09477,0.0,0.0
dc5c4fb4-6071-43b3-a1d0-985bb9744af1,0.0,0.0
dc63a3c7-bc7e-44ef-bc1b-dc52ad68ea5f,0.0,0.0
dc7f6020-3382-4cdc-9db9-ce961a70b890,0.0,0.0
dc8941e5-e7e5-4fce-93c4-7c9cc544c9d7,0.0,0.0
dc9d8258-79da-4dde-89c1-c54e2276683a,0.0,0.0
dcc14dae-1abf-4027-81a1-70088e50ee9c,0.0,0.0
dcce5add-900a-448e-aaa5-38341aab97d5,0.0,0.0
dce86976-b37a-4b4f-8c07-a6c2bd7bfcec,0.0,0.0
dd154dac-525c-4e9c-96ca-f9cc1064657a,0.0,0.0
dd15b09f-4d37-4a31-8ca4-f67e6412841b,0.0,0.0
dd1bcab9-5562-4602-abe4-10631b63cd6b,0.0,0.0
dd29df0b-afeb-4f67-8307-d166648b13fd,0.0,0.0
dd4ab104-5005-4b04-bcff-e427142d2058,0.0,0.0
dd6d5e32-1915-403b-8953-181c5f9aa514,0.0,0.0
dd7f8657-d1f4-4993-a608-6420a38a392e,0.0,0.0
dd83752a-41c7-4f1e-943f-0bc45de7af20,0.0,0.0
dd8f79ab-7ed9-4290-984c-4cbd184060a3,0.0,0.0
dd957815-633b-4bc8-9943-6a74f8f526e3,0.0,0.0
dd95964f-0a59-40ed-8273-80b2d82936ca,0.0,0.0
dda50622-7769-46be-a9d7-22074c242fbe,0.0,0.0
ddf49576-980f-4282-8500-8bc9ab9e70c5,0.0,0.0
de0d6197-0c99-4b5f-a3dc-773e8f69c48a,0.0,0.0
de377a34-8ff7-45ac-9867-123b81a301f9,0.0,0.0
de582f17-0732-4369-a05a-ac8e2e98dce9,0.0,0.0
de6ca6d2-6dd5-442b-b799-5ccdb5e8fb09,0.0,0.0
de6d7469-92e8-469a-a655-dca778e2bf6a,0.0,0.0
de6d91d1-8256-4fbf-b3e3-a2aef0cae06f,0.0,0.0
de8c641a-adde-4708-a93a-ab135c1f762d,0.0,0.0
deabdcef-bd26-4d02-8c5b-da2f3cc8ac28,0.0,0.0
ded28bbf-4e38-4d01-b0af-7fe2d58ba1d5,0.0,0.0
deef58d1-a459-4fbc-ba6c-297a6aae0716,0.0,0.0
df093116-c2eb-42e9-8908-cece14b5978a,0.0,0.0
df2715c6-46c8-49ef-81ed-14135d8d1c4a,0.0,0.0
df36efd9-0746-4cc5-96dd-6759da8121de,0.0,0.0
df5f9665-b7f7-480e-ab07-7419ca0d6cdb,0.0,0.0
df8cb1dd-746e-4d28-8242-88d9e8507393,0.0,0.0
df9c36b6-0673-4eef-8215-9b41af6f7096,0.0,0.0
dfbc39b5-cd30-40bd-8633-d0ec251a2f9d,0.0,0.0
dfd74555-fa5b-44a4-a8ed-75ead9f16eaf,0.0,0.0
dffdff90-0673-42b5-aed7-e03cac867b3f,0.0,0.0
e0634532-3269-409d-a636-5aa1d10f6c91,0.0,0.0
e06472b1-4386-445f-8ce9-ccb6e65e6ead,0.0,0.0
e065a521-2fc6-4ea8-830c-be5150ae121c,0.0,0.0
e0716626-9991-4777-b09d-d2dff84137ae,0.0,0.0
e078d497-ba73-456c-a0a7-f5a06a085608,0.0,0.0
e08e2127-af24-4494-83cf-0e4de6b83e19,0.0,0.0
e0a98612-de4f-486f-ae63-836f3d0ce9cc,0.0,0.0
e0c1f703-2a19-4def-8618-69223542c562,0.0,0.0
e0e93a71-0630-48c4-81f2-a9625613b64c,0.0,0.0
e100ea34-c3d9-4373-83b1-0991737c1607,0.0,0.0
e1044d65-6295-4da2-8c8f-fc62a9c6ceed,0.0,0.0
e122896f-f2d4-4c76-8ce9-7726d6d2747c,0.0,0.0
e129c999-3f20-49c0-b571-4c2afa311342,0.0,0.0
e1c84a20-f1fa-4c64-b2b1-3c835eae5963,0.0,0.0
e1d81f30-3b6e-4fcf-9485-caf78cf6f28f,0.0,0.0
e2028011-1b36-4759-bc0d-3744ec9b119a,0.0,0.0
e20ed2a0-021e-4e85-a013-de8931e05139,0.0,0.0
e20fedb9-daea-4259-a349-8815321203ba,0.0,0.0
e2675009-77ba-4330-a01c-c920ce64587b,0.0,0.0
e2897694-70bb-4665-b422-2c73856ba0a0,0.0,0.0
e28fd540-1c52-4acf-b194-66e8bf9b983b,0.0,0.0
e2afc34a-688d-4cb4-91bd-1c4e7a9f4b07,0.0,0.0
e2d5265b-fd57-4a72-a5f3-be69201abbd1,0.0,0.0
e3053e62-4fc9-49ad-a820-0f7b03c9b1da,0.0,0.0
e3088cb6-c885-4788-b93b-9793e4eb69b4,0.0,0.0
e36ada7a-d23d-44e8-bb02-601a0492a3df,0.0,0.0
e377648a-4f6f-4d2f-9ae2-c3e73e9887f6,0.0,0.0
e379e919-14dd-47b7-b5b8-27e92cc11305,0.0,0.0
e39e649a-af75-464f-8c00-cb9532d6849e,0.0,0.0
e3b0f61d-484d-4504-91d2-9f802cf15f02,0.0,0.0
e42034a5-bba3-451c-acf8-b67961dc4632,0.0,0.0
e426151f-8d98-4c0d-8956-143f71119ef9,0.0,0.0
e44624d9-6885-49d0-98c7-f2168baf8730,0.0,0.0
e4473542-1804-41c0-82b2-eaddc245845d,0.0,0.0
e451df73-1c0b-458f-9e93-97d45657a4b5,0.0,0.0
e4542ac6-b803-4f18-ba25-e61f9dd34e00,0.0,0.0
e455bf66-f3e9-46f6-a8b7-abc09a165ef9,0.0,0.0
e455c855-11e3-478c-b5d7-b0c26e13f6fb,0.0,0.0
e45dc185-142e-4471-99f7-d30d923de14e,0.0,0.0
e4687d0a-f51c-4609-a8d6-2f2c301c449b,0.0,0.0
e47903fe-0424-4d9d-a231-c9bdaeb22727,0.0,0.0
e48b5b97-6d60-482d-a6f6-db6befb39a95,0.0,0.0
e494eb1f-f1ce-4609-b184-c7e30e42fd25,0.0,0.0
e4c54067-8c5c-490e-8231-e16bf93f64c3,0.0,0.0
e4cae738-de61-44c3-84cd-fab6866bcdd3,0.0,0.0
e4d3b6a3-f559-49b3-adf6-5363126960b9,0.0,0.0
e552a440-b29d-4447-b761-10003f809628,0.0,0.0
e557372f-59b0-4928-90e0-cb1739ba1725,0.0,0.0
e55bbf19-da0f-40db-88ef-792eb85e6358,0.0,0.0
e56c9b61-56a0-4d4c-af8b-782bfa9e0707,0.0,0.0
e58476da-6e9b-4edc-81e5-07d9ecbc3eac,0.0,0.0
e58a654c-b12d-4122-94ec-8518c12feb12,0.0,0.0
e5b22525-0fae-4143-8a23-432ccfbc90d7,0.0,0.0
e5b8387f-ded3-4497-a6aa-84ffe91d7066,0.0,0.0
e5bd6d1c-aecc-47e8-9218-75543dd8c3d4,0.0,0.0
e5c41dcc-4f3f-4002-afae-0781bc804fda,0.0,0.0
e5cdeb26-a497-4759-ae6c-df50ab82bc73,0.0,0.0
e613aa90-60c8-460d-b9ca-b85531486619,0.0,0.0
e613dd60-cd21-4b28-9719-2a467b2b1459,0.0,0.0
e64978c3-904d-411e-872b-fd659bd3eb7d,0.0,0.0
e64a62c9-c3c6-4b9a-aac0-1cff8f2e93ad,0.0,0.0
e65922a7-2af1-4ccc-925d-b9af980074ba,0.0,0.0
e66a96f9-e250-411b-abba-489a87ccb6f2,0.0,0.0
e67b4f63-b26c-4b44-8f09-5f133d7f6632,0.0,0.0
e67ca301-b947-4f4b-8095-ad818a3f2ad9,0.0,0.0
e69344c8-0ccc-4fa2-b148-75a61773c812,0.0,0.0
e69eca81-1e40-4da5-b793-e508a5f4a7a3,0.0,0.0
e6b7bf01-816d-4f1a-b412-82b5c56b46f0,0.0,0.0
e6df2c91-312e-4cd6-a801-f4d2721a89e5,0.0,0.0
e6e4eb13-f62a-4c87-a13a-2ff34d347539,0.0,0.0
e6f3ebb3-1c34-45f5-a0ee-c509cb101e38,0.0,0.0
e72e5cb8-4aab-4dea-bf67-22dbb3943808,0.0,0.0
e7357a09-61ac-4db0-affa-9b34790990a7,0.0,0.0
e7482f90-1d3b-472f-8698-0e79da127a5b,0.0,0.0
e7573b1a-8346-48b3-9fd6-f11cb4e7c84e,0.0,0.0
e7937c18-4903-4f6f-87fa-372974541373,0.0,0.0
e7bfe794-ee92-4de7-adc0-cdae5b649cc2,0.0,0.0
e7cf80a2-01ea-4670-a5db-f95e06a35966,0.0,0.0
e7d185c2-99e4-4687-b159-0baf66af6947,0.0,0.0
e7ddba6d-f932-4606-b890-abf683a2ba7f,0.0,0.0
e7ebec51-7f68-4542-9236-037e5b8446b8,0.0,0.0
e80c6a61-1ecf-4d6b-97db-51cb8ec1711c,0.0,0.0
e833aad1-6da3-4413-b25e-b2ab5b2029c0,0.0,0.0
e8607fa7-891e-4c16-ad9b-c0588cbdf4e5,0.0,0.0
e86a0464-1b69-4bf0-952b-a0e3fbc67985,0.0,0.0
e89c6f54-cc91-4d1d-a269-cd1b9322fa88,0.0,0.0
e8d44c53-1191-4e74-93a5-049e10d66e17,0.0,0.0
e909ffcd-b607-4835-8bb0-456849f7b727,0.0,0.0
e916b18b-20af-4c5b-9942-9d4da20cf6b1,0.0,0.0
e9556c3d-5845-4505-8997-52c71240b9c2,0.0,0.0
e9690655-8905-4712-9630-bbf4da005b87,0.0,0.0
e9c69c0c-49ff-4553-b114-a14d51263a4a,0.0,0.0
e9f71d88-7d48-4ec7-9bba-1968b6133368,0.0,0.0
ea00b771-2b06-45e6-b314-52c9e1b054c0,0.0,0.0
ea181826-2364-4884-8799-82c55ccc9213,0.0,0.0
ea20a8fd-4046-4216-a570-4b5c03f0b339,0.0,0.0
ea2c8456-624b-4722-8cbe-d1609cb9d55d,0.0,0.0
ea3bb242-5d85-42f6-8ad9-7335a89fb061,0.0,0.0
ea748744-cb06-44e2-ab57-93ac04f15d99,0.0,0.0
eb081a95-ebe0-49cc-8e33-781758df17cb,0.0,0.0
eb099c1d-7b2b-48d8-9410-f1f52fe58910,0.0,0.0
eb0a96a8-1b93-4e5b-8e94-f0c08d7105f8,0.0,0.0
eb2b7b71-ca31-4b42-89fa-478c562810af,0.0,0.0
eb573220-feb0-4253-9a90-f36a7146d887,0.0,0.0
eb5a03eb-b21f-4395-8205-6ccd9b4ab485,0.0,0.0
eb66b608-cba9-4d17-be47-2c6899fec4fa,0.0,0.0
eb78f307-887f-4627-b8d8-cb512a535f38,0.0,0.0
eb943f99-0c26-4a33-a01b-0e890aefda4a,0.0,0.0
eba87dc7-c036-4c1b-9394-8a7b142d8ee3,0.0,0.0
eba91fb0-f6d7-4e02-be53-6e53e9ef2c84,0.0,0.0
ec13649b-2bea-48d5-9536-72de095e041b,0.0,0.0
ec3d30df-cfaf-4237-9b78-d0e22289abee,0.0,0.0
ec587d47-f109-49ce-92bf-04cc80fafd88,0.0,0.0
ec63f1c2-cab9-4be9-a1c4-c7e8987e6ff6,0.0,0.0
ec84450e-916f-46c8-b2a6-5e257af5c695,0.0,0.0
eca952d7-acc7-4c87-becd-0a79ffe55f23,0.0,0.0
ed1f2c19-bdcc-442f-a102-4a1983fae604,0.0,0.0
ed2862d9-fecf-4c9c-b587-e457d8c106d9,0.0,0.0
ed6ed218-b918-41be-b9a3-a31f7c7fa1bf,0.0,0.0
ed7f38a5-483f-42ae-bb1c-a9cdc4547a35,0.0,0.0
ed8891ae-d52a-4fae-b4b1-5cfb29e7730a,0.0,0.0
edb767c5-96e9-4035-ae3f-87dba28f8410,0.0,0.0
edb8bda5-872c-42fc-931e-0b6cae25d253,0.0,0.0
eddf0057-2912-4c65-ba6d-5dcc337cd4f3,0.0,0.0
ede0c4da-f6f6-419d-a2a6-47bd876503bd,0.0,0.0
ede1985e-4463-49be-8adb-13ec241fa271,0.0,0.0
edf04bb1-6a5c-4969-9e0b-757dd3bc4314,0.0,0.0
ee284f73-633d-47d2-bd3a-e7d134d2c836,0.0,0.0
ee537eea-e062-4750-b6be-6ee855615a9e,0.0,0.0
ee64890d-1f97-4219-97ea-6e681f9d4c16,0.0,0.0
ee68e76c-cf04-4e2c-a843-934be73fa56a,0.0,0.0
eec85f70-2250-4de1-9587-752c8a4c75ef,0.0,0.0
eee53aed-3d00-4000-8d55-0255f299c11c,0.0,0.0
eee892c6-47c5-4d46-ac2c-a4e2ebe92f8f,0.0,0.0
eef0ce37-54e5-4be6-8e44-67ab7f872526,0.0,0.0
eefc500f-9db6-4670-805d-602308da4da6,0.0,0.0
ef02d5e6-09da-4b49-98ff-19b044d1aa0c,0.0,0.0
ef208c87-9775-42d0-879a-520541df5afc,0.0,0.0
ef5a6bc5-c46b-4913-9e5b-ef98a64eaf44,0.0,0.0
ef754bae-5c1b-4076-bd37-3bf80c18f264,0.0,0.0
efa1b615-3ad1-49b0-9376-a382693fdfdd,0.0,0.0
efa21f53-e28a-46f0-96d5-d2ef4f9ec7eb,0.0,0.0
efcf980b-ee49-4786-80a6-8a2605625406,0.0,0.0
f017bf2e-2500-4aea-90c8-94eb82620d4b,0.0,0.0
f019f691-a179-4e77-b38d-dfff20e21c9b,0.0,0.0
f05a3307-6228-4ca9-9eec-edcec070d93a,0.0,0.0
f05d7c14-f497-48b9-9dfb-cee4264fc204,0.0,0.0
f0739e0d-ed73-4c56-a126-a45defcd4704,0.0,0.0
f0746316-7a61-43d2-9b64-2884ac30a87a,0.0,0.0
f098a008-0f1c-484a-a2f7-cd59d4792e44,0.0,0.0
f0a80bc1-693d-4223-95e2-56a0424df7d1,0.0,0.0
f0e683f8-7e5c-4a56-9d8d-054bd3dc5eb3,0.0,0.0
f12bf86b-df3c-4b1d-a2fe-886f5504f334,0.0,0.0
f12c1526-f89f-40aa-bf1a-3860b3b5a270,0.0,0.0
f138d68f-ce0b-484e-aa9c-93948286f4bf,0.0,0.0
f1468af8-8219-4bba-9c8e-5083096e1790,0.0,0.0
f15749a7-5e63-4074-a979-5703f04143f3,0.0,0.0
f163f2c9-9c7e-4abc-bde7-3b116c951a56,0.0,0.0
f167dc4d-6733-4e63-ba48-73ed56712fcd,0.0,0.0
f1709854-ceb8-4f90-a1b7-2c6ad30446e0,0.0,0.0
f180af69-4adf-4797-a283-2b31cd3eca93,0.0,0.0
f1902f3b-5a5c-44ea-aab9-0392ba7d842a,0.0,0.0
f1ccc19f-ec0d-40f8-ae15-1d9668b567b7,0.0,0.0
f1ef65ac-461e-4495-bf2e-7f22a7d9bb1e,0.0,0.0
f1f67ef0-5f3e-45e6-bb60-8788ee87b4da,0.0,0.0
f1fb1015-e301-474d-898a-122e5a9a597e,0.0,0.0
f20ffe2b-efdb-4f6a-8af3-6bf33708b746,0.0,0.0
f222456b-bc6a-4923-ac4b-6b9fc24baf99,0.0,0.0
f22f929e-7dc9-4c09-9df9-e8e604e21147,0.0,0.0
f25cdbec-2f14-42c5-a6ef-a60f3a90caff,0.0,0.0
f284bab4-4878-4014-9136-6cb8346f4736,0.0,0.0
f28a47c6-2915-4987-93f0-4800ba2175c9,0.0,0.0
f2bea87a-4d15-45bb-bf6b-580157c1ca14,0.0,0.0
f2c55a53-4182-4afd-b9a3-313e67e282de,0.0,0.0
f2c7a796-22be-4138-8427-b485e02a710d,0.0,0.0
f2e06f9c-2c91-463d-b191-fe15f5c57d49,0.0,0.0
f2f2cb14-a3ce-40b5-b4b1-f8254ae0dcf9,0.0,0.0
f30562c9-4886-43fc-a862-f8e6771c0bd9,0.0,0.0
f31614c8-cc4d-47c1-9265-8ce10e0dc08d,0.0,0.0
f36936cc-b544-4c9b-b211-f05047e26006,0.0,0.0
f38f6292-ec29-467f-8a93-2012b9c4d464,0.0,0.0
f397c8f1-ba2b-444f-970d-8ca0cd5caf3f,0.0,0.0
f3c67cf1-f09e-4cce-996d-62c64c79803e,0.0,0.0
f3ce09d4-b8c7-4284-b7a3-26f2e636ed6b,0.0,0.0
f4113c71-df5c-470c-a7f5-a743e9fc64df,0.0,0.0
f42edfab-fcec-43d9-a9a2-5f190a6e8f47,0.0,0.0
f476d9a1-4dd5-4747-80ee-5a86360d5053,0.0,0.0
f48bf7ea-e8eb-435e-9d20-71babdbf9ff4,0.0,0.0
f497bfb4-7ccc-4f44-b220-f490e806af10,0.0,0.0
f4a33572-95a3-4979-837a-c4d2ae0534a9,0.0,0.0
f4fb16a9-0372-4097-b5cb-ad85221cbdfb,0.0,0.0
f51d0c48-a1e1-44d2-8566-88ff2c3b9fbe,0.0,0.0
f55b99f3-1851-42d1-b794-2d9d424a0617,0.0,0.0
f5630fa9-540f-4736-8139-19d73c415da8,0.0,0.0
f57005ab-f399-4e0d-b7a4-5a3844467963,0.0,0.0
f58c3810-33d4-4dfd-8dbc-7f0998e00da1,0.0,0.0
f60ce3fc-4a94-4a87-80a6-e3d849419df4,0.0,0.0
f60d08a9-b89a-4f78-a482-f97b5e340eac,0.0,0.0
f62e6b4d-7f9d-4139-bac4-59f084fb09cd,0.0,0.0
f64aa9e9-d15e-4974-87b4-241be398f327,0.0,0.0
f6535a22-ddc0-4462-9630-9828eabd22ec,0.0,0.0
f65a918f-45e7-4b7e-ac14-ef0100cfda2d,0.0,0.0
f69155eb-19a1-43d4-b6f6-55ed318bc008,0.0,0.0
f6a2c1c4-afcc-4062-8a52-c64549f20a30,0.0,0.0
f6ef7643-025b-4046-a808-60e66d0cd698,0.0,0.0
f6fd6abf-b001-41d2-8ea3-e69395d046b6,0.0,0.0
f6fe270b-63b8-4ba3-9aee-6df163755841,0.0,0.0
f702f922-fa67-4ddd-aeec-9f8e1ac804e8,0.0,0.0
f76302e6-4300-40a0-b4de-76da14adaaf7,0.0,0.0
f778c927-e840-4977-b6c3-ca5333c8153b,0.0,0.0
f7978d8f-cf4d-4095-b63b-6a1fb1fc83a7,0.0,0.0
f79facef-1b57-4cd8-adb8-d7ac629c9d4c,0.0,0.0
f7c9275c-bd08-4314-9615-c3b8f9778c06,0.0,0.0
f7cbd02b-d2d2-4eee-9032-73b07d784bff,0.0,0.0
f7dc8e35-4294-4cb8-8aca-39ae75436ec9,0.0,0.0
f7e02719-681f-45e2-af80-b7cb79d731e1,0.0,0.0
f7f87170-56e0-4c1b-9077-5e46816d200e,0.0,0.0
f806dbd3-ded5-4b1d-b2b2-1ca7e298e38a,0.0,0.0
f81483f7-f108-481f-a0cc-86ef9dc70e75,0.0,0.0
f826c4d3-488b-47d1-9cd1-8ee70c6682ab,0.0,0.0
f83a5fd2-d680-4c53-a7a7-81f4f6ca134b,0.0,0.0
f84dc7aa-ee66-4624-8d3c-42b532556f14,0.0,0.0
f86aa6bf-5609-48d4-9193-552afc4d086b,0.0,0.0
f86baed5-5a5e-47d7-afe9-1cafa9badbcd,0.0,0.0
f8898b93-7a36-4022-827f-cb359db7a164,0.0,0.0
f88aa499-e826-4920-9de8-8f8df8aabf6c,0.0,0.0
f8a6023c-8caf-469f-8861-ba71d0b2be19,0.0,0.0
f8a66da6-c3a0-4ed4-acff-96109a839ad8,0.0,0.0
f8b19b56-99ec-4b2b-91f3-6d94755e0cb1,0.0,0.0
f8de53dd-4f03-4749-9340-d6d54a878063,0.0,0.0
f937ab12-1230-4062-802b-164a2369f9fa,0.0,0.0
f94813e1-1d1f-4bab-bf7d-fd6a2960754a,0.0,0.0
f957fe7d-cef4-4a11-9ab0-4fd6676aeb7f,0.0,0.0
f98332d5-b0cf-4511-994f-6baa59e479a1,0.0,0.0
f995d5a0-6711-4290-bc74-7f937c3af0d4,0.0,0.0
f9aa3c21-006c-4c6d-b100-b057aa57dcd5,0.0,0.0
f9c07b72-c4fd-4d4d-b391-28c77ece4b1e,0.0,0.0
f9c0f1e8-0594-4926-83d0-bb027887bbd1,0.0,0.0
f9f7132d-56a2-43e2-baba-312f34dbaeed,0.0,0.0
fa063e48-3ff6-4de1-a78a-addb88cdbd3d,0.0,0.0
fa36cb12-c24e-4131-96ca-4d71c343f8e5,0.0,0.0
fa3ee3b5-9c0f-41f9-9902-eb8eaa6e5ecd,0.0,0.0
fa3ffafa-ec9e-47cc-a34c-b490083faab0,0.0,0.0
fa57e105-a0fb-435b-94f7-b249dd7e2bb4,0.0,0.0
fa81111c-24a0-43b3-8e89-031d3bc03014,0.0,0.0
faa7f79e-e4fe-4d25-9b5e-b19476515bc5,0.0,0.0
fab94458-7c15-423f-8bf2-bf20d33e26b1,0.0,0.0
fabd2ff7-881f-47a6-bb6e-7b14efb4cf0a,0.0,0.0
fabe714d-6fc7-4b8c-b773-fe129d9fb327,0.0,0.0
fad72d64-cbd4-4890-b847-68077f40c8df,0.0,0.0
faeab0f6-baaf-4984-b547-1324d1120903,0.0,0.0
fb46a88e-b096-4757-831b-e53e71c85ab7,0.0,0.0
fb581b0d-7bac-4daa-a947-bb4654dc30a8,0.0,0.0
fb64ae5b-4cfd-4132-b492-e994554ee4b3,0.0,0.0
fb6ad0c2-e153-46d3-a90d-93926ad3b4d9,0.0,0.0
fb7e4028-d5de-4e69-b352-a3a8ca1405d9,0.0,0.0
fb98dabd-961b-4367-a54a-d32051fdf244,0.0,0.0
fbb84c66-5115-4904-a7da-c3401e807f82,0.0,0.0
fbb874ff-feb8-4c3c-898d-d8fd50162953,0.0,0.0
fbfe8071-fe79-44f1-a6ed-d53da9c31e73,0.0,0.0
fc1616c0-dfeb-4e46-afee-0ba6ca45256b,0.0,0.0
fc288241-6cc0-4b49-a25e-ea7d0f7c855a,0.0,0.0
fc508d85-ffe2-41e7-8b53-05d24b048dff,0.0,0.0
fc52197b-8419-4110-8f2f-f4bb192bf057,0.0,0.0
fcb3f308-86b0-48d5-b053-43844d3ec5b4,0.0,0.0
fcb7eee6-e3c4-4df3-8bd6-7d3b38e6c337,0.0,0.0
fcb872a9-6073-439d-bb96-8090a35a17b2,0.0,0.0
fccb284a-23b7-4063-9c5a-6c26b42bd9c8,0.0,0.0
fd19663f-99d2-431f-bff7-0f547ee44654,0.0,0.0
fd20a160-58e1-4ce2-a10b-6b563ad0004e,0.0,0.0
fd2db8a2-15a5-4c98-94ea-f4e3b73c668c,0.0,0.0
fd4492f2-8aa9-4279-bdc0-73991786943f,0.0,0.0
fd6bc941-18a7-4d37-850f-450e6ff5801a,0.0,0.0
fd9ed842-debd-49bb-8837-8c3d6d7b82c0,0.0,0.0
fda3c6d7-73a7-4f6f-a206-94ff6a00f6e7,0.0,0.0
fdbd3f90-6e8a-4a97-8c34-d614cfeaac47,0.0,0.0
fdbf9be5-fa32-46b0-8854-f3fde0f49bbf,0.0,0.0
fde3221a-9ce3-45a9-857f-bd196b07aa05,0.0,0.0
fe027638-a9f0-4a33-9d21-ccfbef88aef1,0.0,0.0
fe2d7ca9-4e0a-491b-96f2-e98a514782c4,0.0,0.0
fe3b8b1b-073b-410e-8a0a-a70f3f8d5b00,0.0,0.0
fe4e173d-6c74-41d2-a096-cd0f1cfee4b2,0.0,0.0
fe5071e4-24f3-4adf-998c-73893eec369c,0.0,0.0
fe6adccd-de12-4551-9238-b61384dd7708,0.0,0.0
fe86a883-5686-4b4a-9111-28dd291bdb30,0.0,0.0
fe958190-1b15-4bad-95b7-dc1ccdc7c604,0.0,0.0
fea97298-b05a-4573-848c-5319f8913044,0.0,0.0
feb87729-8216-45ee-b123-3b7683526f3e,0.0,0.0
feca5c32-12eb-41f6-9d5b-679b319871ca,0.0,0.0
fecf08ab-4580-47f2-98ab-84e21bd031e8,0.0,0.0
ff072123-7328-498e-8be6-1e77f3746b8a,0.0,0.0
ff0b561c-3a91-44e7-8054-52f90bcabc59,0.0,0.0
ff3ed276-ce62-42d7-87a5-c4f21bf83cda,0.0,0.0
ff4be9a1-151b-4ec1-bb70-4d93ab266772,0.0,0.0
ff5cdbda-6b49-4efe-a2cf-201f540bb427,0.0,0.0
ff8c2e3b-4898-473d-b28b-c8bd9c0a0e64,0.0,0.0
ff9c9542-8b45-4f06-a9eb-d78170c164ff,0.0,0.0
ffc1c613-a707-431c-8eae-638bb44c2618,0.0,0.0
ffe723d9-6727-46db-9e17-0627f4c2a492,0.0,0.0
05938de0-622b-4e0a-a82b-2a128e5be0b0,0.0,0.0
10a46ea0-13da-4cef-9aa6-ff48aa46881c,0.0,0.0
443abf3c-b57f-46f5-a40a-e202c5a41bb3,1.2424156665802002,1.2711859941482544
678f1920-0bc3-4687-af71-35d61030b1a0,0.0,0.0
6de38d5b-ccce-4ff2-90ed-1c7035491518,2.393761396408081,2.565098524093628
76716786-19f9-41bd-8f0c-557b560d4a67,0.0,0.0
b1936012-0d31-4b92-8d60-c24903b2e569,0.0,0.0
ce76ce00-c8b5-4597-8ca3-1ec9db795b50,0.0,0.0
e9759e79-461c-425e-af17-0a88be1a441f,2.0349628925323486,2.6454780101776123
ff01e8c2-19a2-4a89-af0e-608b8f40ad5f,0.0,0.0
003d4c74-b631-467c-b1fa-56c4708276bc,0.0,0.0
0043c28e-7f7d-49e9-8be3-139f93b281a7,0.0,0.0
00481126-761a-4d70-8775-c449bf498ecd,1.5195684432983398,1.6204365491867065
00e9c22e-949c-43c2-aed2-2e5a27dfc4bb,0.0,0.0
01620fe7-3c4a-4b71-b45d-a3805eeaf509,0.0,0.0
01881a4a-6136-4d0f-834e-8cd0c9085733,0.0,0.0
019d3222-db52-4cd7-bee6-d335eabab91a,0.0,0.0
0227083a-cdf0-4dcd-9939-72994feb6be8,0.946376085281372,0.9841850996017456
02387350-2d78-427f-9f78-b117fde1d9e7,0.0,0.0
0256075b-53af-4bc9-9b18-feaebd5fa6ac,0.0,0.0
02f5f302-aa54-4764-a30e-5d7522b469ec,0.0,0.0
036d27dd-3835-4e33-9c08-cf52ee82afc3,0.0,0.0
03a4625b-62c1-49ad-9ae2-a43d6f2332a6,0.0,0.0
03b64207-ca0c-4a82-b5ea-9435bb0d5470,0.0,0.0
03bb5877-25d8-4172-a73c-6dba4dfda91e,0.0,0.0
03c1f2b5-9ce6-479f-b540-2c7b1c060fd0,1.098312258720398,1.1573715209960938
03c3c363-76bd-4d36-9e82-0d9845fda7e2,0.0,0.0
03cd5120-f976-434e-84c4-526f3d2db076,0.0,0.0
047aa33c-6e9d-48a0-be0c-b911823292b4,0.0,0.0
04be7c6e-e796-471e-9f9f-4e9ba69e70e8,0.0,0.0
052350f3-733c-47e3-a0bb-0cf78886eda8,0.0,0.0
05360efd-326a-4afa-b28a-d5916dbb94a3,0.0,0.0
054cf666-898f-497c-a561-c6d8f2fddf2c,0.0,0.0
055e5875-6ec8-4d77-bc16-a79b9365f46a,0.0,0.0
057f433b-a8de-425e-843e-fb6d15276612,0.0,0.0
05fcf6ec-bd96-4c5b-99f9-94561933241b,0.0,0.0
06181c40-9bb9-41d0-92d2-54b75496267e,0.0,0.0
064405d4-4e83-4091-ad1f-0d20c8488ae9,0.0,0.0
06c1ba39-94b3-4ba1-8d4b-0589580f01cb,0.0,0.0
0767045b-dcd5-4bc4-8961-73c8142b9a8d,1.2725707292556765,1.2939532995224
07aa8545-fb26-4377-b95b-7680c220790e,0.0,0.0
07cdbf98-18f5-4789-a781-2b0cf33f07c4,0.6564130783081055,0.6612599492073059
0816b6fc-5c35-418e-b4a8-1ba56bc9410c,0.0,0.0
0844ed81-6cdf-43ee-8454-d78af8ec8f8f,0.0,0.0
08531a09-4781-4698-8111-87c1e427b355,0.0,0.0
089d27dc-ccd7-472e-a9c5-062c562ea228,0.0,0.0
089e4b87-ef4b-4513-bf59-e1f4a683cf11,0.5852324366569519,0.5857617855072021
08d4d7db-f6b5-4e60-a480-d0017ecf2593,0.0,0.0
09055f88-9de4-4f39-948c-3261f640216c,1.028644561767578,1.0151194334030151
090ca42c-7fac-4e64-bb68-fc7c6893d51c,1.0014736652374268,0.9905105829238892
0927d441-7504-4fe1-a99d-7bfc545115d5,0.0,0.0
092c188a-9f74-4ec7-8e7d-9828748f548f,0.0,0.0
094e2741-5b83-4f65-a4c1-bddb9193af47,0.0,0.0
097d56f6-1d1a-4b85-b62c-00733f616d44,0.0,0.0
09abe368-c10f-4728-9908-051a01950307,0.0,0.0
09bc9ca5-a09a-45e0-82da-b235d4bda556,0.0,0.0
09d72022-06ff-4240-8098-f37ba89b3886,0.0,0.0
09dab5c1-753a-4659-a8fd-0064c26e605e,0.0,0.0
09ec214e-a496-43bc-b04a-6d75f30acb63,0.0,0.0
0a2a5e48-003f-4f22-9429-b5ee939a5018,0.0,0.0
0a51a141-5489-4631-9cd7-e942b7d0994e,0.0,0.0
0a56003f-4918-4997-b049-5d0d8ebfd07d,0.0,0.0
0a8da620-73f0-4e7a-ab47-27da867c3116,0.0,0.0
0a9d50c0-a9b8-4a22-b518-547216fd8f56,0.0,0.0
0aac8dd3-6976-405e-aa00-57bd7362ef9c,0.0,0.0
0ae2f14f-9559-412b-b6c9-3c43e28b2f48,0.0,0.0
0af67fd5-8561-4875-8be5-64dfd32cbcef,0.0,0.0
0b095026-e914-43bc-84db-ef96433e3852,0.0,0.0
0b266e44-cf7e-4a22-b9f4-90df9d29df8d,0.0,0.0
0b5e4f08-a325-4290-86cc-08c477c22226,0.0,0.0
0b6d40ab-d4b6-4698-a377-310f202f4685,0.0,0.0
0b9a803b-9c2f-46e1-8a26-def44d2c758e,0.0,0.0
0ba0af46-0461-401e-ab8d-91256852edf0,0.0,0.0
0bb6fcca-e208-4125-bbf4-f747c1a12210,0.0,0.0
0bd7ff80-7284-41e3-a939-d15eab9bf5e0,0.0,0.0
0bed86ad-9ed8-40e4-af84-cf5526a6b552,0.0,0.0
0c0bfbd2-d561-4c05-a4e2-de43b4679944,0.0,0.0
0c4d023b-39d4-4e53-8c33-666205f33f69,0.0,0.0
0c612697-ddf1-4304-a397-4cdc6df2d292,0.0,0.0
0c7f4b78-584f-4985-b4a2-dede8bd7db84,0.0,0.0
0c9cd276-93f6-455b-be60-5b85d1f02b53,0.0,0.0
0ca4438a-be6b-4bc6-b04f-7c0801d9687d,0.0,0.0
0cc2a961-9a6d-4cb1-b76f-fa49b5720fab,0.0,0.0
0cc9d66d-b80d-48fc-b1e0-03267c56e372,0.0,0.0
0ce88a7a-5a6f-4736-9aa9-a4ca6928c5ee,0.9742910861968994,1.022373080253601
0cfd8c31-fbf9-465b-9ed4-f8d45d303844,0.0,0.0
0d299421-564f-432e-970c-3f7f31b40597,0.0,0.0
0d2d55e4-d95c-43e5-8292-c649cbc19800,0.0,0.0
0d3f68d6-d6b2-4de5-bf54-02cef602bd8f,0.5070195198059082,0.5474604964256287
0dc13544-4174-49e7-adf0-c2e6241ea54e,0.0,0.0
0dc8524b-19bb-45a2-aa4d-fb494881428a,0.0,0.0
0e685be1-c86e-4808-b770-557b76638680,0.0,0.0
0e8fb2f6-8141-4b59-97ba-358c948e256f,1.0947773456573486,1.115775465965271
0e96b6ab-f7cd-4567-87b0-93fdd55042e4,0.0,0.0
0ec57b04-ac4d-4c4e-a4e8-071f869b869b,0.0,0.0
0edf0122-9bb7-4072-94e5-b19942cf327f,0.6190679669380188,0.6360503435134888
0f0372d6-0879-42f1-b17a-5c245b1729d9,0.0,0.0
0f058ccc-9d3a-4f85-b317-1bfb6b8ca2fb,0.0,0.0
0faaaa17-8479-48a0-a66d-f3fae3803a6c,0.0,0.0
0ff12822-d264-49dc-9874-21797464125b,0.0,0.0
10206cb2-7430-4a69-a9b6-00a2f436a890,0.807979941368103,0.8066149353981018
10490468-ed5d-40bb-8b3e-62638ec342c0,0.0,0.0
109c901c-1c20-4364-81ba-c8a13ea22a5e,0.0,0.0
10cda463-8a3a-4950-b8bf-7e4469ffb039,0.0,0.0
111df585-2e59-40e3-ae07-4b52c37ed86e,1.3662350177764893,1.4476665258407593
11211f7f-3c8c-40e3-9268-fbc77225bf23,0.0,0.0
11347219-aeca-45d0-a1d6-3a315d61d1e8,0.0,0.0
114d241c-cf29-4ada-8afb-2e24f89bd64c,0.0,0.0
115cfdf0-2b26-4fc7-adf4-97dd0ff33bc4,0.0,0.0
11731ac9-075d-4468-bc1f-188015fa1f5c,0.0,0.0
11778192-8248-459a-86bb-663780ca240f,0.0,0.0
118f3ae2-d0bd-40ac-9ecc-bf9a629a33f5,0.0,0.0
11eec598-b652-4ac6-97fe-f74d573232da,0.0,0.0
12344f19-b3a2-4f28-8c5f-c4f6f8f01ced,0.0,0.0
124f1c93-ce47-49d3-9b1f-09c9291fa51b,0.0,0.0
1258e250-4cd9-4e4b-905c-698a4af37106,0.0,0.0
125abfe1-03a0-4972-bb7c-cb120c6bc400,0.0,0.0
1279f789-b16a-4d96-8565-ce2d68968547,0.0,0.0
12a686a1-fbac-4e45-bf69-ea3e39aca9ad,0.0,0.0
12d973bf-888e-4af7-bad6-2261375e2a23,0.0,0.0
13427b0d-0ca1-40bc-999c-55a55833d0ad,0.0,0.0
13442073-be92-4534-9daf-a1123a4b606a,0.0,0.0
13a0831b-18f0-46c1-93de-e27b86def7de,0.0,0.0
13e08d77-63e5-491d-8148-ba490fd2fc03,0.0,0.0
13e4f690-4826-45af-95d9-c31ddf7a88f0,0.0,0.0
13ed83d3-898f-4f98-bfdb-0bc24d3251cb,0.0,0.0
13fe2a20-cc84-4155-90e1-b42404ad8c14,0.0,0.0
1407baf7-007d-4df2-b7e3-5dfd1d4f9604,0.0,0.0
142226e6-ab6c-4676-adfb-046d468264f4,0.0,0.0
14275ec6-11df-42a5-90b9-4973cf234042,0.0,0.0
14348fc2-0cdf-4326-af69-62ac19f45fd6,0.0,0.0
148150bf-2d91-4a53-9d43-f54f8accfea0,0.0,0.0
148473f2-64f4-409b-b916-6f0dccc9cb55,0.0,0.0
149facad-6137-4758-8ff1-ea31f1f87455,0.5842152237892151,0.5923790335655212
14cf3905-8a26-44c6-958e-59e79f3c474a,0.0,0.0
14d5c050-9601-4e87-be21-84a6e25673ab,0.0,0.0
14dbda58-fcbc-4095-9372-1a9dc87e529b,0.0,0.0
14dc991a-9852-4dcf-9d9e-65640805840e,0.0,0.0
1531bcaf-c7ab-41eb-872b-3c53592cc9a5,0.0,0.0
1535f771-f079-415c-8091-d85f9f6cb7b0,0.0,0.0
15481ba4-c753-441f-b839-3017b81a86f8,0.0,0.0
1556f85f-b744-4f7b-b38a-6c7af284cfa7,0.0,0.0
156bbc55-8671-45af-8e02-97865fa3f297,0.0,0.0
159e38b4-2d95-4419-92f7-51ebe0fe22e2,0.0,0.0
15a82484-84e3-4b34-99d7-e148c9b658b5,0.0,0.0
1624cb10-0844-4bbb-8abc-00818681e940,0.0,0.0
1654fe0c-b9b8-42d7-81ff-3b0fabfd8213,0.0,0.0
166ebd7e-b0f2-43de-9660-6794ce1c2bdc,0.0,0.0
1671151a-6446-405f-97c8-4a894aa9b423,0.0,0.0
1697db6a-69da-4018-9913-db3ba41c5831,0.0,0.0
16d6d0a7-11f4-403e-9964-aea0333486d2,0.0,0.0
16fc5c01-aae3-4f27-b4ae-d8c303ad5684,0.0,0.0
178e7259-c84e-4088-aeee-97518f642627,0.0,0.0
17918f70-0a72-443d-be8f-b706d02429f1,0.0,0.0
17928299-f98d-4061-b848-192ef20f22fe,0.0,0.0
17a8b6c2-7015-408b-b0ac-b49a235807d8,0.0,0.0
17c0dce3-d68f-4457-8fd6-737b4b8e0f79,0.0,0.0
17e22674-7206-4fd9-b952-418514460a21,0.0,0.0
17e59007-21d7-462b-b4b4-a836e580bfd6,0.0,0.0
184ff116-78b4-442d-b468-ecc5849a9171,0.0,0.0
186283bb-504b-4763-9d79-58ce256c7cc2,0.0,0.0
188e9648-8d54-4383-9cf3-6109c11b9fce,0.0,0.0
18f124a6-6a24-4a86-a8c5-7f8a65707b59,0.0,0.0
194e0568-857a-4191-9390-e52addf93fcc,0.0,0.0
1973788e-6fc2-41f5-a76b-26e9c66dce9e,0.0,0.0
19c5f0de-f342-4dd3-81a5-fd9342d70e79,0.0,0.0
19f7d6e8-f391-4323-aa99-46026b4d1f51,0.0,0.0
1a6cbeb1-085d-4846-9fed-e3269a94e332,0.0,0.0
1a6e1feb-d48c-418c-a45d-8c6ecca29ecf,0.0,0.0
1aa282df-9ea7-43d2-bfb7-7205e2680cc3,0.0,0.0
1aa53db8-4e6a-4107-8e73-355a0de801c0,0.5468102097511292,0.5666660666465759
1aa5ceee-de1b-45a5-8fbc-feb596e85e3d,0.0,0.0
1b096eab-133a-42f9-b692-9ab53d9552b9,0.0,0.0
1b249ff7-0bff-4110-9b97-f84fefe0b4de,0.0,0.0
1b77507c-8ee7-4cb7-9284-14b4cfbf3460,0.0,0.0
1b779374-12c5-4d47-b0b3-d01bdd6c4c98,0.0,0.0
1b7c026f-a294-4ee7-a912-ff7a2d0f488c,0.0,0.0
1b9e2015-4983-4442-8136-7d8268a77675,0.0,0.0
1ba4e3b8-8cf8-4d09-b9c2-e95c04bd5eb4,0.0,0.0
1bb8ce0e-04be-4518-96fc-a453b27c04f8,0.0,0.0
1c312290-c79d-4817-9e82-a398270545e6,0.0,0.0
1c36b34d-5cf3-48f5-8e84-d3b650285f36,0.0,0.0
1c3bb04d-4a7c-429c-94c7-e8804f394ed8,0.0,0.0
1c7c51a5-05a5-4bc5-920a-aff4aa46d593,0.0,0.0
1c9d14da-ad0b-4d91-93b9-a9f986500b20,0.0,0.0
1ca00671-6903-48de-8e6e-40c55616b443,0.0,0.0
1cbc2d91-4434-4643-9139-ec95995ffabf,0.0,0.0
1cf7847e-b848-4022-9390-f08c035d1283,0.0,0.0
1cfffe20-1d7f-4c20-8a54-e1a6d67e4a2d,0.0,0.0
1d11b37c-d9ba-4dc6-a81d-36fbb274c73c,0.0,0.0
1d33accd-e8dd-4e82-9565-c1e44e9e80fb,0.0,0.0
1d40b12a-43ab-4b76-a6e9-f2ba218eaf29,0.0,0.0
1d490fa2-b2e6-4b87-a18e-bda112c45d9d,0.0,0.0
1d8f6125-a99a-4e7e-82c9-d25b91c7efea,0.0,0.0
1dbf88fe-f113-455a-a091-4b60981d249b,0.0,0.0
1ddb00bd-ae8d-4357-ad60-fb7ebd958498,0.0,0.0
1dfaa9c7-14ef-48fb-9f21-3de0d6b7ef33,0.0,0.0
1dfac554-00e4-43c7-ad04-cbc15c9af014,0.0,0.0
1e5857ff-e4b1-4ff0-b5f2-7bc754f04707,0.0,0.0
1e9b96c2-c431-4486-9a92-f7648e172b09,0.6638666391372681,0.6414865255355835
1ea468c3-ca20-4914-b580-0549edadc571,0.0,0.0
1eab8fe7-8407-4b6d-8c9b-8c7072a42d06,0.0,0.0
1f00aa8b-3fd9-43fb-81f4-b710e62117dc,0.0,0.0
1f086f6a-4a45-4e33-b2f1-1f534ea0c247,0.0,0.0
1f6cfd51-ddd6-41a5-b2d1-16498579fb70,0.0,0.0
1f6eab0b-8d28-4174-8999-6986fe0c1f18,0.0,0.0
1f8b43ec-46e2-443b-82b8-c61de74fea6d,0.0,0.0
1fc33ff6-4cb9-4e8e-8604-14cffd37d99b,0.0,0.0
1fd235bd-1d84-4067-a674-6433e2dfb6b0,0.7936451435089111,0.7780492305755615
1fe07245-08d4-4529-8458-a1aa4df8ab29,0.0,0.0
1ff7cecc-2466-4908-add7-d42be3e86e50,0.0,0.0
204057a3-38f8-4428-a112-f18244bcb881,0.0,0.0
20a9d175-e308-4c3f-b339-eb7db99f4cad,0.0,0.0
20ccf0f9-e9ac-4101-b5dc-a4eff575e0a6,0.0,0.0
20ee2e6e-c50d-4460-b4c5-34ed475bd3ed,0.0,0.0
20f32302-cda5-4ee8-b115-3baa5f0526a6,0.0,0.0
210a502c-9f3d-4f07-bf95-ce01ac57a037,0.0,0.0
2125b8e7-b1bb-4db7-9df8-4855ce2a2d62,0.0,0.0
21268a4a-26e1-4d70-b2b8-ffa3f322cff1,0.0,0.0
214fea94-6af9-4d64-acb4-2a340de519fc,0.0,0.0
21629a62-deee-4244-9d16-ac857f5bf7e8,0.0,0.0
2170ba12-c4c0-4b5e-8581-19dc7d722b64,1.204965114593506,1.2528246641159058
218da8e3-6424-4974-aec3-c568f4c96625,0.0,0.0
21c79c7a-f35e-4619-9fac-2901b56f9256,0.0,0.0
2217acd3-bc03-4662-849b-f5fea3b37e33,0.0,0.0
228ab79a-4225-4947-9a4f-afbd4c8ab7ad,0.0,0.0
228df729-8200-4800-abff-216947645c53,0.0,0.0
22c97c4e-c572-489c-b7af-621a853800cf,0.0,0.0
22cc6996-7226-41fc-b297-de5bbb166a0b,0.0,0.0
22d10753-f4a1-438d-85a1-f94eecaee14f,0.0,0.0
22d80318-69b0-46c5-b80d-7b250093df7b,0.0,0.0
23392f71-d11c-4770-bc07-12a8146c0e84,0.0,0.0
23664160-a4fa-44bc-9dc7-91785404849f,0.0,0.0
23809bb1-e12f-438d-9920-039c4d1cd019,0.0,0.0
238c2a02-7b5d-4732-9652-b35c64b8ce9e,0.0,0.0
239e574a-e571-4c87-a1ec-46cff38dfc5f,0.0,0.0
23fb9b0c-6c9b-4f66-806d-c8569769e996,0.0,0.0
24537d44-0b39-419a-a697-68c00428e565,0.0,0.0
24c9d34a-a161-4d65-8936-2c7f676b4f52,0.0,0.0
24cfeab1-262b-4c0a-baa5-36ed15cc38e9,0.0,0.0
24eb2ea5-9283-4cce-a26c-4de775ef1646,0.0,0.0
24ef763c-91d6-425e-aead-66c8d4d4beb0,0.0,0.0
250ebbc3-3985-404f-b2d9-7498a7130837,0.0,0.0
251f397e-ce07-473a-b4f7-6efcc0169735,0.0,0.0
2580bb8f-9e37-4d2e-b872-1da6c11ad259,0.0,0.0
25acba6a-7eb7-45e7-b9e3-2ae3cbd553a2,0.0,0.0
26233e89-7ed7-4a00-be24-367b3583480a,0.0,0.0
264434b8-49d2-45bf-becd-56dce98e1a0e,0.0,0.0
265d4408-f92d-4b9d-b94d-aee32c20a546,0.0,0.0
2665ddbd-7699-4352-8537-9126df70bfca,0.0,0.0
26825921-9f7e-487b-bd43-17b278f88fbd,0.0,0.0
2686d7af-ec6d-4065-8997-e637309f86b7,0.0,0.0
26c47879-61e3-4e54-ab59-2fdc216d0b8d,0.0,0.0
26f8e60d-4b02-44fb-a49e-b066d734a985,0.0,0.0
270528de-3f78-4721-a90f-862d3d6aa332,0.0,0.0
270d3784-4863-431e-a8a3-24fb8531f141,0.0,0.0
276f564e-ec99-4f1a-9fe0-685d6fdaabd4,0.0,0.0
2794ddc1-7da2-4e78-a948-efe65b08fccf,0.0,0.0
279fb7e9-ee93-4247-b2a8-683e68e64c09,0.0,0.0
27b300dc-e9b3-4ea6-8089-39a8658ad216,0.0,0.0
27d0dd98-2158-4394-976a-629b1c6dd50c,0.5816096067428589,0.5901541113853455
27efb04e-52d1-48cb-a57e-3e35e33e165d,0.0,0.0
283ae2c7-bd3f-485a-908b-732353804887,0.0,0.0
2846174b-f73b-484e-94d3-f9b5c195c5a3,0.0,0.0
288580d8-2884-41f7-a5e2-b8fc5f22beb2,0.0,0.0
28c2b11b-bbef-4d0f-9963-e2fe34c2ec4a,0.0,0.0
2910df3a-0101-47be-b79f-b761c6442494,0.0,0.0
292660b0-4e00-406c-9dd1-0af55aac3fd6,0.0,0.0
29c3bbdc-33b6-415d-92e5-8c0e4d546f3d,0.0,0.0
29f5a0c4-646f-4e71-a71c-71ff07a185c1,0.0,0.0
2a0747f4-5fc0-4f05-9de8-16ee9b18def5,0.0,0.0
2a21c00b-7834-40ce-b472-c145b48b4de6,0.0,0.0
2a44402c-183c-495e-ac77-095a9ddbc3d1,0.0,0.0
2a8854e9-c08d-4bed-9d99-533bf2c13ed5,0.0,0.0
2aa1c3f6-9930-4ce1-9c92-015296487b20,0.0,0.0
2aace28d-55b3-4b14-883b-f7fe24034e8d,0.0,0.0
2acab372-0009-467c-a79b-b8dbb1cdd64c,0.8288702964782715,0.8675821423530579
2ad14440-c5df-4f27-b6f1-be530f9e9a7d,0.0,0.0
2ae20b94-b33a-4641-b6c4-3029f0c0df8e,0.0,0.0
2b189e78-6fdf-4154-adca-5aaef2bd79ae,0.0,0.0
2b2728d1-b723-4ad5-aed9-313bfbb60112,0.0,0.0
2b33742b-c98e-4a67-a103-8434d6f7b768,0.0,0.0
2b760809-450a-4327-b38d-e17a4008639a,0.0,0.0
2bd0b3cd-439d-40f9-84b5-059666c75492,0.0,0.0
2be3dd99-de57-4cf1-b521-9c9908f6786c,0.0,0.0
2bf597f1-5ad5-467c-9a7b-89706cdda591,0.0,0.0
2c03f6c8-278e-47bc-84dc-af9d1319c03d,0.0,0.0
2c1513ff-2d2c-4a47-ad95-f34fdf16865b,0.0,0.0
2c2cfaff-2986-4234-b798-5fd3a2337c7a,0.0,0.0
2c327525-4ac5-4782-b225-d767cbb6fb6a,0.0,0.0
2c46edd3-1cab-440e-9281-76024dce7ecd,0.0,0.0
2c59a857-fa2f-4324-88d4-89a53ab2260f,0.0,0.0
2c64d33c-1658-4299-bc25-e3f40d418868,0.0,0.0
2c8c3b48-6006-47a9-8073-8bd8082c57b7,0.0,0.0
2c9d4cbb-a463-4edb-a948-65935c7aa404,0.0,0.0
2cf9b81f-2ea6-44de-b6d8-b3436efce055,0.0,0.0
2d039142-e5a3-4198-b86b-b4c5f8bb216d,0.0,0.0
2d5badec-7230-4acb-9ba5-f9e9799bba3b,0.0,0.0
2d6cbeb4-cc5c-4fff-9c4b-de617956f6db,0.0,0.0
2d9b83e8-edcf-42ee-aa2b-9ca2876524ea,0.0,0.0
2d9d8663-bc77-4f23-9e2f-4a3d3adc07e1,0.0,0.0
2da48da2-6779-4f10-bc04-51d1e7a62360,0.8226743340492249,0.8346601724624634
2dfbfc79-38fe-4a63-bf6d-024c4f1a8ba4,0.0,0.0
2e5d2677-4ec5-4882-a589-c19d36f147e6,0.0,0.0
2eb045f5-fbe2-47b8-bd95-b864274cb88b,1.246116280555725,1.3195997476577759
2f6c105e-ba50-434c-899e-6217e416be54,0.0,0.0
2f8ec0ad-cf83-49cd-a3f9-3df3dba5b41a,0.0,0.0
2f90e5c7-b408-4fe7-afad-f31e96b9d91b,0.0,0.0
2fcee521-5683-4e19-b9fc-5c32c40f39a1,0.0,0.0
2ff8f693-61f9-474c-a1ae-e0ee2167e031,0.0,0.0
2ffc6811-abb2-4e53-a067-9c4f9d0a806a,0.0,0.0
305d3419-6a19-41dc-a3e9-8340f224d37f,0.0,0.0
30637a8f-3672-486e-a0b3-e747a8af2ac2,0.0,0.0
30842d2b-7345-41cd-ba70-fe3712b86a88,0.0,0.0
308e8d40-3dd0-40b1-9eb2-d9d4d375f15a,0.0,0.0
30bd0d9f-6ea2-4b65-8046-69a245f31419,0.0,0.0
30f2c475-64d2-4fcd-8b5d-53bc1711d008,0.0,0.0
30fa678f-ed0d-45a8-94d8-5a351a70eb7b,0.0,0.0
30fda2bd-1069-487e-8bbb-0d32b52dfcb5,0.0,0.0
31095cf0-4d1f-43bd-b84e-f05ebc93e81f,0.0,0.0
3110d8a6-c1c5-4fad-85bf-38bdb737ffb2,0.6642581224441528,0.6778154969215393
316ad442-f6dc-4e8c-a669-e70f00307307,0.0,0.0
31bd624e-32a1-4f3d-a052-9e9c701beec2,0.0,0.0
31e49c29-02ae-43c0-9d1a-0f03f7089824,0.0,0.0
32188e92-0bfa-47cd-9453-180882593d94,0.0,0.0
323dee1a-c151-4f6c-9112-1021860c4dc1,0.0,0.0
32a022a0-92dc-4053-b042-f12e03380ff4,0.0,0.0
32edc008-6222-42ad-af27-5f67fe36889d,0.0,0.0
32f4b18a-516e-4b71-9695-9b472a59b3f2,0.0,0.0
330aa0b9-a566-4164-9f03-6b29371f1f4c,0.0,0.0
33476469-3af4-4626-be4e-1cbeecb6a133,0.0,0.0
33ac08f0-0446-41f5-8482-b5f828abb443,0.0,0.0
33e6a554-15ad-4d60-97b2-d78364798b2a,0.0,0.0
33f16896-0fad-4ce3-b5ef-5586cab6d244,0.0,0.0
340e4350-95c8-4d1f-bd2d-ccc7f5d8df80,0.0,0.0
340f78e8-6f81-459e-9b82-2d5edb31af05,0.0,0.0
346b967c-3115-4452-965f-685ef51231ce,0.0,0.0
347d4792-3bd5-443d-988c-902e425fef9d,0.0,0.0
3487ca86-5ae5-426a-84c8-3ddac08b7f6d,0.0,0.0
34895ce9-69e2-41fc-9828-8c9863508f51,0.0,0.0
3495cedf-6ec3-4e36-9019-a36a0c26cf54,0.0,0.0
349d78ff-74e6-404e-8f39-8072c716e70c,0.0,0.0
34ed440f-505d-4008-81e9-b7d83c1cee89,0.0,0.0
3524be37-7015-4297-8be5-1dd1dc9991f9,0.0,0.0
352d5430-e71d-4ab7-9fe8-94cfff59212d,0.0,0.0
3542413f-19c8-4f0a-b7c8-31b7c98e8da5,0.0,0.0
35560599-894d-4032-8946-0a283b3962b4,0.0,0.0
3584728d-abf8-449d-b47a-994e2d316443,0.0,0.0
35da43e0-867f-41d8-a357-ec4ea8412c3c,0.0,0.0
3605f1b6-d121-46a2-9fb6-2a0f9474c05d,0.0,0.0
360823fd-b97a-45df-a589-4f7c553a1814,0.0,0.0
3627528f-3ec1-42b5-9a55-5c85ff2cd4ed,0.0,0.0
36356006-5ee5-4662-a849-efd4aa342288,0.0,0.0
36406cd7-8246-483a-a8ee-bb75a361de47,0.0,0.0
366eb1df-6580-41e1-825a-71ab219e7ae9,0.0,0.0
36a6791e-7963-429a-a925-05517184ab6d,0.0,0.0
36a9f370-0780-481b-bf10-577107f87a4f,0.0,0.0
36c0ed47-c9ff-4cf0-8587-e039d54d84a6,0.0,0.0
36cb7343-a661-4b22-a79f-031c419be8d5,0.0,0.0
37679323-0913-4854-acaa-f6726f095016,0.0,0.0
37738e03-21bc-44c5-b31e-99489490a1da,1.5924654006958008,1.7612848281860352
377afe15-0ef8-4a4c-a449-f7d3029d9ca7,0.0,0.0
37938500-77e5-4996-870a-e5d7b44be28d,0.0,0.0
37b196fd-9a72-4976-8b02-89fdd40dad4f,0.0,0.0
37ef2663-993f-47e4-8de6-1f6a9a4c3fd9,0.0,0.0
3813ecb3-8743-4698-8138-328403b19c21,0.0,0.0
3835fe8b-6b77-466c-b0b8-677fbcaed069,0.0,0.0
3853351d-025d-4960-b813-04661457f57d,0.0,0.0
386ef0f5-46c7-44dc-9a80-2cef04a155b3,0.0,0.0
3898e141-561b-46ca-a34d-9717077f8973,0.0,0.0
389ff0cc-2fe4-4b40-8407-b35278a49dc8,0.5987042188644409,0.6011719703674316
38a1de64-72fd-4719-93fc-bebfb74819d6,0.0,0.0
38cb4d77-e4b5-47d4-80e2-c4702fad711b,0.5618226528167725,0.57752525806427
38f77385-eab1-49da-bf35-d3f818825d3e,0.0,0.0
38fac6bd-7c14-4c6c-a83e-9455c51b45b3,0.0,0.0
38fdd5dd-2f35-45f9-bbc2-e2e042269aad,0.579864501953125,0.5868070721626282
3958b178-ef41-4242-99c6-f6d82d0c7d7a,0.0,0.0
39b25b79-9d34-4fab-ab2f-72a2354b9c2c,0.0,0.0
39db7d27-125f-43e3-afa8-e617ffcc0752,0.0,0.0
39f84cc3-3062-4af6-8af6-8fa2943198b8,0.0,0.0
39fd991e-7580-4846-bc8f-969013b47118,0.0,0.0
3a2da08e-ed6d-4d4b-8112-deb3f6dd23a0,0.0,0.0
3a461de0-0c31-4be8-99f3-b3d9420a82da,0.0,0.0
3a47b055-16ec-4a2e-8687-584a5dd69228,0.0,0.0
3a72f7ad-7b32-4990-9a88-a9637b5f42c5,0.0,0.0
3a848a0f-abd9-449c-b10b-918ccefebde7,0.0,0.0
3a86cd96-6e54-445e-a5e8-6ce2aadec230,0.0,0.0
3b27f1d6-6263-4cad-9a72-3873173344d5,0.0,0.0
3b28030a-f0a0-41db-81ba-f4936239e5fd,0.0,0.0
3bde4c05-a19c-4813-9b0c-963d6f7fc9e3,0.0,0.0
3c305328-8859-4766-92ea-919282a742b1,0.0,0.0
3c3c7992-c7ec-4dd7-b930-8015a7d98aa5,0.0,0.0
3c57e1c7-52eb-44e3-a6d1-f1137d30640f,0.7200320363044739,0.7022545337677002
3c895d0e-1256-43f2-9230-fa23d20c8ed2,0.0,0.0
3ccd9bc5-148b-4df8-8d07-13fd36e81f0a,0.0,0.0
3d06f736-cd21-41a6-8637-53522b24c7ab,0.0,0.0
3d11edc4-3920-4961-b92c-5e51e2e54003,0.0,0.0
3d216107-7925-4d24-820d-0cd725646ac7,0.0,0.0
3d3d1e23-0c8f-468c-8409-755441e3beff,0.0,0.0
3d5ba207-15c0-4394-921e-1c479eb0a3e6,0.0,0.0
3d66583a-6beb-4614-aed8-3ef32350d43e,0.0,0.0
3dd9b231-d9e7-40e7-9001-0927f83eaaad,0.0,0.0
3df5db15-f775-4a9a-a84b-626e15678787,0.0,0.0
3e39ea9d-0eae-4972-a03b-40454bea028f,0.0,0.0
3f527fbd-cff5-42be-b306-5c03b2877257,0.0,0.0
3f52ca4f-1517-4dca-9a13-923e87f7172b,0.0,0.0
3f8489bf-0653-402e-bc2f-02cb04dcee02,0.0,0.0
3fa44f15-4c02-4189-9fce-6ce4fcacdaa8,0.0,0.0
3fa8ae4a-c057-416f-bb7d-6bf8ecd366d7,0.0,0.0
3fc3e212-2d07-4179-9e37-faa7f5d06e15,0.7180759906768799,0.697306215763092
3fe2fa1d-f0db-4af1-9a09-2b35f3106767,0.0,0.0
3ffaaa22-2a61-41d0-af5f-fb25c5917294,0.0,0.0
4017f6ef-6caf-4aa7-802b-57f9303f5a0f,0.0,0.0
402cba2e-55ad-41e5-8142-999446d04cb3,0.0,0.0
405b3831-81a5-4711-ba6e-650b3400ce35,0.0,0.0
405bd3e2-10fd-4555-ba9d-c8d82bf5fb99,0.0,0.0
4099f712-2062-4cda-bfaf-1fe83abe7ad4,0.0,0.0
40a982e2-693c-4306-8e88-1a5d015c8025,0.0,0.0
40b5744a-e699-4f6d-b08a-843a3ed56ddf,0.0,0.0
40c34b54-b20a-419d-89cd-b54a1e8b3ba9,0.0,0.0
40e59cb2-f61b-4aab-bbba-6cadcb5daf5a,0.0,0.0
4128cbaf-255c-4a15-8e3f-cb18cb88f33d,0.0,0.0
4156eb73-c881-4dd2-84a7-b4c4ce2cc706,0.0,0.0
4179b20a-3dab-4c3c-9261-5d8a461424a7,0.0,0.0
41b2d296-ae99-4f99-8354-30aeceff0513,0.0,0.0
41d2a5d9-f106-41b0-97e9-7f044ab27376,0.0,0.0
41f0c6b9-bc62-4e87-84d0-5557aa76bca1,0.0,0.0
420f68dc-6d4f-4255-9ef2-c8b6e316ebbf,0.0,0.0
4251af38-55fa-4bcc-a089-f1e87911e25d,0.0,0.0
4256899b-c25e-44c2-865c-3d9b272ceb58,0.0,0.0
426de697-afa2-4401-8a03-92c9645c4407,0.0,0.0
429816a7-41e5-4908-9c00-93b52bdd6e88,0.0,0.0
42e6ff71-be91-42a3-9559-e08632fc0312,0.0,0.0
42fc126d-2273-4f4a-82b4-42d0f074d561,0.0,0.0
4304b14c-518f-4c08-9a79-7e5417479a2a,0.0,0.0
431afb72-8c5a-4499-9204-95ebb606fdd0,0.0,0.0
43455dd5-ce00-4b52-b8fc-e5b21862fb70,0.0,0.0
43619885-0c71-4564-99ef-7decdb76cd60,0.0,0.0
43a9696d-ee94-4f06-8c78-241133c491df,0.0,0.0
43c388f2-0afb-412d-b0e2-3fa09f0518ce,0.0,0.0
43c4862d-6dbe-4f05-b6d5-3bd8c5391e57,0.0,0.0
44059f4b-67a9-471b-92dc-d8c2e24ae982,0.0,0.0
4433f237-89f5-4d5c-a1ac-ff4ac6af8450,0.0,0.0
4477d186-9bf1-429d-aacb-6ab44a150cdf,0.0,0.0
44998b88-16f4-4d12-8395-bf8ab23fe1fc,0.0,0.0
44b7d0af-3cc1-4085-a93b-0c3052767e35,0.0,0.0
44da2fd2-ed88-41f0-9fc6-67fee0d80b1c,0.0,0.0
44f7ec23-7f60-44be-b7d4-8f08f5750532,0.0,0.0
4522ca81-e811-4dac-80fd-7e2cadefd141,0.0,0.0
4546c32a-888d-4127-a366-6717588183f8,0.0,0.0
45497c5e-c53a-4afd-bd02-7337dda1c922,0.0,0.0
45c5ec5d-f64d-4a4f-af9e-3ae5325ff599,0.0,0.0
45f6f27d-f884-4d4e-81a6-5e7c565b9dac,0.0,0.0
46070b38-6c9a-46bc-b85e-189b8ab5ffbc,0.0,0.0
461e0f38-263e-4de1-8a52-be01a5881079,0.0,0.0
4646bbfe-6034-4f90-adf6-3bbc36145a75,0.0,0.0
46ab8b57-c502-4b12-bebb-b99818857222,0.0,0.0
46fb008c-4ffc-44b2-93b3-6ac4d5782116,0.0,0.0
47510ef3-b9e9-4520-a377-471acbc5eae6,0.0,0.0
4772d95a-654a-4edd-a2f5-c86b8851ddd5,0.0,0.0
47b6554b-909d-4636-9e2e-86697f9598c8,0.0,0.0
47d9a29b-fee0-4ec2-9b32-ab46e884decb,0.0,0.0
47eed2b0-0c98-4b14-aebe-04d60960e912,0.0,0.0
484a3169-6028-44de-a6b9-7c93b89692bd,0.0,0.0
4874b116-0cc9-4296-a864-91208cbb36e8,0.0,0.0
4897caea-a6f9-46e6-a779-b130bf41d997,0.0,0.0
48b3e8d3-70d0-4639-977d-9be1e21e4af2,0.0,0.0
48e69e02-83c4-4d55-9039-01cc3a5260e7,0.0,0.0
48fc8afd-1e2f-4fd7-8005-34b3ee802a7d,0.0,0.0
49201bb9-e059-4d85-a0eb-ab9d5406c507,0.0,0.0
4927dad1-8347-4965-8cb3-c1a940a227b5,0.6666022539138794,0.6868488788604736
495b402e-e70a-48b3-995c-e14926bfad57,0.0,0.0
49c7672d-2238-43fe-b2f6-f78216e7c6dd,0.0,0.0
49d4cd77-1ab9-445b-a2a5-226d672d946e,0.0,0.0
49fc82f2-1d56-4e8a-8bbc-9a28e374af47,0.0,0.0
4a35f1db-39e8-49a6-9abc-dcf6ba655518,0.0,0.0
4a67f138-efdc-4a2a-94a9-ce5eddad0628,0.0,0.0
4ab10a79-df4e-4450-828c-c50411036110,0.0,0.0
4ab3223f-3549-4ac6-bfbf-754a54979433,0.6174864172935486,0.6331554055213928
4ad41bee-cc3c-41f8-9fe2-d0512625f6e7,0.0,0.0
4ae451a0-fa75-474a-8342-4fa6fff1752a,0.0,0.0
4b26e78b-84cc-46d5-80be-80a65146ff97,0.0,0.0
4b50063e-b19e-46bd-831f-8593567aac02,0.0,0.0
4b84bd3a-19fe-4a2b-bdd0-bc5782b7f3e4,0.0,0.0
4babaaba-c80b-4aca-8679-c4b1c2a70ef4,0.0,0.0
4bbf3b29-02be-41bd-ae11-bd05ab1e2810,0.0,0.0
4bc633e6-feec-4624-a946-1b1c464308ba,0.0,0.0
4bfad755-3d35-42ce-9433-83f6581fedb9,0.0,0.0
4c1503ea-8d77-4225-ac19-a099cdfdc0fe,1.40950345993042,1.4777086973190308
4c28486f-859d-44d8-ac42-14e9e8af5176,0.0,0.0
4c79f9e9-ba56-4a8d-b685-3ef10c66b79e,0.0,0.0
4c9e0b9e-e081-4515-8ed4-4458caff5e87,0.0,0.0
4ca615a9-d103-4804-ae68-1395528f7fab,0.0,0.0
4cb85f79-d49b-49c7-b843-699544b4cf50,0.0,0.0
4ce5898a-9129-49e2-ac0d-cc924111ca8b,0.0,0.0
4cfea3d2-b18a-488c-8195-d5cf34b2ff5a,0.0,0.0
4d5fb4e8-839e-4ac6-a14a-3454231da678,0.0,0.0
4d84a763-8d53-4072-9d15-88ef6e7b0b8e,0.0,0.0
4d93581c-449d-4096-86e2-b3420e6ac51d,0.0,0.0
4daa7792-a620-476d-a0c8-6f3f9dfbc32c,0.0,0.0
4ddb74d7-a055-474e-a05c-33fc448fac99,0.0,0.0
4e632422-7c14-4415-ad05-856355d3938e,0.0,0.0
4e77d2df-78f2-484f-b23a-8634ba4c88c3,0.0,0.0
4ead6ffd-82df-44a2-9599-9a04923a7e9c,0.0,0.0
4eb1097c-c25a-4c89-9a38-227c5843caaf,0.0,0.0
4ef473d1-9d5c-4f2f-92c1-4d9b85dd5a2d,0.0,0.0
4efb27f2-a795-4b9d-929e-086179fae94e,0.0,0.0
4efffad9-dbfd-44a5-b88d-9fe9385306a8,0.0,0.0
4f2fafad-91c8-4d66-b0fa-4e79911ca119,0.0,0.0
4f323bec-ff54-49c2-8c70-a7d73e2f5140,0.0,0.0
4f3cb763-62ea-44ab-a1e2-81b879f9dcb5,0.0,0.0
4f72039a-dc46-4bb2-ba71-9d9a19f24c86,0.0,0.0
4f8100ce-0b0c-4c3f-afe2-87c493242eca,0.0,0.0
4f8ea5df-ae2d-4550-9128-7d7e4946fa09,0.0,0.0
4f9be084-d73d-459c-ae04-19c89c569d79,0.0,0.0
4fa8bf65-9116-4cc2-ae98-1553e49ed0d5,0.0,0.0
502669cf-01db-4c7e-a831-a4cb68212a72,0.0,0.0
502c0965-f4fa-422a-9e43-841309baeaf7,0.0,0.0
5057eb2b-bd97-4c97-b632-69e572e4f563,0.7303726077079773,0.7654165625572205
50a12aa5-83d6-45b7-91d0-3dc5782b5cc3,0.0,0.0
50ba627d-c0ed-430f-9e94-c9e322b4ddcf,0.0,0.0
50fb479b-4ced-43d3-9649-25bce19ea019,0.0,0.0
5109f3d4-5be7-402c-8493-14cda98864aa,0.0,0.0
51562378-7ad8-4f30-80e6-2d23e7b002b6,0.0,0.0
5162f135-0f45-49e5-9cfe-2fb33c99dff9,0.0,0.0
516b3cd1-bb04-44e9-aa2a-4fe472175c2a,0.0,0.0
519fdd29-7c4f-41b1-ba14-a8f2bb1374a4,0.0,0.0
51bc0520-9c5c-477f-950e-afcb80cf147d,0.0,0.0
51df0059-a70d-494f-ad66-4545420fbc7b,0.0,0.0
51fde4e9-bcd1-447b-9d2c-ac01af959d95,0.0,0.0
520c8ed9-245e-47b8-9bd7-39109a796996,0.0,0.0
5219cdfd-2a2c-4766-9539-c69528da5e5c,0.0,0.0
521aa918-28aa-46ac-9b36-bb1997f04a1d,0.0,0.0
521d783e-1921-4bac-a7e0-a5dc3302f672,0.0,0.0
523ee448-cbe0-4f1f-80d7-e72fc652bdb5,0.0,0.0
5246f1e4-7e47-46e5-bf6c-f0b556f309aa,0.0,0.0
52d55b94-84bb-4e5a-9896-75bdbfcbde7b,0.0,0.0
52e3e257-34f9-4275-9775-fa1582beb909,0.0,0.0
52f0bc05-6f18-45e3-851d-5ee94cc7e378,0.0,0.0
5323512e-6ec9-4ccd-89c1-20b3d20906d0,0.0,0.0
5355a956-0945-4c37-a7da-aae025f46757,0.0,0.0
53591430-a894-47ed-9714-47e6c2ff25c8,0.0,0.0
53651c01-aa7c-4587-8045-d2b21ca0a5b6,0.0,0.0
537e4562-ffb1-4134-9b3b-f14cf4a24e74,0.0,0.0
5382be49-e03c-4be5-8153-d75358c9cdb6,0.0,0.0
53a6336e-f8fb-43f9-b8d0-24ea561b7b36,1.2598212957382202,1.3393434286117554
53bfe5ed-339f-40b2-8089-534a037a6697,0.0,0.0
53d61997-fb01-49f5-9be7-746be2815c91,0.0,0.0
53e7fe6b-308a-401d-9ba4-ffbf78b861bf,0.0,0.0
5400944e-a210-4849-9356-e8b7e77df44a,0.0,0.0
542dc06c-7e21-408d-97c3-5c7e0635dfc7,0.0,0.0
54560c66-9233-46af-8fe1-26fc60f13765,0.0,0.0
54627b7c-5d40-4ed7-a4ca-29c9f21d25e7,0.0,0.0
54985bff-e50d-4fee-9182-a908cf39c980,0.0,0.0
549cffa6-2bf9-4139-a645-5b5a224a1ccf,0.0,0.0
54c4d78b-24d0-4a8d-ac36-cf1547fa0ca5,0.0,0.0
54dc07f8-9714-46f3-bc85-93a496125431,0.0,0.0
54f7dc66-20fb-43cc-824f-78cc870afe5b,0.0,0.0
54f82ee4-6591-4af8-8911-3895492e848d,0.0,0.0
54fa6a84-09c9-4972-a22e-1e05e9b7aeb2,0.0,0.0
55248bbd-31ff-4a2e-a5f7-7e640d03308d,0.0,0.0
55255601-d8b5-4d8b-8ab6-0d8856d7a336,0.0,0.0
5527dbda-b3a5-4c40-9c13-831bf821b393,0.0,0.0
553afcb1-54fc-45d0-9f2f-8266b1e69460,0.0,0.0
55436768-e166-43f2-8e77-aa7effa39f56,0.0,0.0
5559a538-42be-4308-a1c5-bd752645d122,0.0,0.0
55679655-edcf-44c7-adfe-3e76b231dd07,0.0,0.0
558cbca1-4039-40c6-9f83-9fba8f8096e5,0.0,0.0
55b0e2c5-235d-4909-9939-7f3300271fc2,0.0,0.0
55c17b15-5efb-4c2f-9072-f01723f12be2,0.0,0.0
55db069a-7b97-48f6-be50-866215b8fde3,0.0,0.0
55e29740-da45-4993-8b82-eac4d478426a,0.0,0.0
5610bd5f-7851-4928-9fe6-a961879f14ee,0.0,0.0
5621b666-aea7-454b-bbb5-2e6ec44569d7,0.0,0.0
56315ed3-7dae-4a6b-a302-e38dd686759d,0.0,0.0
56a500bc-2239-4e86-97ac-9fd62b62db5f,0.0,0.0
56beb4b6-337a-41b3-bec1-dad8dd79c496,0.0,0.0
56c8c843-7cd7-4845-ba98-b074d9f954ad,0.0,0.0
56f4a792-447c-46dc-9dee-b762eb23ba36,0.0,0.0
57030831-567a-477e-805e-f69daae0d721,0.0,0.0
570326a9-b34b-428c-a38b-a2aa645e70c8,0.0,0.0
57484840-d1d5-4288-867b-cf087d0a6909,0.0,0.0
57527617-207b-4a73-b950-176fa23dc31f,0.9699427485466005,1.0209225416183472
57546e4e-3941-496d-a4f1-41a0be8faff1,0.0,0.0
579e212c-d4f6-493a-bea4-661069d452e9,0.0,0.0
57d835e4-d949-46dd-85a0-e941b468b1a3,0.0,0.0
57fad436-e1f9-4c60-bf8b-806a2031bcd7,0.0,0.0
5811e307-e984-4c8a-bb98-0cd003d6c102,0.0,0.0
5820ce4a-faa3-4879-943d-e20d8b052dbf,0.0,0.0
583438d4-760b-43be-9c2e-da04a01e6455,0.0,0.0
585d7936-9e59-4b76-85c4-49eef23b3d7a,0.5956010222434998,0.6068219542503357
589f319e-5371-400d-91fe-55f7cfa9c652,0.0,0.0
58a889c6-d517-482d-a41c-5e38bc0dfc29,0.0,0.0
58cd89dd-1c8d-4411-a516-3f809ac38717,0.0,0.0
593f79a2-f212-4df8-8a2a-56c68244219f,0.0,0.0
594d1d4c-dd11-4b6f-aa61-e5ca6fbcec6f,0.0,0.0
595c068a-3740-4384-b209-4c0bd85aaf59,0.0,0.0
5a273aa3-34e4-416d-9a6d-4a26009a79d9,0.0,0.0
5a61d4fb-55fa-4861-b323-d136ee09701c,0.0,0.0
5a703340-7788-4281-bc41-563ed0105d2b,0.0,0.0
5aa4ba53-2dac-465c-92a0-2e2f736b7eaa,0.0,0.0
5aac8370-3be2-4ab6-a881-d513012b6954,0.92313951253891,0.9191907048225403
5ac29e7a-f287-4ed7-8776-7d8dbb378687,0.0,0.0
5ac2a7e7-89e7-41fd-b5e5-1f6e99de303f,0.0,0.0
5ac39c2f-bfa7-4dec-b2a2-cbf3dca7e569,0.0,0.0
5ad9de46-070b-410d-9eb6-30adc6b71757,0.0,0.0
5affdb2a-1d41-4c66-8f7a-da51afeb9de6,0.0,0.0
5b012e4d-5883-46a2-9fa3-daf2cc380ae5,0.0,0.0
5b5cbf7d-a3a0-455b-a781-e2f212345cd3,0.0,0.0
5b626809-b849-4593-ae5a-30e3217de26d,0.0,0.0
5b828e08-ca78-483b-9d8b-96824efeb6be,0.0,0.0
5bb2226b-3e69-4bd9-b041-faeddaef445f,0.0,0.0
5bd07d7e-19c8-4b47-9f2e-7c7bc0546e92,0.0,0.0
5bd6df99-2139-4e01-9c14-810765003359,0.0,0.0
5c13dcca-aa8d-4fc5-9009-617160520024,0.0,0.0
5c2f1a11-056e-414e-8412-9c6304ff035b,0.0,0.0
5c4dff48-4afa-4922-949e-f64db583f392,0.0,0.0
5c57d206-3c3e-46a4-914b-d2c88d8d59b3,0.0,0.0
5c5fae3c-b92c-4b35-81b3-06c106796f18,0.0,0.0
5c7505a6-40cd-4634-b1dc-48706c0586a9,0.0,0.0
5c7b4ad4-2b80-4dbb-b238-1f54366970be,0.6520810127258301,0.6434388160705566
5ca6bd73-0689-4f16-8e6d-b5a303236576,0.0,0.0
5caeb3a5-4c13-48b2-aef0-c0e930172e77,0.0,0.0
5ce470e4-d35d-4560-b33a-d73b1d9c8659,0.0,0.0
5d092d13-2b7f-4cea-961c-988a7a0a6da7,0.0,0.0
5d29a3a3-0158-49a6-909a-150c2a1225ea,0.0,0.0
5d4f1ecb-88b0-44e5-b670-8db69e7ee7a2,0.0,0.0
5d5ee757-c029-4b3b-97d8-ad8839282207,0.0,0.0
5dadad81-fe05-4d7f-9482-424242bb9110,0.8999764323234558,0.9556751847267151
5dceb638-2323-40ec-a9f3-1afa9452dac1,0.0,0.0
5de01d6b-b45b-49ac-9c68-8995cb1ed02e,0.0,0.0
5e435daf-ad54-48a9-b34a-efff1de52b69,0.0,0.0
5e61081d-d569-47bf-943e-bcef03a0d804,0.0,0.0
5e765766-58b6-4160-bc2b-8de99a486062,0.0,0.0
5e7c4bc0-44c7-4d6c-8b85-e3692b19d645,0.0,0.0
5e9a75b3-3ac3-48a6-827e-f2d70d5b2843,0.0,0.0
5ea2e570-e58c-4454-94df-eb26ceeaf326,0.0,0.0
5eabab6a-7356-4ee9-9e45-8f1e420d0090,0.0,0.0
5f13ff12-03fb-49e3-8db8-d8d656460f91,0.0,0.0
5f302cb1-2958-439d-9a94-bce9e600803a,0.0,0.0
5f4f97f1-7721-4cd2-b423-6e19e47e131b,0.0,0.0
5fda03ac-de26-498c-aae1-0d0d41815c9c,0.0,0.0
5fdb554c-c6bc-4f9b-8544-35a673442a12,0.0,0.0
5ff4e385-a663-4b7d-b1d6-435bc68e2a70,0.0,0.0
602bf66c-6d5b-49bc-b6ca-9cb7e2731c36,0.0,0.0
609c1b69-cd1d-4505-92a2-63694d7f6e74,0.0,0.0
60bf5f08-398a-43ac-92fa-29283fd1febf,0.0,0.0
60dd2bb9-2967-46b1-b4b6-bcd798fe7868,0.0,0.0
60eb6e83-bbac-4552-95a9-309479a532f6,0.0,0.0
610d0720-fcac-4fbb-96f2-78a36bb5193d,1.159104824066162,1.1902568340301514
610ebd54-1447-4800-9bd3-d48b47ca3926,0.0,0.0
6114b4fb-ba97-45f5-b9bb-f61f2c2f391e,0.0,0.0
6121eebe-e471-464c-8ac5-d9002f099edd,0.0,0.0
61425d75-670d-4978-9cbf-9debc7299067,0.0,0.0
616f17bb-e2c9-46d2-9f6d-a79434b587c1,0.0,0.0
61853472-e5af-4a80-a1f5-5be3008455e0,0.0,0.0
619155ec-aa9b-44d5-82e7-921e51746871,0.0,0.0
61958b97-5c0a-4c9b-9866-4d52f6f9ed5a,0.0,0.0
619f084e-ca2d-4d26-bbfc-179725c0ef8f,0.0,0.0
61fc4f46-d524-4437-b7dc-8e347393cd90,0.0,0.0
620b751f-6189-4c89-b642-8949b9dccaec,0.0,0.0
6222e430-0cee-41f9-b38a-018767e8bb8b,0.5340167880058289,0.5549625754356384
622b3f98-9492-4f26-b059-f9d80068d81e,0.0,0.0
6237ed20-80da-403f-8aa6-13051cba91eb,0.0,0.0
62793d4b-5eea-469b-93a8-070f5d63b911,0.0,0.0
62a2b0aa-4d21-4d5e-a511-d45083780dba,0.0,0.0
62b63b2e-d73e-43c4-9ff3-e7aced2a5077,0.0,0.0
62e0cb7f-7e1d-4b72-95b0-1f5356e2ef03,0.0,0.0
637817b4-be0d-4fe8-b93e-a0a6730ea1f8,0.0,0.0
63c77b3d-4adb-4dfb-9ab3-e74d7a269598,0.0,0.0
648640a1-c674-4322-8ac3-e89735a27065,0.0,0.0
648e52ee-ce9f-4de5-b001-a978832f493b,0.5509125590324402,0.5531107783317566
64a84aad-6751-42e1-9bcf-05cebccb5ef6,0.0,0.0
64a8d290-3346-4082-9c7b-edc738facd67,0.0,0.0
64bfc104-a560-4d1e-a398-d709a81f4da6,0.0,0.0
64c41a83-fc19-4044-a779-69b03b2b0f34,0.0,0.0
64c42a87-31a1-44b9-bab8-63c90036b6e3,0.0,0.0
64d1026d-60dc-439e-aea0-8491602e9d6f,0.0,0.0
64dea9ed-3e01-4b15-b7f2-3f1c3d345836,0.0,0.0
64f7ff69-59e7-485c-937c-3e07b15093fd,0.0,0.0
65176eda-8744-4f8c-aaca-9cc5e717b6f0,0.0,0.0
65181cb8-34b0-4ef9-924f-a6fd06d60b64,0.0,0.0
653cf728-88d3-4b7b-b3ae-ef3c97db0ec0,0.0,0.0
658649c4-8348-49ed-8be6-2f9d3d012cb5,0.0,0.0
65dc7663-e465-41e0-b5fd-152029566866,0.0,0.0
662d6bc9-0ef9-487d-8648-6ecf7a754ea1,0.0,0.0
665fb047-4688-493d-82e3-3f108805237b,0.0,0.0
6680b8c0-73e5-422b-8ca3-5f8b8b421d5f,0.0,0.0
66ce21fc-03f4-40ae-b19d-7255a9b1ff45,0.0,0.0
675b0b5e-b625-49e1-814a-ad81aa621dfc,0.0,0.0
676381a1-c556-4ea2-bbf9-4523e6a1f87b,0.0,0.0
67d4e968-1214-493c-8f2b-b15b4b8769d5,0.0,0.0
67f98c0e-6d9e-40d8-9912-25ebc71fa098,0.0,0.0
67fda5d6-f577-4551-901c-3484e6e32b94,0.0,0.0
685b1510-538b-4ba9-a68c-3e6b6d32ccbb,0.0,0.0
686fe4de-2199-41ee-b4c7-87778ba03a4e,0.0,0.0
68e57b34-31c7-4456-9a75-6e9761f1e815,0.0,0.0
68e653f5-0422-479c-90da-0708e79e9243,0.0,0.0
68e8e4b6-0f33-4493-9373-25ed0703d8ec,0.0,0.0
68f6d65a-b333-4af7-a9d6-f694ee51af79,0.0,0.0
68f81035-ae2a-4054-8681-469cfa169fa8,0.0,0.0
690dfa68-888f-4957-b92e-eafcba30a1a0,0.0,0.0
6964b36d-8e42-40bc-9da3-97c8b6e8c70a,0.0,0.0
69a3383f-52f2-4d1d-aa2b-08123ac1e846,0.0,0.0
69b6f5c6-4d11-4754-bb91-f20da0c28cd3,0.0,0.0
69da9002-43b5-4669-b284-87532756c963,0.0,0.0
69f40c52-73c3-45db-82e5-422e9d37aa2b,0.0,0.0
69f4b7f9-8c2d-44a4-a55c-73657932babe,0.0,0.0
6a190f0b-217e-47de-8f8e-cda6b4237f10,1.1054844856262207,1.1617811918258667
6a266d07-2c67-4ecf-9f1b-0e5dc9ba07c7,0.0,0.0
6a2bacff-fee0-4df0-be84-33f378b2cd47,0.0,0.0
6a459093-de72-4acc-a8e7-dedf875dd270,1.1420323848724363,1.1471765041351318
6a52435b-805c-495f-800d-8a9a99fbb6c2,0.0,0.0
6a67437f-d0a3-4158-b435-54c02064cb93,0.0,0.0
6ab29a85-1bc3-45c2-97d7-cadd213ea4a8,0.0,0.0
6ae9124e-fc8e-4ea2-81dd-1adee1e1fdec,0.0,0.0
6b0ddd75-b549-4275-8c7b-0177cc764c8a,1.519716739654541,1.6223005056381226
6b17cacc-e52c-4ab3-898d-f0728853031e,0.0,0.0
6b234967-a2a6-4f16-95a2-aeeba3b288d3,0.0,0.0
6b9adba8-2c58-4f9b-8c1f-56fb621090d1,0.0,0.0
6ba0cf92-70b4-4568-a541-9b9a19ba0c0e,0.0,0.0
6bf71f6e-fea6-4e82-adb4-61ce6d858d75,0.0,0.0
6bf83a51-c26a-4bbe-adbe-e86c5d45ff0a,0.0,0.0
6bfae898-51e3-4ab8-9ffc-9a28694f2467,0.0,0.0
6c842241-4bb7-4d56-b3a0-22f2d4d261c7,0.0,0.0
6c9161cb-c055-4d00-81d0-116ec0895988,0.0,0.0
6cae6c82-01a1-4673-9e4b-ddee14aec6f6,0.0,0.0
6cf5fa0b-6a15-4636-8812-3a15208b34c6,0.0,0.0
6d3515da-ffa2-4953-a9c2-3f53ddb2c9da,0.0,0.0
6d4d8d48-92b6-46e4-9c83-479e84320b30,0.0,0.0
6d4e27f7-6e87-4298-8f12-04ddbf29c8d2,0.0,0.0
6d551527-644f-41a0-9973-ba524ec3f388,0.0,0.0
6d9be3fa-fc33-4e6b-9e0d-381187111130,0.0,0.0
6dc96167-0cc6-414c-b557-d0870421c01b,0.0,0.0
6de1408c-7741-491d-a3de-78923327cb20,0.0,0.0
6df0dce2-90e3-4d1f-a2fa-4c8dbef3b8fb,0.0,0.0
6e0ef03b-503b-4706-a352-d566600c7fa0,0.0,0.0
6e71b126-7c74-4ba7-9548-6f66b6184128,0.0,0.0
6e7945e9-72ed-45c0-9e28-07618f32cda6,0.0,0.0
6eae8a46-d7be-40d8-b0ca-d01c5a57d85e,0.0,0.0
6eb3f15d-2189-47e7-8d87-a7f43b6bb8c6,0.0,0.0
6ef2100a-6b69-4984-a9b0-b9935be8b55d,0.0,0.0
6f5cf107-adee-4beb-882d-ca0404260ce5,0.0,0.0
6f6124d9-40bb-4788-acdd-41c88e962d5b,0.0,0.0
6f7e2b20-3c48-40e0-8736-7ebe9e6c93f4,0.0,0.0
6fab461c-2453-4d28-89c3-5ad5745df52a,0.0,0.0
6fe7e425-24e5-4363-8109-bb979cd73d78,1.323145031929016,1.392410159111023
701974ee-7e53-4632-a51a-30ca98bcd3fc,0.0,0.0
7042ceba-efd8-4b9d-9a6e-915b5983356c,1.1149908304214478,1.1424229145050049
70a613cf-c1e0-4abe-87a0-bf1b81107bab,0.0,0.0
70b69a61-a7b4-4be1-9510-d3c23ff222dd,0.0,0.0
70ca9592-7113-48cf-9424-5d54834d4d01,0.0,0.0
70d83d7e-d847-466c-9e73-774cc7e24cb0,0.0,0.0
70dd621c-3a7d-4e3e-ac2f-9194cf9b8dc9,0.0,0.0
70e65967-6da2-45fe-bf62-f5c274f1594e,0.0,0.0
7113983d-571d-40a6-a570-969d2e04b345,0.0,0.0
71490b8e-94d4-4240-ad6d-2f1af16aa9dc,0.0,0.0
715d6ca2-c04d-45ed-9435-69e30860fa9d,0.0,0.0
716a1474-0436-41c3-925c-58c9ea48fce9,0.0,0.0
7189d99b-0fc6-4a03-84ee-0b7547e60bb4,0.0,0.0
719893b9-3c7b-42e6-8a7e-fa081e5e5576,0.0,0.0
726800ea-a5ac-48d0-b31d-2865306e6d1f,0.0,0.0
728f84a9-5e53-4917-929b-b462edda4296,0.0,0.0
729ea7e7-ff81-4f93-b7d6-132eaaa694ba,0.0,0.0
72b237c2-9130-40ec-8a3a-629ca342d3cb,0.0,0.0
72f9da64-421d-4066-ab26-95161c37aa75,0.0,0.0
73086e8c-a0be-4bc8-ba7a-929959eb0d67,0.0,0.0
73562948-9344-44e9-a7a2-f9b89a33a797,0.0,0.0
7369ab2a-a238-44b8-87eb-45615d3d2a4e,0.0,0.0
736a002a-6379-4fc0-b081-d0ac55241af6,0.0,0.0
737f2522-6526-458e-92a7-40b7dc39077f,0.0,0.0
73bd73f3-c6f0-4cdb-96db-ee38b30504f2,0.0,0.0
73edd978-f151-49e8-acf1-ac23323c4a81,0.0,0.0
74049fc4-1736-4894-9eaf-53abec149df3,0.0,0.0
74183ed3-0c78-4952-b949-aa5975015689,0.0,0.0
7422f5d0-0521-490b-9694-1bea1d58d96c,0.0,0.0
744eb12e-a2c9-4efd-996b-3a4c839967af,0.0,0.0
745cc61b-3fa3-4edf-afe4-6eb813430670,0.0,0.0
74616ee6-2570-4e37-b222-c3e11163bc89,0.0,0.0
74bb9a8b-ed23-429b-b29b-d852247716ab,0.0,0.0
74e908c9-144d-4ca9-babe-0350ea06e314,0.0,0.0
7577b90a-bcd8-4ca9-9fc6-7b40f2a20a1b,0.0,0.0
75c2c908-1c30-4a6b-bc5b-9949863314a2,0.0,0.0
75d45eb6-0d0f-4016-98fb-96830bc83143,0.0,0.0
761bcda9-1714-42ae-8c2b-1c03b364ec1e,0.9376863837242126,0.9859762191772461
7653a28e-ba7c-435d-8d29-5de4f8b4b2e2,0.0,0.0
76e491cc-2ca7-446e-8b3a-6b91be48e2cd,0.0,0.0
776766d9-f2b9-4ecf-8917-794025740d51,0.0,0.0
778aa296-aa73-41d9-b2b4-bd4d2a6b48f0,0.0,0.0
77a35a43-6e83-4b70-b0ee-f5cdf4aea611,0.0,0.0
77fd3bd5-7c96-4e13-9cda-6fdec22cc031,0.0,0.0
785f9e0a-8468-4a9f-bf17-8afbe7ee2ecf,0.8570926189422607,0.8577910661697388
788be4b3-f382-4470-baac-5de971d4d678,0.0,0.0
788cac6d-8910-4193-b84e-30360d6127f2,0.0,0.0
789b8619-affb-426a-9855-643a10ee0636,0.0,0.0
78c175f7-1d6f-4898-aa64-f2270356b6c8,1.121591091156006,1.1865803003311157
78d81ffb-0840-4899-9aec-0a317029eb7b,0.0,0.0
78e9cbab-83fb-4166-8768-bb1304138a4d,0.0,0.0
7946b7fd-a92b-4421-8fb3-47e8e4f6d6b2,0.0,0.0
795b5472-5b6b-41a2-a7d1-2b21e1ebfdd1,0.0,0.0
7994a7ec-e855-4ebf-913b-5cffc6efd55c,0.0,0.0
79d15845-765c-4146-a2e8-18dbaee32e7c,0.708449125289917,0.7422922849655151
79e50a20-2143-440a-9c34-1e45e656979f,0.5249757766723633,0.5487208962440491
79ed660b-c98e-4982-91c9-eddf2af3fd29,0.0,0.0
7a095f1b-18a0-42db-894b-52c8c0c2b9fb,0.0,0.0
7a1c429a-23dc-49bb-9d50-1590abd400a7,0.8677442669868469,0.8934846520423889
7a316542-58ae-447d-accb-396d8457e460,0.0,0.0
7a5e995a-f907-4fb3-ac06-b8070a26b4fe,0.0,0.0
7a636bb6-65c4-49c7-b9e1-b2d921c41a64,0.0,0.0
7a790f39-3035-4d34-9ad2-a6667ff95ba8,1.2040303945541382,1.296271800994873
7a8dcde1-d130-4e72-bcfe-fe833864d41f,0.0,0.0
7a954ade-f1f9-462b-9b48-4daaa5ae2314,0.0,0.0
7a9b23e7-45f3-4f40-a14f-f7720c64da87,0.0,0.0
7ab262b9-9d6a-40f5-acbf-1fb31735e490,0.0,0.0
7ad637bc-c8d2-44e9-a8f9-4a5c2520a11b,0.0,0.0
7aff47f8-7a46-46df-b387-614337b8c025,0.0,0.0
7b58671d-0b30-4a18-b3ce-0c2a29693cba,0.0,0.0
7b78bf52-b71a-43ae-ad91-b62ecadc18d9,0.0,0.0
7bfe91ee-e38f-49f4-b268-f7df719434a5,0.0,0.0
7c041bfd-c919-4eac-83ff-92394963deae,0.0,0.0
7c04b241-4f08-44ff-940b-780b790d4762,0.0,0.0
7c6071b2-228c-446c-a87e-1b438739d31d,0.0,0.0
7c66473a-92f8-4dd8-b06b-3e972f161051,0.0,0.0
7c6cdb86-49d2-4b90-bf0f-a75a845157ce,0.0,0.0
7c9ad59c-39f4-49ef-9cb9-577de82ff267,0.0,0.0
7cc3b555-bd7d-4aea-8ebe-34ec041e3a36,0.0,0.0
7ccdcda6-87c7-4e64-a5b6-566f6bd67cf3,0.0,0.0
7d0a69e7-ef15-4896-8c34-2ba3d3e05ddc,0.0,0.0
7d0d6821-60c3-4fcd-819a-3b5f95b68591,0.0,0.0
7d3ec326-4a53-4178-8d8e-2d30fa416e96,0.0,0.0
7d796348-1fe7-450a-8020-8d7f583b6ea3,0.0,0.0
7d82c316-b0a6-4a9a-9824-a1e4746d8660,0.0,0.0
7d9ddc82-b818-461d-8ccd-3ea327a9c9d6,0.0,0.0
7db3ba41-0440-4b04-8f22-797cb867431e,0.5616851449012756,0.5663660168647766
7e547225-7723-4d59-8428-b014c52f9d53,0.0,0.0
7e9a3417-78fb-4e31-8360-e563ca4064a1,0.0,0.0
7eb64718-496d-4d21-a14f-ef7a6e704b02,0.0,0.0
7ed23d49-edda-4fd4-babc-e57e0cd43336,0.0,0.0
7edd386a-141e-42df-863f-c46a0abe206a,0.0,0.0
7eec0623-efd7-4089-8411-675481353e8e,0.0,0.0
7f16123d-5aef-4a5c-b138-469852db6745,1.0991617441177368,1.0722414255142212
7f242c07-2a4c-440d-a88f-4460bd06d15c,0.0,0.0
7f2e36c5-813c-4441-ba88-6116017668d6,0.9380809664726256,0.9580414295196533
7f78689b-7d9f-4cda-876e-1aecdce1ba58,0.0,0.0
7f787d1e-8ed3-4ddb-9965-6fe60b073d70,0.0,0.0
7faf5228-c67c-4787-8e9b-21902443bae3,0.0,0.0
7fbb2f3b-4616-4df6-8295-6be173cd7967,0.0,0.0
7fda3fec-f8be-4bbe-b8a5-8505db3dd42a,0.0,0.0
800608ba-0ef6-46cb-aebb-505ae52169a1,0.0,0.0
80126792-ea73-4005-90a4-413da1763364,0.0,0.0
801d684c-2616-4ec9-80ff-0f505f3beaed,0.0,0.0
8042a95b-a40a-4caa-9747-56743bf2486e,0.0,0.0
80439e6f-e95d-4d04-a908-cf6c50630e1e,0.0,0.0
8049c3d4-5fa7-4f7d-a639-d95b05aca8fe,0.0,0.0
80682c9e-3c25-488f-98d0-ee8f5b05c87a,0.0,0.0
8075607b-7bc8-424c-9906-2bd79f3c60dd,0.0,0.0
80b6536e-9dcb-4777-a27a-0ae4b019697a,0.0,0.0
80b77d4a-cc8f-40bd-9435-c5667bc5a3f0,0.0,0.0
80fcdb65-57f9-4c2d-b989-ff5ed6879597,0.7173640131950378,0.7376671433448792
811fbf27-ab1c-45de-8728-b68a60321d2c,0.0,0.0
81277280-862f-4409-a329-472a1ef00d3f,0.0,0.0
812c06f8-a73f-45fe-b271-f62375d346fb,0.0,0.0
8140c073-d8ae-4766-994e-f26136f81132,0.0,0.0
816096d5-cce7-4704-9c81-eacb500b6862,0.0,0.0
81827998-585e-4bce-9957-32ce67ddf452,0.0,0.0
819f090f-fa41-4a11-89da-baae97744e7e,0.0,0.0
81d7c6ac-92bc-4a83-8572-9a6547bb57f8,0.0,0.0
81ed66b9-ff52-43e9-9532-64f8e687da17,1.1182655096054075,1.1623691320419312
82010df1-b37b-472c-a781-ff6db18614ce,0.0,0.0
823d13b1-23f9-40c6-9d12-d54d1257f5f7,0.0,0.0
823f69fb-545f-4e48-920a-f1b21be00c78,0.0,0.0
8296689a-e386-421d-9655-01ba5a168184,0.0,0.0
82a57ce5-8a25-4577-944e-f2ff64560a4f,0.0,0.0
82cab823-def5-4316-b246-71b93d19a3cf,0.0,0.0
82e8a732-0b6e-44d6-a4a6-0857d8442af9,0.0,0.0
8319c64c-859c-43e7-8e36-dda2a5be5f6f,0.0,0.0
83456ea1-17ea-48e6-8454-7a43ec957ed0,0.0,0.0
835ae600-a819-4848-9476-195f928c2a9d,0.0,0.0
836b3220-7f0b-4eb9-9782-86a49d8b8f1a,0.0,0.0
83a4dc07-deb5-4a4a-ba96-cd1ec534e922,0.0,0.0
83a76b8a-bf3a-4f8a-a1ca-c6c8408b945c,0.0,0.0
83c63d0c-8db1-4d64-9378-6ddfd9087e7f,0.0,0.0
83c9424a-1c5b-473c-904f-9ea739ee0373,0.6420242190361023,0.6508927345275879
83cfe1e9-a481-4023-bb1b-f5da074af491,0.0,0.0
83d2ea4b-3ac1-4b97-8570-d99733c864b3,0.0,0.0
83eea797-0806-4354-b46e-5dbe63470f2c,0.0,0.0
83f416f1-655f-476c-ae1b-7c97e1fcda47,0.0,0.0
84268c58-5847-4e2f-952c-756aa458a480,0.0,0.0
843d9659-8eda-451d-b302-b74a7944e004,0.0,0.0
847611fd-1ef4-4543-b8c2-b6dd5a0d4299,1.2723915576934814,1.3472068309783936
84a05b9b-3677-403a-97cc-8452be4255fd,0.0,0.0
84d626f2-58a7-4fd2-9dba-f3e8779b94db,0.0,0.0
84d735d2-0a98-4780-a411-de65c784bc18,0.0,0.0
85245f1f-fb75-4c07-8c27-2e20e32ceb31,0.0,0.0
85333cbb-88b2-4260-9c5d-6603e0cd6961,0.0,0.0
854da04c-1eaf-4d1f-8cf2-d09750b92e6a,0.0,0.0
854e0379-48b5-47e7-8b00-8375c2280961,0.0,0.0
858e44dc-7094-497f-a39f-b01b975484c3,1.1488637924194336,1.2076278924942017
85a0af2e-d42a-4557-ad6d-694cf28b7f72,0.0,0.0
85a30716-5057-4e29-87c0-6ba67a5e7d6b,0.0,0.0
85c93e5b-70f2-4dd3-9b14-eb9070724867,0.0,0.0
85d0e91b-49cb-4d00-b249-3e7ab3d18236,0.0,0.0
85e87cb4-992d-489c-8430-e4d2bbfe07cf,0.0,0.0
85f980c3-8bb1-4caf-a70b-1bf0678fe69f,0.0,0.0
86400a1e-35f8-4005-b3ed-5533f92915db,0.0,0.0
8653707f-762d-4bb1-97b8-7fe410085974,0.0,0.0
867ad089-dfa8-4831-84af-f82789e90d7c,0.0,0.0
8690beb2-5292-46f7-81f2-41d189aa06ee,0.0,0.0
86b6b8ec-e443-4523-b233-67d1b04c65dd,0.0,0.0
86d2ea04-9a89-47a9-99a5-34ddfa181ec3,0.0,0.0
872001b6-5acf-41ce-a181-674023ba226f,0.0,0.0
872480bc-5b33-40af-b93f-831afef2308b,0.0,0.0
875e7322-5e5e-4d0d-9edc-9b50fd573183,0.0,0.0
87607a07-2ee8-469e-9ccd-27eeeaf4e8f1,0.0,0.0
8790eeb8-2567-42e1-a56c-267eebad9098,0.0,0.0
87e2809e-55da-4b5c-b9b4-2cc1ec586060,0.0,0.0
88457877-668d-485d-9a20-7c8c288dd537,0.0,0.0
888c17f0-a1b1-4b6c-b926-3633413a0c12,0.0,0.0
88f081bd-6988-4ec0-9d2c-c1338ed58e5b,0.0,0.0
88f585e7-b98c-4178-8ea8-b1d2323f5aca,0.6121049523353577,0.6126627922058105
8934fa5d-9adc-4933-bd20-f442a82c80bd,0.0,0.0
896fe29a-2c9f-44d3-b81c-60ce6858c442,0.0,0.0
8977e882-d8fd-4ebb-b15d-5e98d915ce25,0.0,0.0
898e5a5c-dcb1-4569-bcd6-6c4ced3efa73,0.0,0.0
89c7438b-7290-4e1b-8e49-5cfbc94e16e4,0.0,0.0
89d43598-6b4d-4e73-85a8-ea563f1eda63,0.5110362768173218,0.5207583904266357
89e7729f-1f53-41fb-bbac-99c9cb01c0c1,0.0,0.0
8a00b4a0-69b0-462c-9a2e-91fa028e5c50,0.0,0.0
8a5678b2-dabb-4212-a741-971fc50f8352,0.0,0.0
8a6a839c-29d7-406d-bbf8-e746a7dea2a3,0.0,0.0
8a728158-d22f-4a47-9872-6359ceeaff6f,0.0,0.0
8a98fc33-b659-410e-8262-b20bce6881cc,0.0,0.0
8b24c7a5-6ea5-4d87-af86-c3c8241dfc0e,0.0,0.0
8b2947c5-e9e7-46c3-b184-eec3cafde00e,0.0,0.0
8b422c28-e2f4-49e2-870e-3422edcee42b,0.0,0.0
8b44f673-6dcb-4f9a-966b-eb076bc6a907,0.0,0.0
8b451972-b5f1-4cb0-891b-412198748a6c,0.0,0.0
8b4c4aae-9c15-47a9-908e-28253f022cb1,0.7958388924598694,0.8207366466522217
8b68cf02-6e0d-4e68-9717-9bfba3c5d4ce,0.0,0.0
8bcdb151-7e12-4397-a777-9ecd9b1d03bc,0.0,0.0
8c7067a1-d563-49e6-9322-9b88a107669f,0.0,0.0
8c74c350-e1f1-4833-b1d3-43e15fca8bea,0.0,0.0
8c8b1058-a151-4ecf-8bf8-54539b862d30,0.0,0.0
8cdcb72b-796d-4c26-b102-dfd6baef091a,0.0,0.0
8d08c574-2b6b-4ad3-85ad-9e4d6afa77c2,0.0,0.0
8d4b58f8-c11e-4d2d-8e2e-c48be7252e9f,0.0,0.0
8e01586d-1314-426a-80e8-959035693923,0.0,0.0
8e193095-708c-4d0a-bfe0-5369d5c987a1,0.0,0.0
8e2cb0bc-62de-4d89-bc3d-913bb0c459a1,0.0,0.0
8e583d69-7850-4cf5-8127-44b0fbaf3b0a,0.0,0.0
8e589e39-90b8-466e-aa37-cad0a60f3261,0.0,0.0
8e8a9323-f72b-453b-9360-a836ab42fc8a,0.8485141396522522,0.8249162435531616
8ecd89b3-41ee-424b-b1e9-9f7e1e2eacc9,0.0,0.0
8ed31aba-da27-4773-a261-230ba51a05a9,0.0,0.0
8f7c934e-c77f-47a6-aba0-d016b57f2b22,0.0,0.0
8faf9d99-4c94-49df-95ba-7fab1774f55f,0.0,0.0
8fea3bc9-ce27-4f0e-b87b-8e7cd86fa441,0.0,0.0
901e1944-e479-4ade-925c-07715cf9a838,0.0,0.0
9020c261-3850-4d38-b609-108a44ad3191,0.0,0.0
9028a919-7a16-4b84-bcfa-641050c6ebbd,0.0,0.0
902ac59c-a045-43d4-827a-b7d81ed67bd4,0.0,0.0
90396372-2c8b-4caa-980b-869897fb1d70,0.0,0.0
9061dbea-e6d1-4a68-8e73-f7387cb6e70d,0.8781319856643677,0.8841858506202698
90945709-a183-4e22-8b63-6aa4a5804011,0.0,0.0
90bac4ba-f62d-4cb9-8b66-961fe0ebd299,0.0,0.0
91063856-8cf3-4f26-a152-fb9f464eeeb9,0.0,0.0
9137922b-554d-4e85-8106-6f258b1992fb,0.0,0.0
917830c0-6520-4fac-a888-5ef92e601582,0.0,0.0
917c5455-dd7b-40a9-aab9-e9f865fab297,0.0,0.0
91a2c2c2-2699-4091-8215-b32d23a54a29,0.0,0.0
91c6c1e8-bb39-4b10-add1-c4b8561468c3,0.0,0.0
9210fd72-fce4-4afc-8d7b-6a4a9cc0517c,0.0,0.0
92158f7e-f80c-45ab-bc15-8f1e028e6ee2,0.0,0.0
923c188a-6ab2-4e9e-8f77-582ebd8c7c22,0.0,0.0
9271b6fe-332b-46e9-b4fc-8369b87a8137,0.0,0.0
92765275-fcb6-40f1-bf22-faaf19b6f9f7,0.0,0.0
92a36fe5-0b65-4779-8def-ed248beed941,0.0,0.0
92a5c001-509f-4325-b1ec-3226b9321a77,0.0,0.0
936455a7-4bb1-49ad-a76a-73645742c746,1.334779977798462,1.4203178882598877
937a0c8b-a3c4-4c98-abf9-672f7814d294,1.058641791343689,1.0664819478988647
937cedd0-3d76-439c-a3ae-6761bab63b4c,0.0,0.0
9382566a-b267-4bd5-aaf8-4c852f2bdabf,0.0,0.0
938c3444-1ccf-4a58-a73e-a4339f53ecf1,0.0,0.0
93d5838c-d3eb-4c66-8b9f-c6410f55879b,0.0,0.0
93f723f3-e924-4f23-9065-892019d790ae,0.0,0.0
93fc4025-0ef5-4a81-8bb2-78b09347b6f2,0.0,0.0
93ff656f-7fb9-4358-a346-ae001358452a,0.0,0.0
945da113-e4f0-469e-8088-bd1499280448,0.0,0.0
94b0f449-16ff-416a-880a-a4aaa3885df5,0.0,0.0
94ef4914-4c5d-4c24-8d9f-be195d26a0c7,0.0,0.0
9514c548-ee84-4a51-a506-09e968f3429b,0.0,0.0
951dac73-aa5d-4dbe-8873-7b7d912ba8ec,0.0,0.0
951f9732-3c02-4e25-a02b-d4d10844e86e,0.6035853624343872,0.5830979347229004
9529244f-1334-45e2-bccb-299c5df58d73,0.0,0.0
952e53fe-e429-41dc-8e77-d1f7dd37725d,0.0,0.0
956c43c7-2f9c-47f7-9ed3-474589116526,0.0,0.0
956d3508-ceee-4979-930d-92b213771c25,0.0,0.0
965c0cad-a074-4d38-baf1-ad58fc2aa029,0.0,0.0
96b3cbee-c380-4eb3-870b-f5cfc5b44fef,0.8129380345344543,0.8290812969207764
96bb10db-7aef-4ce5-9377-d51cb183e762,0.0,0.0
96e63188-c557-439c-bf92-85a9fe74cf47,0.0,0.0
96fea2de-34e2-4f3a-8757-b893df0d2783,0.0,0.0
9732033c-db44-43ec-8cde-6e1d35211e53,0.7136995792388916,0.7274655103683472
97349bec-f3a5-443e-95b0-bdf81cbfcd6e,0.640753448009491,0.6334370970726013
97733247-939e-4d89-aa5d-f9dd9828e020,0.0,0.0
97a799b2-670a-4ade-a304-a483b7502002,0.0,0.0
97acd8d7-0249-4e18-91a7-36146aef16dc,0.0,0.0
97cfa8f7-6b87-4bdc-8bdc-2d7ce35f48f1,0.0,0.0
97ee928c-8438-42c3-a51e-fbab93d3ef9f,0.0,0.0
9835e148-a1b0-42af-aa77-914a28441769,0.0,0.0
98417538-bd3c-4f26-bb37-6da0bc7d7f6d,0.0,0.0
98dcdde5-95f4-4c6a-9c7f-ff306e45d0bc,0.0,0.0
98e9c976-d172-49b6-86f1-76b02cb0cb8a,0.0,0.0
990e4253-3e8d-4dd3-825e-c32b703c3297,0.0,0.0
9922cb36-ad61-49fa-8cbc-f604baed6821,0.0,0.0
994c5212-9399-4fe7-a4c1-b4f256d179fb,0.0,0.0
996ba101-0469-4463-a5c5-71cbb4e26be2,0.0,0.0
9972769c-fd87-44b7-af28-00093ef72d83,0.0,0.0
99a65ab9-bafb-4d7a-b428-642a5625a5d6,0.0,0.0
99ef7443-cabf-4115-8324-ce3be824e46f,0.0,0.0
99fcebc5-b451-4653-ba20-7e565b744ba8,0.0,0.0
9a2ff43f-4c5a-4106-8562-e666ac1e211e,0.0,0.0
9a6331d0-e918-4107-8e43-200b4827c294,0.0,0.0
9a739373-01d6-4cae-94a2-a5e48a8994b7,0.0,0.0
9a93d167-919f-4ae0-a227-d550413fa7a4,0.0,0.0
9b337423-76ef-4cef-80b5-c61a2480bc27,0.0,0.0
9b5fa9ce-15b8-4e1a-a239-078c4632b413,0.0,0.0
9ba1e297-0d1b-45d8-95a9-3edab548f73c,0.0,0.0
9ba33f6f-ce7d-466f-b799-993cb3f0c1a7,0.0,0.0
9c14f9d2-09ed-4e14-a72c-77dd318935ff,0.0,0.0
9c3452af-2148-4930-a7fb-9c51515c83b7,0.0,0.0
9c41fcec-ef04-456f-b1bc-54758a92f7e9,0.0,0.0
9c7cadee-1fc7-4c2a-ab0d-bb640cd8c213,0.0,0.0
9cd25740-2625-4ac4-99df-35f3c87ac5e8,0.0,0.0
9d05422c-1ebf-477a-a233-5a03f3468af9,0.0,0.0
9d10c256-22b6-4f41-a1b8-f183cc78a2a3,0.0,0.0
9d38a1a4-c08b-420a-b6bc-03b863e03bdb,0.0,0.0
9d5044aa-fb09-442a-b8da-55ff0f101436,0.0,0.0
9d8be15f-2f4e-43d7-8c32-4ff54d50e618,0.0,0.0
9dfd26cb-6ee4-4d82-82d8-fc62ad0dfd55,0.0,0.0
9dfe3013-a5c5-4207-8d62-af7505ad2f69,0.6548758745193481,0.5913808941841125
9e53e695-3504-440a-b00d-645f4b08deb5,0.0,0.0
9e624d62-5ad6-4b7a-910a-d35e0dfdac7a,0.0,0.0
9e82f020-245c-4ec9-b210-e1248615894f,0.0,0.0
9ea3f821-4a12-453d-a630-1b7d6242967f,0.0,0.0
9ea8cf39-4255-4607-b217-09ff1566f642,0.0,0.0
9ed32035-23bd-4b6d-8f3c-922421467872,0.0,0.0
9f315955-2cab-41a7-ae66-8567ce1cdfb0,0.0,0.0
9f450d7a-bbf0-4441-a039-d2bc548835ab,0.0,0.0
9f572549-c128-4751-994e-78c11dc10834,0.0,0.0
9f898a39-9330-4f46-9e8a-751045acd9bd,0.0,0.0
9feaee54-f34e-4631-90c4-c3cd96565275,0.0,0.0
a01a5fac-8885-4130-94c8-231183274e9e,0.0,0.0
a01bea94-7b66-450a-8cc7-cc6a554e700e,0.0,0.0
a026118a-d192-427a-943d-555c0187d1bc,0.0,0.0
a02aacab-b013-46b5-b796-2835a6dbe0fc,0.0,0.0
a03ebe6b-30ff-4d38-a61f-ff347c8561a4,0.9767093062400818,1.0235638618469238
a045b71a-bf4f-44a9-878c-2c113c08cfe5,0.0,0.0
a07e866c-fb64-4456-8398-186f1b7f6930,0.0,0.0
a0a40e91-4b9e-4f82-8e7e-9ad5261b0a50,0.0,0.0
a0a4b9ec-4329-46c7-b0de-be65b11ad0c8,0.8001061081886292,0.8200690150260925
a0b4e40a-b4bb-4141-8122-58342f2e8ef6,0.0,0.0
a0c2b38a-c0b4-4709-be75-4636f702034c,0.0,0.0
a0df2290-d5a8-4aa1-a4fb-29cdbe93b311,0.0,0.0
a0f55bf7-b258-456d-8230-a32b455affd2,0.6641590595245361,0.6817771792411804
a170255c-b2bc-4c0e-9e8a-825a61d351e7,0.0,0.0
a18ab032-76dd-4b9a-84a1-d02db72acf66,0.0,0.0
a19e7960-4647-4c44-a58f-ff7f715aad7c,0.6426298022270203,0.6517605781555176
a1e1e06d-0afa-4681-a7d2-4b2239ec9f4e,0.0,0.0
a1eb5f31-4a88-47ea-86ce-7122b346ed20,0.0,0.0
a1f0a38b-a7ef-4ec0-9e1e-d9bc6dc4bd92,0.0,0.0
a1f11144-192a-481e-9307-58677ee1a26b,0.0,0.0
a212edcd-ead0-4766-904b-c722a6c7da48,0.0,0.0
a217b303-407c-45e9-89d4-5096f5510545,0.0,0.0
a229d256-75a0-428b-b76e-d3ecc295abe4,0.0,0.0
a257c555-9843-4638-a4c5-53cc5655f9af,0.0,0.0
a27b14d5-0360-4dc2-93b7-86be52dfddb7,0.0,0.0
a27d6a4a-f665-4c92-8073-90e5c9af09ef,0.0,0.0
a28671a8-837b-4592-9409-74ed0a4cb086,0.0,0.0
a29871c3-0685-4a12-bf6e-42b30b430e85,0.0,0.0
a3303903-e0a6-4396-b6da-b0662ee4b3fe,0.0,0.0
a339c9b2-f105-4207-9a06-1f6f8da8acca,0.0,0.0
a35bd84e-23a6-4267-9cc7-62790351bf85,0.0,0.0
a39db3c9-3f64-422e-9dd9-144d3885d5ee,0.0,0.0
a3b99ed1-02ab-4cde-93ca-be33294d49e5,0.0,0.0
a41f388f-74a6-4e6d-80a6-d4c6b15467ae,0.0,0.0
a4302678-0c2b-42d3-848a-33daa16bd428,0.0,0.0
a4339b9a-871e-44c2-9bb4-bcbfe9d590d7,0.0,0.0
a4686b86-3165-4b3d-a2d9-1d0f58e2a616,0.0,0.0
a4a882d3-5f6d-4745-870f-1bb654d0cafa,0.0,0.0
a4ad96fe-ef0e-4ca2-b6ce-f128b7ce9bd6,0.0,0.0
a4b51e2f-f009-47bc-90d6-5e583cf6ffc4,0.0,0.0
a4becff9-c39f-4705-9e97-b1f85cc12468,0.0,0.0
a4ccf30e-247b-4996-941f-69d8c668bee1,0.0,0.0
a50e4a09-2e7f-4877-ae36-1300a6485d08,0.0,0.0
a5117585-f106-428f-9736-eacd0faccbda,0.0,0.0
a523b7a6-6af9-4dc8-8668-6e2a1b160c58,0.0,0.0
a5286cf1-2ec0-4959-9865-99a9623d6c78,0.0,0.0
a52ac73f-4c93-4553-b77d-574cabc9f126,0.0,0.0
a568a5e8-dc3c-48d0-a3ed-551a13aaf5cb,0.0,0.0
a57a2e77-74c6-46cc-bc76-23ab42ec1ed8,0.0,0.0
a58c907a-7fe0-4eef-a5a8-3f8ea37bbc9c,0.0,0.0
a5be4818-1cc6-4091-845d-c87e7cae9d22,0.0,0.0
a5eee1fe-2c65-4526-a5ae-7a75b0399b6e,0.0,0.0
a60c9436-01f1-46ed-bea1-26e642cc6c6a,0.0,0.0
a6225cce-2344-4651-8d15-64f0be78e979,0.0,0.0
a6818eaf-160c-4302-8122-0849fa24aaaa,0.0,0.0
a68bb9dc-9b50-4daa-996b-cf840d5d0794,0.0,0.0
a68f1244-d64a-4355-8e7e-57aac763bd83,0.0,0.0
a6e0be84-a092-4346-b351-9ff22977b723,0.0,0.0
a7c59621-0a29-4fc5-96c8-3bdd57dd32a1,0.0,0.0
a808a152-7207-4ee0-a394-9e1f0d044428,0.0,0.0
a82cf4ef-c8cd-418d-a759-e12f30ff05db,1.41367506980896,1.5003843307495117
a82d1508-7d7f-4df5-aed8-fba1c9b50aee,0.0,0.0
a841a190-4624-48a3-835d-a6c1cfb0e431,0.0,0.0
a8e8aac2-777c-4d97-aaf5-c2a3e86330d6,0.0,0.0
a94abe14-359f-40e5-9144-8b6571628c4b,0.0,0.0
a95cf94f-3d06-4a27-88d9-5894d0a04d91,0.0,0.0
a983fe19-3055-4c91-8f77-dd56479aeb81,0.0,0.0
aa2b52e9-bde0-4b0e-a22f-754858d1d2c3,0.0,0.0
aa3ac952-4c68-40d3-9bbb-25b8dc71470a,0.0,0.0
aa7268b9-cc01-4385-b73b-9dae18e39dd5,0.0,0.0
aa95b2d6-6f71-4c1a-93b4-50adb0ac2020,0.8810861706733704,0.9449105858802795
aab9345e-5500-4f18-8a38-25b70d07f596,0.0,0.0
aad2d22d-e99b-4297-bc46-3b012965b7be,0.0,0.0
ab037456-7bce-40b8-8ddc-305a4fbab98f,0.0,0.0
ab05a15c-f18f-4714-93b3-4977ba99bbb9,0.0,0.0
ab33a655-6590-4fa8-931b-37760a1f2ca1,0.0,0.0
ab34b81f-974f-4b56-a8e6-d867e57aaed0,0.0,0.0
ab61e837-ad92-4398-bc1c-dbfa90c8bdf7,0.0,0.0
ac071bbe-3afc-401a-9ea1-07509619647f,0.0,0.0
ac49a487-1ba8-4a58-83b3-3136ec4cb65b,0.0,0.0
ac5d9985-64e2-4200-a1b4-7eacd2299ef1,0.0,0.0
ac626062-9665-4ea3-b684-6fdde26cf5a7,0.0,0.0
ac64f8bf-6e31-4517-bd95-440e4ceb432e,0.0,0.0
ac68b9fa-9f6f-49b9-ba66-b17392d6389a,1.5268720388412476,1.6094120740890503
ac8bd18e-1138-4a9c-91ff-bdfed432a84e,0.0,0.0
ac8d8abb-d7b7-48b8-a5a7-039363e72bc4,0.0,0.0
acbaaefb-f99d-42be-aa92-42b18d4f93a4,0.0,0.0
acc4e14b-677f-49f6-b9e7-c7332395d083,0.0,0.0
acd00c15-f1f3-465b-bb9e-f32544566dff,0.0,0.0
ad728ead-aa23-49ce-a1c7-f178fc351d26,0.0,0.0
ade9508f-4bef-4131-8f6c-bfc42adb5311,0.0,0.0
ae30acbc-2bd0-440f-a3cf-cca98321bf9b,0.0,0.0
ae3b218d-74e9-41b4-b47a-4c3cf2486f7c,0.0,0.0
ae535f67-e85c-40a2-a898-2e592981102b,0.0,0.0
ae569f1f-e6ac-45f1-8a50-fb784beb2e14,0.8293768167495728,0.8697938919067383
ae608649-c134-4e96-8107-ab2b44b54997,0.0,0.0
ae615fdc-054f-4041-984d-e04a018be097,0.0,0.0
aea32a77-40e1-4ce6-bd67-e0ca236266ae,0.0,0.0
aeaf4c14-5c7f-45d3-a335-0e2c6cdf2910,0.0,0.0
aed17285-9db2-47cd-9383-620f0120266c,0.0,0.0
af712d4e-8726-44da-a25d-6d323aa0f57d,0.0,0.0
af7e0497-feeb-4898-a15f-0665d0ac4875,0.0,0.0
afa3c9d8-b2cf-478c-b228-7509657db904,0.0,0.0
afc279be-edb1-4d08-a1d8-67d332f1aad7,0.0,0.0
afcbde7e-6ff2-4ef2-bd44-62bf364f7f7b,0.0,0.0
afd62771-bcf1-43df-8c57-cc1b867aeab6,0.0,0.0
b0165d6f-8ccd-41fc-8083-86d4e0771360,0.0,0.0
b05d10dc-60e1-4c6f-87ed-01cdf0deac8e,0.0,0.0
b08428fe-246d-4c11-aa08-0061e83ed553,0.0,0.0
b097e61f-9b87-497b-9713-6a3f75d553a4,0.0,0.0
b0a56784-bfab-4119-a7d4-628b44886209,0.0,0.0
b1188a01-37b7-4246-ab56-91db3f415ed9,0.0,0.0
b15529fa-41fe-40fd-952b-80f0bafcc795,0.0,0.0
b15b294a-cffd-45c0-bcd8-397c259ef8ee,0.0,0.0
b19dd3b4-d8c9-4601-a1c3-06a6ad3eb4a9,0.0,0.0
b1aff2b2-2011-4188-a154-db35186f6fa6,0.0,0.0
b1b38581-6606-437d-8520-7cc9960f1904,0.0,0.0
b1d6b35a-f0d8-4d38-bf23-b3fbc3a70a85,0.6963524222373962,0.7085423469543457
b1e0c017-d7a4-450f-aede-18602a117686,0.0,0.0
b1f3144a-0401-4d08-95a0-410e7cc6a7cd,0.0,0.0
b1fddb89-c728-40df-8721-90baa25708d3,0.0,0.0
b21de677-76f8-4bda-ba1c-1bcc909e3d9f,0.0,0.0
b22ebbd1-fcfe-4414-81d5-99bc0a8ec706,0.0,0.0
b25a45fd-6691-492e-9326-d97f855e98d6,0.0,0.0
b26ec021-e0ce-4f61-9690-8a831f943e80,0.0,0.0
b28bcd48-69eb-407f-a0e2-5f79a80eb8d4,0.0,0.0
b2c76512-3ffa-42ce-8bef-76c0463702f5,0.6323069334030151,0.6474351286888123
b2e30a21-0cbc-45ab-925e-9922de3395cb,0.0,0.0
b2e84b0f-dbc9-4e77-b989-0726f3efd9c6,0.0,0.0
b2f76d6e-10b6-4a8d-87f8-96a4e6613aad,0.0,0.0
b35794da-7dda-4543-a96d-6c26213b6805,0.0,0.0
b3664035-bd11-43c2-9778-4ba510a5f473,0.0,0.0
b368de1a-44ec-4825-b7b4-a4f8bd6c5210,0.0,0.0
b3793d34-17ff-4623-a9b8-9f3052ed2cce,0.0,0.0
b3797451-a9b1-463e-97ed-d5ce585f9e94,0.0,0.0
b3bd55dc-4ba5-404c-921b-7c5d524eaaad,0.0,0.0
b3cff79c-5bd2-4d6f-b210-bcf938ce6de1,0.0,0.0
b3d24fb1-c89a-4ed0-9b61-24089457ca49,0.0,0.0
b3deb4c9-e365-4a43-b54f-da98b948ec41,0.0,0.0
b3e36f16-d61e-419f-89ec-6b9ee104afa5,0.0,0.0
b3ed79cd-557f-40eb-aefb-f59e3efe90fc,0.0,0.0
b3edae4c-418f-4596-95ae-8cbca1dcc257,0.0,0.0
b3ee7f6a-e4e2-4b62-b48c-cffbf08261e5,0.0,0.0
b4881eb9-f822-401e-9803-c831346b7611,0.0,0.0
b4a114ec-f9e9-4444-b8ac-08304614ce4c,0.0,0.0
b4d6e8da-47fa-4acf-8c74-f3807c0ca2ac,0.0,0.0
b4f36aa9-26fe-4f0f-886e-b0de57c3ad2d,0.0,0.0
b4f8f5fc-da4c-4753-a5ab-a154f63010b6,0.0,0.0
b57d5cc8-cd74-4825-9785-fb0180aa6f01,0.0,0.0
b59445e1-c854-4b35-b201-6c9669161fc4,0.0,0.0
b5969b95-9efb-45a4-979e-4e9bdadc7750,0.0,0.0
b5a13b5b-6bea-43f6-96cd-5e3192e66fec,0.0,0.0
b5c5398f-caf3-4f47-99f3-143e3187f810,0.8547083139419556,0.8626587390899658
b5c6b576-47d6-4bc0-b820-cb1668d55fb5,0.0,0.0
b5c91f4a-2287-4611-acdb-df575598105b,0.0,0.0
b6294ae9-a38b-42f3-b783-cf9ab2f11358,0.0,0.0
b62ed6ed-7e43-4a32-ab52-37ee63bb7b7b,0.0,0.0
b63cb11b-be02-4894-b6fc-e42ae1e3a1a7,0.0,0.0
b647c395-0360-41fc-9339-56062174d276,0.0,0.0
b64a054f-02ea-476c-b478-754c87d124c8,0.0,0.0
b64dce81-822e-4240-b33e-ad2b49a22170,0.0,0.0
b6631612-e137-469c-9826-12e751fd5cf5,0.0,0.0
b6bd4094-a0b8-42a9-9b91-2e0e24ea8296,0.0,0.0
b6db9ff8-aea1-4610-9a38-0a45faa2b606,0.0,0.0
b6f04564-9ea1-4e98-b7ab-6c47252d7b6d,0.0,0.0
b70c5f47-1040-42c8-aafc-5524fce94cd4,0.0,0.0
b72ce2b5-01fa-488e-bf8a-775625f7891a,0.0,0.0
b73c24e2-056c-4e06-8c08-5daa79745e97,0.0,0.0
b73deda6-e5d7-44bf-ac36-cb019cd7633c,0.0,0.0
b7410b69-f712-45af-8b97-f7f3c5949cb4,0.0,0.0
b7422b4b-d20e-4aa4-aa0c-faeab9edec5e,0.0,0.0
b75a22da-fe82-4137-846e-fa5834f6b471,0.0,0.0
b7ead1a6-13b8-4903-92d7-b374db6247cb,0.0,0.0
b83bd206-d1dd-4de7-a403-9edc93718997,0.0,0.0
b840d34a-fb70-48ef-995f-d0b1d1ae9707,0.0,0.0
b8813923-20df-472e-badb-75f6b5add5bc,0.0,0.0
b89bb891-5db8-4379-955a-06c8abb6e55a,0.0,0.0
b8a7deb7-40b1-4871-a1b7-a448e79e8c49,0.0,0.0
b8b0a5a7-89a9-45ff-a261-248bbc86e37b,0.0,0.0
b8b85c04-40ab-436e-b598-aabfcd2d585b,0.0,0.0
b8caec26-3665-417e-8851-856ad099d726,0.0,0.0
b8d5a7b7-ef21-436e-a133-c919ef4f7dde,0.0,0.0
b8dc57c9-c3b6-4a52-94a3-751cb9539061,0.0,0.0
b8f1d634-6ff6-43a1-9516-46cd94623be3,0.0,0.0
b8f4ebcc-c947-4467-8ce0-872b1fd79182,0.0,0.0
b91717d5-dabd-4671-a207-5138000ccca5,0.0,0.0
b964af37-3798-4d6b-b57f-336c5985a8cd,0.0,0.0
ba03555f-0850-4b3d-aedf-0a8189158d3b,0.0,0.0
ba065491-f99d-4ba0-86ac-006bd9a8e1c8,0.0,0.0
ba11b728-7f9b-4663-9463-fdaa5a5cedee,0.0,0.0
ba1ee778-f48f-4f33-a8ee-b6bceba925dc,0.0,0.0
ba225320-7ac5-4376-8df5-fb07055cc278,0.0,0.0
ba82404d-7d2d-4b0d-b875-a0b70de0ce00,0.0,0.0
bacf79b4-053c-472b-b71d-895167267c06,0.0,0.0
bb59276b-a642-438e-b4da-69c746598970,0.0,0.0
bb596f1a-e58e-4024-9b6f-800736deb218,0.0,0.0
bb715dc4-a2a7-4c08-984a-46de5bda131a,0.0,0.0
bb984a85-6a2c-444f-8307-57ac8f9135b1,0.0,0.0
bbe4fa9a-7302-42a5-8f37-f8aa4c50fc7f,0.0,0.0
bbf0bb2e-d230-4ba4-ad81-65eb947b9735,0.0,0.0
bc8d4b84-7e80-489c-a86d-5c8f0d43729d,0.0,0.0
bc9a3e7a-c64f-42c9-a47c-94fadbf430f0,0.0,0.0
bcaabbeb-0dbc-47fd-9462-7b3663af6cdf,0.0,0.0
bcaae87f-47aa-4272-b5ee-76ab65aaa1aa,0.0,0.0
bd04ab71-6448-4f68-9658-6a6834cf91c1,0.0,0.0
bd9f120c-eac6-4c09-9562-b499dc49260a,0.0,0.0
bdef26dc-b5ad-443c-b122-c0ab8596babe,0.0,0.0
bdf765c3-82ef-40ae-8bbf-c9abdaa6f928,0.0,0.0
be0199ca-bcf2-4f64-9b1b-97203dabac07,0.0,0.0
be27e240-1a0a-4151-b8e8-e0c8f29331b6,0.0,0.0
be5ad306-5cb3-4c95-bb76-aa233d4b2f9e,0.0,0.0
be5dfefd-56f3-4706-8d87-7e254d5978fa,0.0,0.0
be998ec8-1cc5-4b73-9407-77fb02981c35,0.0,0.0
bef2b6f2-ca71-4b9a-8030-26a54b4004a1,0.0,0.0
beff852d-a526-45fc-a358-49c33b587c46,0.0,0.0
bf130d4d-dd6f-41f5-a9fb-c59931458bc3,0.0,0.0
bf166d0f-58a0-40a5-9aa6-cb7dfcacdb68,0.0,0.0
bf1e2ea9-0fcc-4a05-b0f8-e94346ac6549,0.7970400452613831,0.7876331806182861
bf4e03c5-824d-48c1-bce9-1fe4b99b5f80,0.0,0.0
bf80024f-4b4c-4071-b978-513958f3a350,0.0,0.0
bf85a518-f8e6-45f2-b15f-2cdf01316007,0.0,0.0
bfb9ba6c-3545-497b-bc1c-d1c61de992d5,0.0,0.0
bfee7329-61a6-4960-98a2-cc7d19248303,0.0,0.0
bfff79a2-b2a2-4e9f-b626-dac3fdb315a5,0.0,0.0
c0347508-dd6d-4bd4-988a-d67d05c98b1e,0.0,0.0
c0419c1d-28c2-4fde-8013-a0f84cf00dd2,0.0,0.0
c070d7a0-1b3e-42f1-9a3b-22ae97431c1e,0.0,0.0
c076da1d-8436-4db4-adb1-acf29225589b,0.0,0.0
c097ddd9-5b9c-4ded-b197-05feaac23835,0.0,0.0
c0ac854e-aaa2-41a8-8918-11b2ba3b66b4,0.0,0.0
c0bdee2f-a812-49ca-bf1e-72920a953293,1.0687075853347778,1.0903196334838867
c0c71c4a-6420-435c-b1fc-3da910785e2b,0.0,0.0
c0d28ed5-7967-46a8-93dc-f5b0fe525fc8,0.0,0.0
c0f4ad89-93ef-47a6-a74f-363724221e29,0.9471576809883118,0.9207188487052917
c1063ce2-dd41-4075-8d71-e251e6f28333,0.0,0.0
c163c3b1-4707-4c97-ab81-56d1b03d49dc,0.0,0.0
c17c9da7-036f-4cdb-aad7-0e6542e3acfb,0.0,0.0
c1b61ccc-716b-4547-b3c8-af575237972c,0.0,0.0
c1d99659-91fe-448b-826a-b25007334864,0.0,0.0
c2926553-b4bb-47e8-bb1a-7df90d1ecbdc,0.0,0.0
c29b08fd-9258-49cb-b39e-0800829fc136,0.0,0.0
c3210320-a2b2-4475-a486-3f5b365731d7,0.0,0.0
c3247545-5a35-478c-8df1-8a030e6a3654,0.0,0.0
c36249f5-284f-435e-80a9-a716cc99bbef,0.0,0.0
c3917fa7-ed2a-4cd2-b0cb-869fc0d36a1e,0.0,0.0
c3c0acaf-6ef9-4c14-a8a7-1404b5e1aad7,0.0,0.0
c3c6661d-0d35-4c12-8e40-ec9752d6f803,0.0,0.0
c3efa548-d25c-48fd-8368-ee473f61be6a,0.0,0.0
c3fa4849-e04c-4104-b35d-a81498a5ef4d,0.0,0.0
c452fcb0-f044-46a5-ab2a-448eefb52f2b,0.0,0.0
c4555211-b586-4edd-bdeb-a2460d890495,0.0,0.0
c4a6f952-e549-4660-9084-966158d5f4cd,0.0,0.0
c4ecf73c-00cb-4792-9f01-e1321b4a1352,0.0,0.0
c504711d-7171-4224-a3d3-ee4fe89b9687,0.0,0.0
c550e470-d02b-4d30-a47d-d8fea9496b56,0.0,0.0
c5571e68-b0e7-40c2-ae9e-66383cbb022b,0.0,0.0
c55b5dc7-f98c-456a-8e3f-60f3e93af27a,0.0,0.0
c56a6f32-c0e0-4328-9b27-094fa350a3bb,0.0,0.0
c58f1143-6e59-45ea-8cdc-65313db2b9fe,0.0,0.0
c60a9533-b87f-4168-9d0e-3cbf75744a7c,0.0,0.0
c60f2eca-a1d3-4676-959d-5aa8ede3c883,0.0,0.0
c61d84ff-5c22-4fec-8359-2ca822212e12,0.0,0.0
c628ed9a-edfb-427b-b4d6-f205b299f275,0.0,0.0
c64d3465-8849-4791-b4d6-2f2bf04980c1,0.0,0.0
c653c27d-3ddb-4328-8d6c-65fdde4b68d7,0.0,0.0
c6b5fdef-0e39-4f87-b080-3a2f4a7c9d08,0.0,0.0
c6e5bbc4-0eec-48f3-8562-a3fa0c048a5d,0.0,0.0
c74c591c-b1aa-44eb-912e-83bb3f8e321d,0.0,0.0
c775cc1e-6fba-48f7-9425-e8871da7b331,0.0,0.0
c79d94e1-f4d6-4c23-891d-51a28069a06a,0.0,0.0
c7a3d45d-86e4-4d67-b0b5-b2a378a802e4,0.0,0.0
c7aa45cc-325a-4834-98dc-00607be5c16e,0.0,0.0
c8274285-e203-4aeb-8c72-afe499d0d9e8,0.0,0.0
c836727d-8f52-4d57-abb2-947ac8fa4cc0,1.046961784362793,1.094994306564331
c8481221-b7b7-4a18-853b-8fdae778c187,0.0,0.0
c8655058-8e7f-4408-81db-bfea7198ef38,0.0,0.0
c8921a3c-b3eb-4b2a-9688-0b35f564d05d,0.0,0.0
c8ca67ba-3b8a-4f56-935e-2ee6e78728c7,0.0,0.0
c8e07fe9-7bab-47a9-a0dc-256096638a75,0.0,0.0
c8e90b8f-294b-403e-9d28-d9e902f1d8da,0.0,0.0
c943e6be-3ce2-437f-8b0d-f2a8d8f79d71,0.0,0.0
c98cdbd3-8677-4e43-b39f-a36127df5989,0.0,0.0
c9aa1555-fd9c-4c46-958c-be0289fca4a9,0.0,0.0
c9e0a098-32f4-4ff7-8acb-a838d98db1b8,0.0,0.0
c9e0e4e4-5fdd-4b52-ab8e-1be7b1c61664,0.0,0.0
c9f7ba9f-2d33-418f-8c89-c9509cea550b,0.0,0.0
ca8ddbd0-b7d4-4137-8de2-30a7d469d23d,0.0,0.0
ca95568b-345f-461d-bb11-99478880777f,0.0,0.0
caaed2db-8e1c-4a21-bc1d-37e3c852f854,0.0,0.0
caaedc49-cdbc-496d-a102-b0db91345372,0.0,0.0
cab88714-0b5c-46d0-b176-779f364e1f0c,0.0,0.0
caf8b5ba-72af-4958-aa35-f4c5c5e6f542,0.0,0.0
cb32d20b-cdd9-44f3-84ca-9b48e12fa0b3,0.0,0.0
cb3b267e-8740-49ec-828f-262e23f8bdbc,0.0,0.0
cb5816bf-77d1-4fec-aeb1-1402af447c56,0.0,0.0
cb88fb48-0197-4743-853d-cfe28b051b79,0.6204457879066467,0.6348405480384827
cb921ac3-4d4a-4fe3-ae24-e9474ada220f,0.0,0.0
cb96e15a-59eb-4e7f-8638-c05c4f75ff63,0.0,0.0
cb99ced4-48cd-4d37-9c55-9ba0475c018f,1.503036379814148,1.6037427186965942
cbeaac93-6212-46d0-9798-579f389cbadf,0.0,0.0
cbf10209-61c3-4d98-91c0-b9277fa00d6b,0.0,0.0
cc21a71f-2b9e-40a0-8443-6440921bc0b9,0.0,0.0
cc259a67-7f30-45bc-adcf-8d8f76f3e49e,0.0,0.0
cc4d6031-12de-48eb-8b78-e48a84a6675b,0.0,0.0
cc5f3a48-3514-4a43-acf6-03b007fa7735,1.2626240253448486,1.3302541971206665
cc6abb78-4ce2-47cf-9193-59a01811094d,0.0,0.0
cc78d078-6b69-4f35-9346-274d4849b501,0.0,0.0
cc8013b5-8e43-459b-a758-f40ad656b7c7,0.0,0.0
ccbfed4f-1980-49d3-bd54-360a6c4084b5,0.0,0.0
ccd685a1-1f67-46d2-b8dd-718cbd20ee7c,0.0,0.0
ccdd9a4d-88f8-418b-bd6d-70cae230234c,0.0,0.0
cd5dd4fb-37f2-4680-a0fd-e5fbc988d639,0.0,0.0
cd8b333d-30ab-4fd9-93a8-b5a00afa1515,0.0,0.0
cd8fe71e-857e-4bf4-9f08-74a48d8f09d2,0.0,0.0
cdb97c14-fcdb-408e-886e-d0af6ba79b30,0.0,0.0
ce284988-b5af-4800-b2f1-1985b19577ee,0.0,0.0
cecdb090-0325-43da-84f3-190c88d327ca,0.0,0.0
cf0c4ad8-e27e-4101-b427-e60e3c47808e,0.0,0.0
cf0de3a0-4528-476a-bbe0-b1f0fa393b71,0.0,0.0
cf2b7bd4-c188-455f-bd1d-bc2c06881e9b,0.0,0.0
cf3080de-69b1-4d91-9df5-c0fc509ac2ed,0.0,0.0
cf6a5ad6-d9bb-4303-8d48-0b76a3f7d396,0.0,0.0
cf6d81d6-7e7c-4878-b09d-4f7f27af3b0c,0.0,0.0
cfc5fa5c-cabe-4fbb-a1c8-d43f0d2948c2,0.0,0.0
cfdc6e47-2aa1-4451-a714-c2b847a32c02,0.0,0.0
d02aab07-910d-4e68-bc09-40c8b1acb0b6,0.0,0.0
d0427c51-61eb-4d93-a6d8-e693d434d399,0.6933008432388306,0.6453328728675842
d054ae87-c674-4184-84c2-a27708ac4be3,0.0,0.0
d05aa956-1d38-430e-bdd8-c6e38e2efa43,0.0,0.0
d05eea0d-867e-4fb2-b50c-b4fc6c43a904,0.0,0.0
d0686b8a-5f70-4e12-b53e-92c0d1a2d712,0.0,0.0
d081ee5f-0a1d-44d2-b424-e3793a1a705e,1.2288355827331543,1.3020998239517212
d0863438-b8ec-478a-b111-1a2d7febc341,0.0,0.0
d09a9efc-2860-482f-94ba-ec24664a73f7,0.0,0.0
d0b036e1-e7bc-408d-b8ba-7e5dd3b87148,0.0,0.0
d0baa0e4-3693-47bf-bdb5-dabcec30a954,0.0,0.0
d0c8fded-72de-44a5-8e49-b39863ad8bbe,0.0,0.0
d1074539-b584-4998-b580-67d37e8ce0be,0.0,0.0
d10a90c7-3db0-43c6-b04b-fe8b4c3f206e,0.0,0.0
d11ddb04-9904-4934-8cf7-0e33d681b7a8,0.0,0.0
d12069a3-d4f7-407e-89d8-0791da130b56,1.0213642120361328,1.025262475013733
d19c032a-1d55-4849-95f4-c679dd741e50,0.0,0.0
d1b2953c-4c6e-47a7-8dcc-9fa59c388601,0.0,0.0
d1b7ccc8-8da7-4f60-aa78-262f3d19aded,0.0,0.0
d1bc19fa-45fc-4dcc-a470-a8895f4c8569,0.0,0.0
d1c2ad08-7782-4b7a-a927-1270616514bd,0.0,0.0
d1eab97b-35f6-4430-bad1-41dd779cef4d,0.0,0.0
d1f70505-389a-4983-acd4-bfca078e4f1a,0.0,0.0
d22c0229-0b9a-45b6-917d-47c9dc99729f,0.0,0.0
d23ec304-81c2-402d-a42e-fe030d5e6777,0.0,0.0
d24c7235-20f6-411e-960b-0c4ea3b2f2e5,0.0,0.0
d29002e9-ea59-4d97-9565-56d5a40d280e,0.0,0.0
d2a1e6c9-1b07-4296-be9a-15fb1af9e0bd,0.0,0.0
d2c1b70c-ca4f-4e1e-980c-21e3e9f5ec04,0.6885558366775513,0.7026685476303101
d31570f8-fdd6-4cbf-befc-599087f3a32f,0.0,0.0
d3236aa7-e59e-47ba-b07a-6748144a9f0c,0.0,0.0
d33034e7-2171-4f13-b44e-245ac92b26ec,0.0,0.0
d3544b8c-bd97-49e3-b059-fcf54dd6f7b6,0.0,0.0
d366def5-b4cb-42a4-b751-a78d9bb16ea5,0.0,0.0
d36c274a-cb5a-4f9e-b6f2-6d55a7ba5aa1,0.0,0.0
d39cbd2b-20b3-4001-b3ee-0ff4d8efaeb0,0.0,0.0
d3b8f891-cdb7-48f6-9a4f-65a05624d3f9,0.5143968462944031,0.531034529209137
d3c4bfac-dd62-4885-93be-0eb143d27853,0.0,0.0
d3f04cda-86b4-4ab2-af93-64d821d549f8,0.0,0.0
d3f5be05-249f-4598-ae9e-8862f37ff044,0.0,0.0
d42b3f79-def4-4bc6-bf03-916425028a4f,0.0,0.0
d439cb10-0726-4c90-95b2-46a474934a46,1.154998779296875,1.1579865217208862
d47b7e2b-fce9-4282-83c9-afec1c5326b1,0.0,0.0
d49653f8-41ac-41c7-937a-16716c475932,0.0,0.0
d4b66f2f-17b1-4e7d-8afd-870cf80f859b,0.506289541721344,0.5178911685943604
d4e19736-dc6d-40f8-ac32-67b33f471023,0.0,0.0
d5218bd5-bf58-4992-a928-8cecc1d2707a,0.0,0.0
d52daa77-4447-4ce2-90ec-f0aa46c63fb4,0.0,0.0
d582c1b7-6502-4ad8-b142-ef2c97d396d9,0.0,0.0
d591e85b-98f5-49de-b37b-5f9da4b3b91f,0.0,0.0
d5ad70bf-d816-4d9c-9bfd-4cfda23ca869,0.0,0.0
d5ff7200-eafd-4ca0-a30f-0861d60e4c5d,0.0,0.0
d64f63d6-fcfc-431b-88f7-def9070a0d9c,0.0,0.0
d6a49ead-ca3a-475d-aea9-713d4a5051c7,0.0,0.0
d6eac5d1-c12f-4e84-a31e-55db4eba5852,0.0,0.0
d78464ab-3fdb-4b3e-8c83-53caca172b89,0.0,0.0
d7a22df0-86dd-4c68-b97e-2f128d46fecb,0.0,0.0
d7aaee21-e414-42a7-9599-a84915c1bf17,0.0,0.0
d7c0b410-3d54-4b55-bbea-a3e051132d6e,0.6009880304336548,0.6267432570457458
d7c9ad69-aca9-41cd-911f-20a285b02a7d,0.0,0.0
d80cd8fc-0321-4d72-add3-829d0871b663,0.0,0.0
d823cca7-2c68-478a-9c43-fc9577cecb68,0.5467467904090881,0.567261278629303
d8346431-2f6c-4cc4-87a1-d89c2cbf1437,0.0,0.0
d858eb71-207a-43e8-b11b-bb1bba70e982,0.0,0.0
d866e189-84af-4a24-902a-3e2f3fae0f88,0.0,0.0
d88673e6-63eb-459e-b014-fdc3ad96ff5a,0.0,0.0
d8b3b0a9-1e83-4a9f-b669-6f02b764c852,0.0,0.0
d8f047bb-2a5d-450d-a7ba-1fe07c999ce4,0.0,0.0
d8fc3e0e-1b8b-474c-b1d3-e609e9b085b1,0.0,0.0
d8fd74c9-450f-4c8a-8863-085e2193d938,0.0,0.0
d900d43a-e536-41b1-8232-9245090fa188,0.0,0.0
d9118074-8521-494e-8939-5629fcfc620f,0.0,0.0
d976264e-ca9d-4d57-b7ca-d4c1e265804f,0.5572800040245056,0.5597620010375977
d9e46c3a-3d9f-4eb0-b631-e55e6b6b3262,0.0,0.0
da1ec49e-fff7-4626-8a11-ae535a94cfb4,0.0,0.0
da22f2fb-ee8b-45a8-a45b-da8a66edd97c,0.0,0.0
da45296d-271a-4518-9e95-5952a2d0edd9,0.0,0.0
da495d37-2989-4767-90ae-73e7bd0b0222,0.0,0.0
da506e19-f713-4206-b6af-15d3fb3d11ad,0.0,0.0
da5c73e3-b87a-4e0b-8264-515d71178a6b,0.0,0.0
da7d6a6f-fdff-4cb6-83bd-1eeef19fefda,0.0,0.0
dab1721f-f162-454e-8e16-b511562df8e6,0.0,0.0
dab48ee3-ff9b-4341-936f-92d882fecea0,0.0,0.0
db2d37e8-0c0c-4694-8885-38ceb6852787,0.0,0.0
db6535f5-ab95-4032-87ca-844471f67ada,0.0,0.0
dbc9f261-941f-4b97-8642-f315dd5297dc,0.0,0.0
dbdb48c0-e31b-4c39-9df2-94334678d45b,0.0,0.0
dc065212-7640-46c5-aed4-2a96b688a673,0.0,0.0
dc4d2996-8269-4860-bafa-ba79ee5f1f79,0.0,0.0
dc7418db-97ea-4782-bf2a-bdce539d77aa,0.0,0.0
dc9c5744-9787-477c-affd-9c3b81a1589b,0.5747228264808655,0.5918354392051697
dcc7b15c-8782-4cac-ab70-e1d7616f83d3,0.0,0.0
dce01f6b-0b55-4f2e-bebf-e1c1d2830c53,0.0,0.0
dcee465f-1412-4a17-b612-8122c70f2712,0.0,0.0
dd074995-4243-4af9-9e0a-65071a301415,0.0,0.0
dd107922-7b1d-4656-b782-944fc87817dc,0.5247412323951721,0.5190587043762207
dd4964d0-c1e1-4e3b-a174-2dd6cfbe1aaf,0.0,0.0
dd60cfd7-6086-455c-a058-236e9c5f0e29,1.0493367910385132,1.0801966190338135
dd6b5cf2-043b-419c-9259-d1cd4b64eb07,0.8372738361358643,0.8600821495056152
dd93c1da-204e-4484-9172-e4f16e9f39aa,0.0,0.0
dd9effb2-62ff-428d-a5fc-91ebd815a471,0.0,0.0
dda34c71-da9b-4f75-a25d-5789d50d5ca9,0.0,0.0
de44c454-5d02-4bbc-b79a-fbb60da6f6eb,0.0,0.0
de66b472-a51c-40b5-953a-8dd9d1ef8b48,0.0,0.0
de917055-acff-4a16-8ecf-6577951065c2,0.0,0.0
de9feeff-b20b-4719-b553-d2ff734bcbae,0.0,0.0
dec30173-3b00-46f8-b5a4-c66761eb5bc7,0.0,0.0
dec8309b-11e6-495a-8c96-d9ec02a5fe52,0.0,0.0
ded37269-1e75-4a6c-8419-3ebbaf358135,0.9693825840950012,0.9799472689628601
dedfc58f-39f2-487f-8b89-a94435fa128c,0.0,0.0
df04ec78-80e5-4759-ac1e-e35cf8a41144,0.0,0.0
df2be01c-8543-41f3-8e40-fa878b73b597,0.0,0.0
df97b01c-4417-4825-b5f1-da5ca077469b,0.0,0.0
dfbf9d56-f8c0-4346-bcca-de1e0a879a62,0.0,0.0
e00747a3-05e7-458e-8ec8-419424ad2266,0.0,0.0
e00f64b5-aa47-4403-8a46-d4fb00c7ed14,0.0,0.0
e0307c7d-e2d2-49a2-8bf9-faf7d6f00b49,0.5080422163009644,0.0
e08fde24-3796-4c32-b0d9-52abef4f9b53,0.5973270535469055,0.6155244708061218
e09e85e1-0bf9-49cf-8a50-d60e83ed9c8f,0.0,0.0
e1015bc5-1e89-46c7-8fc2-1ff96cbffccf,0.0,0.0
e12ea3a5-27bd-4cb4-8bfa-b3b8d146e7b4,0.0,0.0
e13c98d3-8079-47b2-9a20-5e1eb6c8fccd,0.0,0.0
e1524624-fdc5-418e-84ed-256872d32900,0.0,0.0
e155ea3f-5b42-4cb4-8793-adda13d7f004,0.0,0.0
e15cc4ec-a52f-409c-8ede-d8a716687a53,0.0,0.0
e1737462-2111-41c2-9ab1-5f373851f4f3,0.0,0.0
e1a50b35-108c-4356-9b10-536a93232f12,0.0,0.0
e1c5be86-d00a-419c-96d9-20fd0001266e,0.5950276851654053,0.5888338088989258
e1f4fedf-989b-4750-95c9-5e7a2ad8e294,0.0,0.0
e2152856-227c-4ec0-a647-14bda4695375,0.0,0.0
e21b1a55-b760-4aa5-8813-5c487de09e22,0.0,0.0
e21e00ae-2dae-4184-9fbc-0f2538977945,1.1140401363372805,1.122215747833252
e2599524-9c6a-4a69-9a87-f37c383c0971,0.0,0.0
e25fbf99-2731-4832-bea6-61201560500e,0.0,0.0
e29966d8-7c16-4d7a-aa32-889f80b3e834,0.0,0.0
e3017c50-e865-4676-820d-72b6787204b0,0.0,0.0
e328187a-88a0-4a3d-83ee-af152fa4daa4,0.0,0.0
e360c42e-1a83-44de-9743-75475f0c52fb,0.0,0.0
e36c0750-ec72-4039-8277-87a1237f7b3f,1.142684817314148,1.1610699892044067
e385d202-18db-4ecf-b2f4-07b04efba9d1,0.0,0.0
e3a731b8-1c49-418a-8513-0f7b03e2e780,0.0,0.0
e3c71f99-00ba-4821-ace1-40dddedacd83,0.0,0.0
e3ff6d94-1b9f-460c-85f8-f22966fb4e39,0.0,0.0
e4386ed6-5fb9-41cb-8355-746285858648,0.0,0.0
e43b6233-93c5-48fc-84cc-4d57f163ed86,0.0,0.0
e449d503-bc8f-4808-ac3f-b140f557966d,0.0,0.0
e45712a6-75de-421c-8dcf-8e564e88a96b,0.0,0.0
e45e221c-251b-4711-a171-217c6a8a680c,0.0,0.0
e477cbd9-aada-4e9a-8d67-241f2298c5ad,0.0,0.0
e4b4dd4b-1984-49c9-98d6-caa6cefab7b0,0.0,0.0
e4bc6f04-bdf0-4c62-a8d3-fb87f180c629,0.0,0.0
e4d844a0-6db0-472c-a8cc-cddbced85808,0.0,0.0
e4da0aec-4ca0-4aca-a40f-dae81745066f,0.0,0.0
e5a0585a-b814-4f3c-9586-15dca856557f,0.0,0.0
e5c53c7d-590c-4719-9617-bb79686a96f0,0.0,0.0
e62086d0-ea07-45b1-bbd2-e913a50310e0,0.0,0.0
e64d9e53-9fe2-4acb-96d6-a92e674e8705,0.0,0.0
e6962f44-93d3-4d68-9fc2-4a221fe066ec,0.0,0.0
e6bb87c1-231b-41a9-bc42-4528a1d65f2f,0.0,0.0
e6cad201-9134-4a25-9f2d-3676b7999315,0.0,0.0
e7171d5e-3fed-4fca-9691-8118dfbc94b3,0.0,0.0
e72a7a2d-57d0-4176-a96b-8b131c2308ca,0.0,0.0
e748316b-8765-4c1b-bc22-dfbc1427520c,0.820141077041626,0.8374685645103455
e75c3e5a-7261-4739-a7f0-50c4a33c4518,0.0,0.0
e760b2e0-cc67-4857-9bb9-8859ff4621c5,0.0,0.0
e768aebb-bb38-4c32-90b6-17d8f39a68ae,0.0,0.0
e78ec7ef-b95a-47ca-baf2-b64ca32d31a7,0.0,0.0
e79f7e47-c81f-4273-ace5-193b9935d54f,0.718470573425293,0.7389389872550964
e7c45536-aa41-4b48-a52c-39a632e42bc2,0.0,0.0
e7cb9a81-118e-4805-a3f1-f2e0302e8fce,0.0,0.0
e7e950cd-6666-4c5c-a2b4-a36af4fc09f4,0.0,0.0
e8186731-0a77-46e2-a47b-117896e04b62,0.0,0.0
e8303e2b-ebb2-4294-8962-7000050839dd,0.0,0.0
e8963876-8fd8-4bd7-a9ee-b554a454a517,0.0,0.0
e8ad30e7-c649-4549-b6e1-1516e835fe9b,0.0,0.0
e8af823a-af9a-4b98-987f-cf7d06791638,0.0,0.0
e984242c-fabf-4f46-83fc-2ca688eb2db8,0.0,0.0
e98c5839-044c-4cc4-a28d-d178cd4e1403,0.0,0.0
e99b6746-e8b9-41fe-bed0-e775cb7648f8,0.0,0.0
e9b64eba-48b8-47e0-8c94-f6f924422ae5,0.0,0.0
e9ee778d-d760-4b9d-978c-a4f1305376d6,0.0,0.0
e9ffa2c0-d082-402c-be58-806b9611f1ec,0.0,0.0
ea15cdfb-0870-4c4f-a415-04538678f4f7,0.0,0.0
ea3ad36f-a682-47d8-baab-686683493a96,0.0,0.0
eaf89da9-ef4c-40a1-88da-4116d6fd8a29,0.0,0.0
eb21e3ed-6c9a-489c-9d31-c36b797d21a4,0.0,0.0
eb4616d3-9416-4486-b730-a9eed20f3619,0.6731664538383484,0.6813607215881348
ebc5d0df-cdde-429f-b7a0-6fea9a2553f5,0.0,0.0
ec387242-d0b2-4fc0-a923-d233e8faf175,0.0,0.0
ec64c1cb-b316-493b-95b8-4f069c199fe3,0.0,0.0
ec6b81cd-02e4-421c-9782-31ec61a79256,0.0,0.0
ecb0a17d-0d72-4c30-85f8-291468d5d60e,0.0,0.0
ecc0ef80-af66-4bbd-802f-2e2e33d4dafd,0.0,0.0
ecc2edf5-c0ed-4683-b60c-0adcb59f356e,0.0,0.0
ed10b1a7-2cd4-4476-a959-26f80ff17d3a,0.0,0.0
ed23d214-231c-4ff3-850f-a79a0b7bde48,0.0,0.0
ed3ce1f9-6b00-4a0f-b429-9945f6db85aa,0.0,0.0
ed4af407-f69d-4523-945f-6710c71ba780,0.8539482355117798,0.893343985080719
ed54f6f6-ca0d-4ac7-a2f8-d526ddc053ba,0.0,0.0
ed7d575d-1dc8-4512-960e-179fb1f7509b,0.0,0.0
ed90251c-75bc-4afd-9173-bce2c330140d,0.0,0.0
ed99207b-cd5c-4aaf-ad7a-61483a6c6ff2,0.0,0.0
edadd4b9-1049-4af5-a1b6-6c585fcd720c,0.0,0.0
edb759ea-d069-4cc4-a07a-84d244fd55ad,0.0,0.0
edd01d3e-d4a5-4abe-97a0-1ae7411fdf27,0.0,0.0
edf2e45b-57ee-4a1c-a154-dea6417991ac,0.0,0.0
edf5646f-c1df-4b9e-b748-b866132319c5,1.4042595624923706,1.4473387002944946
ee2f4239-9849-4601-9cfc-5a272d3106c0,0.0,0.0
ee57bc9a-08c8-4de7-ac25-3f3520710fc8,0.0,0.0
ee7e4290-6b6f-4a26-9a0e-ecce3397d47a,0.0,0.0
eea921e6-ff9e-47ec-b27c-df790b0607ea,0.0,0.0
eeca6e2c-c4c9-4be5-abd0-5f80ca2b9209,0.0,0.0
ef16f247-8e80-4291-957e-3d98c1642638,0.0,0.0
ef1ae909-584c-4101-9807-ad361e9580fa,0.0,0.0
ef296f87-f568-4051-957b-8a8c95daf40a,0.0,0.0
ef66bf30-5dcc-4989-88be-20430bf4b735,0.0,0.0
ef7668e7-cef0-47e5-bff2-628d6f69af2f,0.0,0.0
ef810eff-5b3c-42b9-8a11-378a046808f9,0.0,0.0
ef8e25d1-bb43-4832-96d0-a361e9c2b42d,0.0,0.0
ef932922-2d7d-4d5b-87c6-69e509096daf,0.0,0.0
efb058c4-9c25-4aa0-ae85-a0b7774012d6,0.0,0.0
f0221fa8-b24b-48b1-8f5e-245d13f311fa,0.0,0.0
f02f4aa7-0683-4804-81dc-ee94f5edb5ba,0.0,0.0
f03a5d20-844a-4fb8-b63f-9cc90891655d,0.0,0.0
f069851c-694b-42ef-b0fe-4e4163bbc31d,0.0,0.0
f07b4254-c2fe-41f0-8658-37509630d9fa,0.7385398745536804,0.7597309350967407
f0896da0-c4ca-4f87-8efb-89b1711f5f3e,0.0,0.0
f11512ab-b246-48c7-b84b-1e19b20c3600,0.0,0.0
f144cea1-0bc7-44b4-8ded-0403a7fd23c3,0.8987430930137634,0.9205300807952881
f154a9e5-ffa9-4e0a-a541-38c6de9922ee,0.0,0.0
f17b9476-0c7f-479b-ace5-d8f28598ffca,0.0,0.0
f18232ba-f37f-46ce-a42c-8d5921cd010a,0.0,0.0
f18c951e-bacf-4113-95b3-01c908645ee6,0.0,0.0
f18fc0ab-cbb6-46c5-91f8-c8153911d4b6,0.0,0.0
f20907f9-03f2-4a76-88e5-808c3d703444,0.0,0.0
f214b3da-cdf1-4222-aa64-f10af474236d,0.0,0.0
f232b80c-1d57-4972-8273-22641b1ab51e,0.0,0.0
f271af0f-bd4b-46fa-9413-47e3911a078e,0.0,0.0
f277da70-13b7-4d10-b6ac-0deed186b2ea,0.0,0.0
f29a7cc8-a847-4427-af7f-af9b0cf9a864,1.1648937463760376,1.1932616233825684
f2a8fc80-9473-4943-8258-ff56cfbd4121,0.0,0.0
f2bb4b57-005c-4ee6-b043-fbc93b0f03f4,0.0,0.0
f2d57b73-131f-4555-8740-fc96dba199f0,0.0,0.0
f300e652-664f-471b-b73e-5cff7ff03efc,0.0,0.0
f314bd1e-5ac7-4ff4-b118-7036e21461a5,0.0,0.0
f341f748-5e57-4a83-8cca-b905811dbf74,0.0,0.0
f389d716-61af-435d-94fc-ec4925c9679f,0.0,0.0
f38f0081-8fb5-43de-9f99-f127cc88f45a,0.0,0.0
f39e9833-ae54-4085-a509-d3e04bf08876,0.0,0.0
f3b571ae-6e22-44c6-ada7-9d0816599236,0.0,0.0
f3c99757-7197-44eb-af93-32f5e98ee22a,0.0,0.0
f3d82435-c438-43b6-ae0d-88547bb1d231,0.0,0.0
f3fd7057-7318-4b5c-812a-dadf3a320081,0.0,0.0
f41ca689-bd6c-4f89-bd14-3b05f5d86625,0.0,0.0
f43bbdc1-56fa-4b39-bdbe-1a8643750311,0.5618493556976318,0.5715104937553406
f4460fc2-1ba1-48eb-bcfc-8aed07058e21,0.9148894548416138,0.9356142282485962
f4491345-9234-46b5-a089-64448cb5da75,0.0,0.0
f45286dd-c253-48a1-8660-6b8e984af870,0.0,0.0
f45942d7-a3d8-4be7-b12d-79812c063dde,1.224998950958252,1.3062041997909546
f49fab04-5afd-49d1-bb4c-9de84754475c,0.0,0.0
f4a455a7-d666-47ea-9501-381007b0b2c7,0.0,0.0
f4aebc0b-c324-4dda-ada4-632e481b16dc,0.0,0.0
f4f02cfa-d1ae-4e11-9125-3ea7d1ffdbae,0.0,0.0
f4f70560-6bf7-4a77-b1d6-b9ef3a233262,0.0,0.0
f514cb06-b171-4a88-af61-250e68e27435,0.0,0.0
f5602a4e-d5da-4dc5-b003-3b507927852c,0.0,0.0
f5648b0a-88d0-40c5-8a95-38c5bc85e0fa,0.0,0.0
f589f08e-5aa5-413c-b2ad-8539bc8fa57f,0.0,0.0
f5d1181a-10e0-4a36-8fab-f9b0bc9a0cee,0.0,0.0
f5d1650e-b0a4-4e98-9d51-9d228c330d85,0.0,0.0
f5d409a8-5e05-44a3-aa15-9de8175f8498,0.0,0.0
f61b47d2-15ad-4d0a-89fb-0b74c3e3c907,0.0,0.0
f625b537-f1e2-4702-b6fa-ed5d05287793,0.0,0.0
f6542394-1c6a-4171-8a06-9f4feae4ac6d,0.0,0.0
f67ba6a6-1efe-4984-b07d-eaa764497235,0.0,0.0
f6b2eda5-9bc0-4fe5-8922-4f3334161076,0.0,0.0
f6d23934-6514-4096-b258-3ff40b6ad103,0.0,0.0
f6db2e53-dff7-4297-a753-52519531ba4d,0.0,0.0
f6ef3ab5-65ca-46ad-963d-9f47c928fff8,0.0,0.0
f77e0497-175a-4263-8155-d1e3ffbd7e43,0.0,0.0
f785c850-9e7f-4618-8bd9-a492a45e900c,0.0,0.0
f7944a6b-9f51-4fd2-8d80-4881a0906cca,0.0,0.0
f7a0a732-1b99-4e28-8b0b-ec9fad505475,0.0,0.0
f7cd0b7c-b58f-4213-9e1e-b79d9d00cf7d,0.0,0.0
f7e21bed-6bdc-4188-b0e2-7ed701c68a92,0.0,0.0
f7fd33fc-7d78-46ec-8cfc-8aff5603a032,0.0,0.0
f85bcf49-4827-434f-86cd-499b36aa2c5a,0.0,0.0
f862bf81-b163-40c6-9155-31967311db3c,0.0,0.0
f877a131-767a-4361-b8a3-a720568d828d,0.0,0.0
f87899a1-487d-4251-97c0-711ff3280002,0.0,0.0
f944aa17-f33e-44e7-ab77-32bf7b7a1532,0.5671257972717285,0.5803186893463135
f962ae09-c037-4612-8ae1-fd825144ab4d,0.0,0.0
f965a162-c2be-48be-802e-6fb522ab0dde,0.8407653570175171,0.8239378333091736
f970ae7c-abab-42ec-84eb-a18016553aba,0.0,0.0
f9b16385-c0da-4e0b-9382-b5a68e4eb314,0.0,0.0
f9ba0b2c-57b2-45f0-bd70-1b2d02e2c32c,0.0,0.0
f9e498ca-73b0-42f2-b9cb-bed38ee25187,0.0,0.0
fa7f3703-7141-4045-acca-1dc864e8c7ab,0.0,0.0
fa8da4f9-a370-46b6-b833-392012e9e409,0.0,0.0
fac6337f-1ded-4354-bf1a-d8d311d0203d,0.0,0.0
fadb21f2-e936-49df-bb9f-e1ae2870d9bd,0.0,0.0
faf11941-6e6e-4a14-9378-e657d0b4f7dc,0.0,0.0
faf280a6-1019-4e0c-a5f1-8d656e465c33,0.0,0.0
fb14639a-a0e8-4bb8-b8b1-b18276be7c9b,0.0,0.0
fb32a838-cf3b-47a2-9e22-395a730f4f4f,0.0,0.0
fb4ae91f-ec1f-413d-a658-ee8b62b2a9a7,0.0,0.0
fb603239-7c88-4c6b-adb0-e7c9fc42df4d,0.0,0.0
fb69f009-a89b-4d98-adc2-0da2c21aa419,0.0,0.0
fb8cfbd2-62aa-4f13-b715-bc83ec9836f8,1.0166326761245728,1.0754048824310303
fbb59347-3333-49ec-b318-f9ad80b1181e,0.8846545815467834,0.9013750553131104
fbd8a0f7-660d-43f2-82d0-5fc65d49d5fd,0.0,0.0
fbff914f-9642-4919-aa41-47498a556b3e,0.0,0.0
fc0c67ac-4d28-4dfc-8953-7439418fe583,0.952482283115387,0.9779766798019409
fc0cfde2-f5f2-4910-9dae-27826c27737b,0.6251139044761658,0.6492124199867249
fc1ea758-e573-4034-b29c-9316a69a9b2a,0.0,0.0
fc39aa1c-d7d9-444d-9299-a8ea6262bfbb,0.0,0.0
fc60484f-1caf-439e-8518-c914d5034b08,0.0,0.0
fc60ccee-01b8-470e-92c8-12abd477691a,0.0,0.0
fc6453dd-fca1-4cea-b1d5-096d545528b2,0.0,0.0
fc9b529d-8b59-4023-bae6-e769559752c7,0.0,0.0
fcd80a5e-8e71-4da9-b5ee-758109b454b8,0.0,0.0
fd4d8b81-b0c4-45be-a360-d11e6800d89d,0.8538193702697754,0.8520053029060364
fd969fac-9ff3-44e6-b7cf-7fb2b79c6389,0.0,0.0
fdc20e8c-24d9-4e25-94a6-1f425b0c6f31,0.0,0.0
fdc6fcab-c2bd-4385-bd92-7c29272823fb,0.0,0.0
fdeb8912-f9d1-445d-aadb-e943534f67fe,0.0,0.0
fe0dd85a-e539-4086-90a3-41ee7d7eb619,0.0,0.0
fe39a3e3-259d-443a-8762-d7a2715bb888,0.0,0.0
feb485b1-844a-428c-aed6-61e8418bafd1,1.1142011880874634,1.1941925287246704
feeed695-f94d-4b63-b379-ab38ab50e6b3,0.0,0.0
ff154d74-c550-4614-91ba-c90eefee6471,0.0,0.0
ff1e03df-70de-4a95-ae31-22db4c474247,0.9848901033401488,1.0439633131027222
ff1f572f-f822-49c6-bc4c-1a857362656f,0.0,0.0
ff3ef4e3-afae-4291-b01c-423281e5099c,0.0,0.0
ff40b838-9cda-45dc-aa64-569beef34d74,0.0,0.0
ff4b8656-129b-4062-8df0-944ad8a59768,0.0,0.0
ff8e6082-5360-4c57-883b-c1b1e1ec9967,0.0,0.0
ff965957-55bb-4be5-ae25-5791522f1214,0.0,0.0
fffdfd4a-b421-4766-9df6-935ba7dfe029,0.0,0.0
fffeeca9-73ba-4e6c-a26e-af565d738d4f,0.0,0.0
03428fd9-01cc-4a57-ab6e-f4e8f265c094,0.0,0.0
06442780-9a68-424b-9fbe-0184e7d14d2e,0.0,0.0
0a0ea690-5b73-4459-91d5-a6948d132a48,0.0,0.0
0bd47ec1-0e3c-43bf-a491-534d06beb19f,0.0,0.0
0cda0c4a-405b-4e16-8922-964190929d80,0.0,0.0
0efc68ba-5786-4c54-8028-e6f92efa6757,0.0,0.0
38793f95-324b-4f01-b1a7-45e1c9353bc1,0.0,0.0
42a21eb9-10fd-4986-825b-9ea55ce13935,0.0,0.0
5308a803-69e6-43cd-89db-66e93f9f83af,0.0,0.0
65894307-d4eb-4b2e-a0fa-bd83a102dc30,0.0,0.0
695c7749-a3b8-4158-bd14-59d1f2c3e736,0.0,0.0
875622b7-5253-43d2-8e0f-348767860eb9,0.0,0.0
8ca1aaab-07de-4532-a99f-4ab8bce2f862,0.0,0.0
93b8483d-a510-42ff-865e-33d5a8784dc4,0.0,0.0
a1bd651b-ef6e-442f-8b68-91bc33106427,0.0,0.0
a5080351-033f-4cfa-ad27-019fc84e052c,0.0,0.0
b201e917-4330-456c-9b40-d31a353841ad,0.0,0.0
b7904f06-4067-4952-81ba-e6d64a93eef4,0.0,0.0
c6cb20d8-35e2-4d0a-92e9-b2c823c8d5c5,0.0,0.0
cab8dad3-0e37-4397-b041-7592a82fdcb9,0.0,0.0
d17b55c5-7848-4b79-a735-983aec995c52,0.0,0.0
db765752-b322-449c-a021-fc2f48c0e045,0.0,0.0
f13b1af3-4a79-4c7b-b0ed-89ee3dc7bbd6,0.0,0.0
f1f17cee-3fca-44bc-8974-b72d5f995a4a,0.0,0.0
fdc53e20-d4fd-48b7-865b-fdfb7a0a98a5,0.0,0.0
064d7f3e-8bbd-49cd-b360-5c4590a19b9e,0.0,0.0
10162c55-772d-49d2-8b1b-b1f9c86254b2,0.0,0.0
2222b7b3-f48b-4cea-90bf-8e7245d002ea,0.0,0.0
50d7ad3f-57f0-45e1-911d-b0efff9deb8f,0.0,0.0
6bf06917-011b-4029-8fbe-a8dfea3bc598,0.0,0.0
70e0030c-c6a6-4e0c-99fe-56d7d12264eb,0.0,0.0
7bc3c413-4709-4ddd-a2ad-99f6cad9436c,0.0,0.0
a28a3caf-eea2-414f-8003-62ac82daaafa,0.0,0.0
b59438b9-aadc-4899-9afb-fe71974c5c3a,0.0,0.0
c0568d62-49c7-4d9f-beba-ac0fb3e064c5,0.0,0.0
c7f13d88-b4af-4484-9547-52197f778c08,0.0,0.0
c826aa43-0ef3-4790-9d36-326c257191a5,0.0,0.0
cfe58efd-ce2a-495a-90cd-6826f704ebee,0.0,0.0
dc237027-8dae-4da7-91ec-501701ecd943,0.0,0.0
df7e906a-07f3-4a46-b9a5-0200427c26f7,0.0,0.0
eeb0a123-9482-4946-ab3f-9e63541cb655,0.0,0.0
06ec1554-a0ea-41cf-85f8-43f4b48c7599,0.0,0.0
2f266b81-aad3-4c26-ac69-1bd04a208bf7,0.0,0.0
360f1bcc-aa60-4052-a18a-b33da5745ff4,0.0,0.0
47e625fa-e2df-43ce-84dd-8ac21fdda75a,0.0,0.0
6d0ff6eb-0411-4863-b4e7-90958db98115,0.0,0.0
7a4c6f7d-6bab-4221-93ac-005d30a4f6af,0.0,0.0
8e7f826f-8dc9-490a-9282-98d899a07cc7,0.0,0.0
9474e816-b673-4e6d-83e0-28c274945bef,0.0,0.0
bb65d7a1-a5d5-4c89-9ef9-f0f1db06cc58,0.0,0.0
bfda850c-3027-4e91-afcb-cca5e73e4a03,0.0,0.0
cdb446bc-e801-404f-9911-9ba5c687f6af,0.0,0.0
cde149fe-708b-4a35-bea8-959eb9da4e0b,0.0,0.0
cdfc27f0-b990-45f7-bac6-7c674cd157ac,0.0,0.0
dc31c331-837b-4b59-b184-051321e9489c,0.0,0.0
e6d48180-814d-494b-99cc-0be5cd1a0eaf,0.0,0.0
0a820e12-033b-45d6-9ef9-d70f4c5e5b63,0.0,0.0
19b5e6ce-c1a0-4cce-85f5-248c9f1abb6e,0.0,0.0
20b97bae-60d6-466d-aca9-334d9b2d63b6,0.0,0.0
24cd85fa-6aee-4556-bb8a-b6696eb72a19,0.0,0.0
55d3e9a6-e153-43c3-a66c-cd60711ff4a9,0.0,0.0
58c7b21d-f68f-4293-907b-34d0a0976bab,0.0,0.0
7b636fe2-1760-45c5-afce-505f2e927163,0.0,0.0
9813294e-a28e-45c0-976d-a6fa65d87927,0.0,0.0
ad44deb7-e56d-47bd-8d64-7147493e0aee,0.0,0.0
ad9f3d28-ef5a-4851-a5e4-5e2f7b63d17b,0.0,0.0
b350f97c-d836-4057-a19b-b57b735460be,0.0,0.0
ba4b2f3f-c8e3-4535-9781-426e4f77ba4c,0.0,0.0
0aeaffd7-9089-49e7-85ad-2314f32cbf7c,0.0,0.0
1135e377-22e6-4290-b4cd-e6739de7fd8a,0.0,0.0
43be1328-02b0-4cc1-8e9b-75842908cee3,0.0,0.0
972ab3b1-7445-4f57-a1a1-c3be4c257869,0.0,0.0
a2588440-600e-41da-b2b9-1f5632ecdef6,0.0,0.0
c0e85162-6ff4-401b-b01e-cc6d7a51eac0,0.0,0.0
eb1d889a-c427-49e1-95a1-fa6577002c9b,0.0,0.0
f6a782f0-4b17-4989-815c-2398b77b09dd,0.0,0.0
fa92fd14-b8db-48b2-be54-f57db0a05bda,0.0,0.0
0b9543d3-3cf9-4f28-b8eb-fd22c1956153,0.0,0.0
0d0b742e-c324-4140-8f62-746210d79080,0.0,0.0
2f5c1968-2c34-4539-a9f4-38298d0de925,0.0,0.5155182480812073
89a7b0ef-1ec8-490f-9207-c93aa57a147f,0.0,0.5246169567108154
a4256362-b0c9-403a-8703-f6d8d7263e47,0.0,0.0
b5d7b6b8-4e5d-4b5e-8976-c72e99f57769,0.0,0.0
c59f438c-f00a-476a-938e-efd828e0d083,0.0,0.0
f78ea076-10a1-45dc-a848-c08e129c6a28,1.0272306203842163,1.217206597328186
14c19b34-6359-4d3f-865e-0b9852a0e958,0.0,0.0
3b5bfd37-070c-4ee9-a470-c9338851e270,0.0,0.0
47328cb4-c97b-41a8-b889-2e2843a7810a,0.0,0.0
8116acfb-8035-4d34-b9b9-b0af2c5697df,0.0,0.0
ab89875f-3b86-4c6a-8d66-767017570dfc,0.0,0.0
1f022144-2f46-41bd-9fa6-e02701cf7843,0.0,0.0
23dfda94-2d02-40cc-86b4-f6a775778cc5,0.0,0.0
2ca6a37f-67f5-4905-864b-ddf98d956ebb,0.0,0.0
6afdc499-9686-4451-b207-13df777df662,0.0,0.0
9c43edf0-541f-4dbb-9fe1-42cc83d453bd,0.0,0.0
e3473791-6153-49bc-a2ed-0b1e3e243942,0.0,0.0
efada0af-09bf-4013-a1c6-0837f8ff59c5,0.0,0.0
3330a979-98df-4a38-ac3f-0b45374f8e3d,0.0,0.0
36b98590-a7e6-4e00-8c7d-f0f3d25bafec,0.0,0.0
440d7558-67fd-43b4-826b-26d02663f871,0.0,0.0
4f13c5e6-14c0-44cf-a2b0-4ef9bb3704fd,0.0,0.0
830bc2b9-592d-4334-842a-213ba4c0a347,0.0,0.0
af0463d4-f20f-4d13-bd0f-5834e2e8717b,0.0,0.0
b1077b69-4b02-458e-8a4b-e68695ac534f,0.0,0.0
bed107c2-b132-4425-a6ca-7187ba178a56,0.0,0.0
c66f40ed-f72e-4012-991c-1f3726e5c8ad,0.0,0.0
cacaa17b-0b1b-4fe2-a4c1-7728e6c154c1,0.0,0.0
cfd2c7fc-c29a-4a32-a11d-d04fa2dd660d,0.0,0.0
da6ce150-5daf-4a91-9fdd-a85854462b08,0.0,0.0
f3332d55-ecc8-4644-9deb-180e42abb2eb,0.0,0.0
355693c4-a8a9-40ee-b669-2dabce1d64a8,0.0,0.0
65565709-caca-4ed5-a8b6-2794da371708,0.925750732421875,0.588022768497467
7cf8af73-1abf-40ad-9788-0d757201eeb0,0.0,0.0
38c54275-89ca-48e7-b8e6-c6ef320622f3,0.0,0.0
408b4482-ff63-4a1f-9cf9-ca820cd51b39,0.0,0.0
631ed3c9-7863-4e7c-86fa-4bfb043f2851,0.0,0.0
78ccacb3-4eb9-4d95-b244-f3a709e39fd1,0.0,0.0
a6a9febf-ea16-4223-83d4-8e459e2af85a,0.0,0.0
acfd6255-f873-4901-8c9f-628c451eb190,0.0,0.0
c07ab5f6-14a9-4b0b-a9af-9f7db6e8c220,0.0,0.0
c64f2bf3-90f0-4a96-b3a8-9f8db46dce92,0.0,0.0
e27143af-fdc0-4f6f-8a28-f57b78da75dc,0.0,0.0
517aefce-a617-4251-acb9-c5faf0b7fdf3,0.0,0.0
630bae26-a6cc-4a36-bbe5-40dc15b38dea,1.730911135673523,1.7896058559417725
80534a9b-0113-4fbe-99b1-7eac48719333,0.0,0.0
9ea23099-dd30-4b26-9de7-5d42d5dae87b,0.0,0.0
eab40c22-0c15-4291-a6ce-e085a7f0f1e4,0.0,0.0
f3e36cea-5eb2-495a-87f4-947395f325b0,0.7304738163948059,0.8532523512840271
5e252b65-58dd-421f-a0db-3d4669bfb235,0.0,0.0
71f41513-6ac9-4d2e-97eb-6cd3b84f7043,0.0,0.0
7acd0d51-ff30-42a3-9338-590432bd0e43,0.0,0.0
8b648393-5e66-40f7-b30c-e9d9f7fd6061,0.0,0.0
8edd6091-10fa-4617-8dc8-e0ce1d5b84f7,0.0,0.0
96dd9517-6638-4c13-9d92-a13020901147,0.0,0.0
a6861fc3-2315-451b-9b95-c06d1ea96b4b,0.0,0.0
b98777af-0c7c-44f7-9c03-85d6d412856c,0.0,0.0
bdfabeb0-dc16-49d3-8fac-a467e8f9d4e1,0.0,0.0
e13f9c1b-dca0-4c63-a64c-76f6bc725156,0.0,0.0
ea185683-4427-44c3-84e1-706cf16781ce,0.0,0.0
fe33672e-7ea7-4c5d-8639-96b2cc7edb0c,0.0,0.0
6ed4c686-3856-4ad9-a850-8bca46d3dd75,11.078375816345217,14.144387245178223
99a2d4a9-63a0-43a7-976d-2a1ed822186d,0.0,0.5748347043991089
d37ccc2e-7127-48ec-9425-2e77681c3635,0.5639912486076355,0.5863422155380249
dca30f20-582e-40ef-be6d-aa7858be4baa,2.241496086120605,3.290689468383789
dd7f64aa-3556-409b-bc86-71dc28b6fd45,3.116480588912964,4.786052227020264
